0 0 1000 1000
10001
385 448
767 550
949 32
301 491
629 27
51 464
119 864
62 101
318 27
53 510
122 115
337 40
760 897
862 679
806 784
97 58
881 140
363 443
459 905
789 551
266 510
274 859
558 389
403 515
948 315
394 695
409 37
144 520
634 384
386 53
504 274
30 354
104 340
899 803
477 814
527 177
246 918
628 754
414 502
567 744
737 926
360 939
504 395
387 813
550 282
753 870
723 210
202 767
654 339
213 862
287 582
230 48
868 39
684 218
400 459
689 333
625 806
730 105
871 44
298 411
592 400
284 284
243 246
941 288
261 300
691 113
622 279
589 102
150 698
828 347
852 741
883 54
81 598
342 639
135 834
64 365
697 49
661 126
666 470
158 0
784 691
555 868
150 819
995 645
186 247
52 18
958 763
507 827
496 409
176 993
699 768
643 873
352 889
481 545
131 432
444 663
39 843
185 668
4 593
102 899
391 773
399 368
724 653
755 3
932 602
999 363
135 258
618 937
19 83
252 25
26 207
614 643
223 492
856 176
861 254
245 22
613 943
300 483
16 724
590 959
165 29
321 17
636 846
679 250
422 594
661 610
507 143
956 6
856 68
806 476
553 259
759 364
308 199
915 877
382 148
404 661
455 892
646 194
510 599
18 625
615 615
780 194
706 245
716 667
673 31
62 143
399 731
521 428
22 515
545 556
503 559
924 323
791 962
973 710
351 138
169 161
697 546
210 687
755 487
342 89
449 969
204 613
796 259
56 220
773 541
9 145
319 859
864 659
666 149
179 556
258 849
222 926
478 852
574 331
799 678
582 680
375 616
64 754
691 852
534 380
873 600
997 141
198 690
225 793
640 806
146 271
5 524
813 963
390 631
343 556
692 673
890 954
477 519
31 927
365 49
788 906
172 408
502 54
937 211
556 785
661 47
88 451
745 455
910 788
132 457
228 165
32 290
388 154
706 729
111 519
61 698
840 436
611 576
936 144
910 909
886 286
619 171
724 224
517 160
154 108
849 633
257 758
95 696
378 755
56 475
231 476
790 174
960 622
160 532
523 355
421 573
385 650
500 637
49 701
453 525
613 514
76 538
604 694
323 186
111 532
988 576
917 107
559 399
79 994
905 807
638 463
435 363
453 417
272 342
972 982
956 974
856 807
928 646
399 302
872 751
989 104
662 941
209 407
985 628
295 181
462 358
355 232
24 361
645 708
153 771
409 697
72 846
758 356
1 148
372 815
532 538
110 549
213 4
66 250
570 12
733 942
360 202
286 253
948 638
882 247
1 498
791 654
307 312
212 718
633 711
148 962
946 942
421 828
966 362
214 498
314 436
597 7
332 490
201 7
524 431
128 431
818 649
983 945
675 600
711 257
945 195
105 484
586 491
61 377
787 252
503 493
410 265
778 432
499 724
172 329
724 842
605 662
302 853
102 270
360 794
489 716
740 32
855 773
103 909
43 629
29 731
115 734
794 534
211 213
51 224
601 893
661 678
532 793
737 902
405 200
971 840
470 558
809 778
76 927
492 842
175 906
385 450
514 372
522 196
847 252
193 923
26 517
645 37
226 319
171 383
83 270
88 614
797 845
745 389
170 912
161 863
480 845
34 270
75 796
559 91
192 563
963 440
935 378
12 861
714 150
860 204
433 396
856 499
364 525
603 807
105 42
79 807
927 379
65 643
280 568
371 686
25 278
632 461
733 284
347 743
139 528
689 443
890 204
322 686
127 181
944 440
216 933
333 286
169 821
678 698
874 344
459 102
245 816
713 921
386 526
408 56
314 128
869 387
442 808
134 463
249 413
992 228
436 239
128 123
735 572
281 890
716 293
251 459
146 931
859 49
971 290
453 593
816 416
217 582
631 865
648 539
416 647
220 772
605 583
586 304
691 357
149 74
168 316
995 768
362 303
959 293
224 598
513 472
31 432
143 673
191 421
688 473
558 888
811 314
733 889
189 496
538 421
722 996
973 578
959 414
157 958
367 539
174 373
370 19
628 543
587 542
461 137
633 658
397 647
523 786
884 11
908 368
457 432
737 715
498 204
374 663
267 537
883 540
864 298
984 592
411 959
538 542
266 83
78 786
678 256
153 142
927 997
526 424
167 720
544 966
695 610
285 446
500 371
744 731
422 717
615 846
656 655
12 553
215 912
834 661
56 330
861 269
969 68
597 196
249 910
395 964
863 315
7 330
733 205
721 905
997 251
391 441
644 621
9 147
914 253
148 454
962 967
468 432
406 749
257 626
217 32
661 975
807 800
309 35
195 916
83 446
336 626
231 344
429 854
542 731
201 438
196 94
867 33
836 454
183 798
202 811
491 685
305 266
178 225
90 112
511 105
208 333
232 690
442 271
562 565
483 43
168 934
80 821
699 570
47 644
960 382
225 916
808 742
272 210
939 673
805 444
455 331
975 626
875 688
23 408
31 3
437 462
695 986
168 8
374 113
202 824
575 103
255 687
186 62
590 640
700 283
552 119
507 871
651 98
708 403
523 586
762 868
146 636
779 283
99 524
252 766
200 347
879 635
172 773
805 457
115 239
791 522
390 178
156 11
708 753
798 683
471 288
729 812
484 227
952 103
965 42
361 830
827 337
679 173
226 871
651 111
730 404
432 481
246 62
316 535
297 293
371 996
608 643
80 258
121 67
948 748
626 697
967 761
303 946
14 843
838 58
375 68
191 247
499 363
798 925
55 615
569 836
727 227
577 956
217 650
905 233
236 663
253 307
561 194
791 885
863 7
340 720
106 553
601 761
367 594
652 992
96 774
130 129
861 82
262 19
363 71
24 605
382 84
883 366
189 672
657 23
557 839
920 662
555 12
469 726
838 71
497 7
991 313
481 965
658 369
897 651
71 838
551 243
468 474
308 256
781 705
968 531
395 898
813 657
1 513
389 595
609 598
31 621
912 141
172 331
8 903
548 93
682 847
842 82
131 973
24 618
313 492
789 421
648 970
472 485
334 780
351 195
320 616
342 375
497 20
282 95
829 493
856 367
228 798
597 372
770 34
290 629
730 901
274 621
967 319
540 511
149 855
22 814
658 732
652 429
377 224
198 747
449 329
46 619
561 570
901 904
519 802
725 907
681 83
263 95
631 262
259 619
746 737
64 114
944 429
321 450
981 496
56 640
892 912
914 671
64 6
867 330
848 88
294 468
22 9
238 802
608 335
780 856
981 846
458 576
929 161
600 925
667 686
400 571
111 468
350 750
993 856
499 55
643 743
789 797
426 745
393 568
546 810
324 468
76 366
473 2
521 753
292 930
483 232
56 653
895 405
788 279
889 102
734 982
894 217
756 512
489 397
253 120
497 746
874 467
84 348
989 979
942 638
697 282
582 66
905 985
31 192
110 256
710 746
536 593
838 931
29 533
626 523
172 841
693 284
192 2
139 664
404 181
235 372
482 249
600 241
894 459
980 462
89 25
613 705
234 120
733 770
762 10
180 823
385 23
156 200
331 955
702 639
721 652
256 552
366 195
493 236
686 136
278 82
448 722
355 302
914 0
995 891
869 523
777 934
925 832
152 845
269 198
921 124
969 875
413 657
705 765
237 431
341 488
814 937
781 760
728 668
583 21
483 837
407 963
173 796
42 313
484 658
355 544
369 442
864 421
377 37
0 87
220 319
146 141
973 822
555 80
849 261
367 783
774 612
870 320
644 502
556 426
470 386
578 148
449 263
258 732
385 507
197 227
389 663
494 450
705 899
359 262
460 314
718 838
107 684
50 150
456 343
500 386
178 335
188 794
496 910
241 620
661 977
956 602
194 50
586 803
455 91
842 500
634 322
952 897
41 451
79 743
638 441
624 277
753 916
882 801
476 150
178 456
200 215
632 626
296 448
213 679
939 554
194 400
39 526
37 453
942 559
42 797
391 685
859 790
749 164
113 448
404 920
932 285
333 222
799 924
651 797
747 505
828 164
320 926
750 510
552 0
813 41
455 333
322 743
224 171
839 444
440 698
985 269
274 931
804 342
615 177
381 10
410 711
363 865
64 303
951 806
863 922
159 577
118 539
971 226
351 518
915 331
901 167
842 984
577 6
246 172
847 806
659 755
454 57
786 530
428 593
987 291
925 645
550 704
484 350
999 301
234 175
38 300
227 953
767 180
937 820
144 955
823 984
276 357
155 296
796 63
527 841
508 599
439 994
849 74
785 355
958 246
996 538
182 550
722 6
944 873
556 468
878 253
308 366
728 723
20 902
780 361
515 844
188 486
343 360
174 322
991 544
127 964
171 24
65 500
660 417
7 266
664 307
91 674
645 28
853 960
383 553
966 608
571 200
504 964
139 277
801 662
221 87
639 371
501 141
914 310
52 803
179 615
583 439
371 785
555 377
192 325
674 328
109 556
747 547
226 323
78 159
317 441
933 444
726 380
812 383
316 216
299 572
412 449
374 157
866 619
582 860
953 507
189 111
75 800
460 382
162 688
248 691
360 932
437 398
660 901
605 211
187 223
1 999
95 634
293 878
581 793
565 519
769 26
327 876
93 709
17 162
784 563
335 471
605 103
828 340
673 466
929 163
667 917
262 868
861 702
778 933
246 106
881 388
5 717
894 327
674 812
677 329
296 637
623 766
373 66
417 109
840 737
974 700
292 114
374 412
797 515
837 816
336 830
522 697
429 469
580 638
19 76
277 600
689 810
675 646
127 548
507 15
944 807
32 954
16 717
962 595
321 10
104 12
92 712
307 600
548 726
592 998
862 364
201 884
894 811
844 990
400 10
691 482
584 356
993 295
84 713
593 590
791 834
32 28
963 123
251 826
623 203
301 189
578 955
232 318
99 957
691 603
534 131
653 82
952 644
281 210
987 601
352 90
1000 540
761 29
427 678
375 488
824 85
502 34
223 619
639 534
372 190
355 546
2 916
313 549
263 957
640 678
13 28
453 34
802 942
351 252
948 242
136 98
402 971
78 93
281 452
881 188
50 31
704 555
148 337
110 45
84 847
886 37
607 622
407 268
720 499
529 968
269 563
482 856
164 52
91 971
380 845
898 542
282 273
860 21
8 973
311 745
199 275
904 27
715 276
613 265
67 735
783 676
820 743
768 553
859 671
64 171
578 392
449 278
858 446
216 979
407 281
219 230
38 155
21 511
967 618
291 106
392 158
134 388
282 286
934 212
209 976
534 507
570 918
143 356
924 921
726 448
776 794
96 281
559 271
891 744
63 858
627 442
140 58
527 467
981 674
272 214
116 869
842 744
735 618
644 759
298 351
353 58
806 40
503 231
467 574
651 920
300 168
668 335
544 757
976 451
771 985
750 633
323 300
918 446
106 302
787 929
964 333
377 765
96 523
145 415
167 174
7 939
580 343
53 826
120 587
414 805
82 66
142 117
212 590
28 769
554 290
843 164
951 929
756 690
747 870
866 821
470 67
594 362
180 759
818 521
422 521
496 470
1000 232
119 483
969 690
821 526
265 308
769 107
569 948
407 886
402 542
310 724
239 26
280 64
698 577
307 655
240 665
904 416
389 236
1000 124
490 776
292 303
894 637
317 67
38 423
160 83
786 545
340 953
794 406
598 494
689 878
381 725
255 357
172 322
289 907
227 29
504 832
559 768
67 77
999 774
135 211
219 848
641 19
326 947
469 730
357 260
940 581
632 199
298 848
256 851
218 330
858 956
364 155
300 665
902 999
432 30
38 665
858 138
156 620
717 953
238 201
311 679
462 848
152 97
11 912
374 735
680 253
826 307
468 599
574 500
385 335
868 718
183 386
403 618
193 808
177 800
958 611
779 905
70 445
383 905
906 192
708 207
176 612
474 40
79 679
738 315
60 400
720 675
338 381
104 214
869 17
691 913
405 556
804 36
124 277
573 103
5 585
471 92
817 500
13 446
505 908
579 857
868 731
838 559
356 519
43 59
175 215
653 742
245 459
9 448
518 325
776 849
877 901
817 621
316 339
472 852
654 334
475 857
221 223
909 560
18 123
147 8
138 454
955 447
325 280
807 54
792 160
847 621
351 683
814 444
893 737
915 496
781 38
54 167
548 473
157 817
284 400
146 924
657 874
927 735
402 355
462 406
622 395
283 175
632 817
52 242
164 483
260 945
703 468
364 773
207 301
582 178
652 688
567 55
911 619
173 653
412 935
173 424
590 941
910 165
249 648
548 715
417 232
787 997
78 537
248 948
726 758
160 835
320 70
600 353
880 407
572 291
135 24
995 882
332 538
841 415
400 938
111 835
298 661
628 307
903 246
452 310
567 68
570 302
162 248
170 597
299 253
120 776
753 423
598 549
720 246
312 946
735 820
881 874
576 238
825 713
856 63
451 243
910 528
192 248
846 772
271 312
785 533
386 787
744 495
224 725
26 215
53 89
92 17
825 834
16 961
635 710
924 318
249 903
321 254
142 548
830 131
472 423
849 144
18 741
164 41
501 895
150 143
683 606
898 531
344 911
360 855
132 210
546 493
86 737
243 980
549 498
865 246
612 29
139 105
620 149
635 952
36 98
542 495
817 434
822 778
113 89
49 562
16 385
902 249
848 952
306 632
516 213
190 686
501 319
778 627
467 442
742 381
16 277
731 488
884 730
521 678
772 260
378 858
410 810
331 288
523 458
849 399
577 694
527 348
134 390
48 350
438 801
937 219
111 406
367 332
124 345
850 974
456 818
633 222
330 450
605 389
113 452
100 927
883 104
650 805
282 409
794 32
97 592
628 228
476 625
946 574
151 828
426 804
159 689
302 243
718 158
126 246
828 289
153 874
514 99
731 622
409 571
593 163
156 125
920 292
460 802
823 625
553 764
699 818
936 502
41 818
36 245
256 477
319 533
722 923
106 654
956 861
345 707
436 300
133 299
876 572
576 51
359 53
252 893
190 15
148 18
194 659
926 56
100 243
499 477
509 936
812 708
435 721
321 885
74 190
225 359
657 16
10 434
483 883
271 475
698 579
500 69
935 226
554 534
347 241
438 359
536 665
448 781
773 349
195 372
322 413
424 195
933 301
379 947
514 354
529 891
178 139
417 421
904 768
54 369
909 883
614 706
939 237
416 950
433 365
851 124
765 838
686 316
797 827
957 779
612 781
772 770
963 301
455 834
422 657
496 606
274 493
628 725
296 23
196 839
825 781
80 627
768 247
620 83
933 314
580 950
504 137
793 11
523 150
612 902
151 278
233 88
541 204
646 257
439 193
493 429
264 340
565 268
74 445
607 679
1 869
758 848
618 545
687 150
637 558
53 507
397 842
667 437
870 271
406 810
101 928
324 448
403 512
530 553
315 399
70 797
740 511
776 730
822 846
555 731
290 985
756 492
417 797
274 977
852 725
315 520
282 572
326 615
815 577
861 922
529 220
479 628
226 448
4 106
119 56
905 736
738 559
270 225
110 236
812 279
352 523
319 346
926 795
131 295
351 564
580 158
910 33
301 743
736 634
409 276
309 338
433 633
362 164
996 221
839 274
140 236
711 991
48 647
86 939
596 223
504 634
564 685
457 293
145 701
761 704
819 911
240 709
703 470
763 750
702 511
807 298
22 486
16 937
663 519
878 178
401 519
286 303
970 181
629 642
436 247
501 642
711 186
477 19
740 658
847 986
410 194
219 663
492 529
693 290
987 242
124 776
678 130
267 532
814 930
230 650
569 79
32 140
505 589
835 235
936 812
208 73
873 463
823 117
914 235
52 728
759 361
456 323
146 363
115 784
483 951
261 84
849 25
866 194
329 255
517 949
388 835
190 325
38 951
184 776
793 66
640 790
349 318
841 551
789 361
505 831
711 670
477 503
871 659
279 784
950 952
659 22
72 454
185 331
42 548
69 156
308 438
247 428
44 99
945 729
802 946
612 31
823 480
988 318
710 310
491 909
257 742
665 567
260 747
524 39
639 780
601 259
205 30
413 208
633 211
607 747
775 560
453 509
797 319
1000 907
706 726
926 729
659 614
346 154
265 983
686 976
92 503
204 744
997 380
554 39
974 396
373 930
892 34
145 514
401 211
241 747
810 675
105 334
757 748
872 506
99 519
333 457
701 624
742 625
281 1
348 994
301 919
879 630
956 850
708 748
937 342
174 60
234 865
788 219
862 168
646 809
322 160
731 853
590 877
595 992
851 689
395 409
288 283
955 746
790 184
834 456
256 479
443 571
503 356
699 2
919 271
179 232
934 808
616 4
48 715
417 60
592 815
857 66
449 766
311 307
218 79
154 589
966 467
65 251
896 408
385 192
990 43
818 754
912 123
36 718
17 476
564 874
402 546
687 944
281 256
186 662
164 903
809 641
597 233
442 884
607 426
863 123
899 305
441 659
941 945
232 256
8 777
777 56
77 382
650 15
37 17
383 425
916 888
377 85
833 890
855 649
275 74
356 965
10 557
968 526
445 485
290 611
684 767
202 498
697 706
857 429
530 71
466 544
875 483
584 536
859 475
518 182
418 244
602 590
5 334
294 208
940 585
219 34
78 849
334 775
246 662
318 13
136 36
769 703
466 436
543 131
719 616
144 385
428 144
919 647
318 952
748 765
385 447
665 730
541 206
686 789
510 75
980 778
424 560
245 329
267 842
501 26
974 209
363 321
836 504
478 796
788 958
222 52
700 91
824 386
925 209
713 555
281 861
704 964
658 619
79 912
886 446
927 255
22 112
668 260
697 961
460 496
735 435
931 81
831 897
191 42
676 794
807 45
533 974
426 619
663 266
646 622
35 697
11 111
315 751
516 512
268 410
653 746
6 181
364 643
749 225
882 983
383 104
902 669
164 474
692 859
29 286
557 405
717 394
171 864
818 446
340 407
479 751
782 523
680 741
565 525
905 859
399 233
242 515
911 381
369 61
183 874
470 113
585 625
879 577
552 182
903 934
433 756
257 5
274 174
644 939
721 634
146 928
569 765
691 462
622 628
627 972
443 397
61 66
350 169
107 182
81 947
767 457
469 534
156 74
479 993
427 537
592 870
567 59
332 421
662 67
627 46
221 590
937 760
216 246
68 82
812 994
96 824
595 13
223 370
75 243
639 285
896 355
351 3
721 768
110 843
399 717
996 707
810 288
619 720
311 604
814 932
281 203
411 956
385 260
954 188
439 237
78 783
274 429
733 189
821 827
375 252
545 892
270 724
125 306
572 766
61 550
402 614
570 427
680 70
704 656
272 999
800 889
836 546
901 712
156 558
536 25
940 640
491 548
525 132
642 717
92 21
517 722
754 369
184 778
203 791
5 281
354 435
712 897
211 386
775 428
711 672
158 496
672 717
80 805
61 563
93 744
74 502
896 839
44 101
496 905
361 680
347 782
122 169
306 515
732 623
909 256
919 715
360 980
399 154
561 741
46 561
321 271
429 33
852 890
269 569
40 746
594 100
310 341
549 623
337 215
409 320
502 282
432 223
955 264
3 46
817 559
151 698
687 449
174 867
841 98
199 631
875 914
6 236
449 513
421 680
691 275
981 788
695 165
716 224
704 924
246 46
485 328
812 457
110 185
330 454
127 354
941 342
603 283
486 701
214 242
539 564
86 996
189 185
739 329
254 580
188 226
36 586
91 293
490 527
803 758
756 683
866 814
599 699
93 73
179 113
827 334
507 881
452 945
813 170
73 360
799 235
692 109
986 327
625 873
130 113
319 766
66 357
324 881
219 599
549 999
979 58
901 633
684 406
255 229
499 589
366 245
888 815
547 522
887 590
150 68
632 71
293 376
444 20
516 125
958 241
581 291
603 538
145 892
869 923
401 589
47 91
831 173
390 430
362 597
417 304
480 589
867 998
435 846
438 592
751 823
223 438
658 366
33 543
336 315
131 849
349 254
178 143
990 58
978 721
752 644
921 187
714 123
604 251
475 366
347 366
218 444
796 421
168 623
726 362
487 605
511 962
984 657
132 148
803 87
343 597
659 308
380 893
688 780
956 302
94 795
639 595
400 84
806 772
85 975
859 598
432 265
602 713
968 770
770 31
939 483
461 444
218 686
414 369
457 968
636 216
947 832
997 424
565 272
993 719
143 283
863 609
627 369
971 142
307 916
503 37
408 968
943 80
819 539
727 950
950 204
661 101
603 96
99 105
375 683
230 36
684 206
887 40
364 753
204 801
93 933
105 41
867 327
762 799
877 786
944 547
541 571
682 281
976 499
986 958
659 563
15 232
450 160
441 340
969 725
496 47
231 530
565 635
9 683
437 635
624 461
820 107
443 157
467 514
795 279
217 339
547 214
487 163
786 230
906 561
717 396
328 584
739 155
734 40
422 448
909 566
890 324
931 96
941 518
836 990
247 861
875 164
820 228
484 279
388 342
481 533
603 230
197 774
957 462
126 76
56 1000
157 823
711 177
821 574
718 338
420 644
109 230
620 934
4 702
275 936
27 834
770 649
121 469
897 690
80 202
52 369
356 780
483 821
304 590
753 416
648 888
955 816
375 241
91 711
86 367
576 2
829 182
770 999
947 403
281 313
525 939
676 354
233 13
706 462
486 193
224 947
155 359
351 5
862 709
196 885
917 416
953 73
889 583
366 542
586 545
218 149
245 252
811 663
27 29
786 606
598 784
49 313
568 878
991 715
824 309
713 249
231 209
792 542
869 991
489 770
143 96
24 670
845 139
850 483
509 190
423 904
65 442
454 254
73 791
178 90
788 773
325 783
287 491
576 365
669 327
501 191
625 257
313 894
179 665
13 373
533 668
472 658
434 137
475 663
394 738
502 271
787 669
620 263
298 212
798 535
387 735
96 34
10 748
81 628
81 399
554 848
442 378
464 137
70 506
796 381
892 843
656 78
518 373
588 846
877 720
8 271
63 732
715 392
897 140
417 735
35 404
150 391
81 520
855 143
934 436
664 612
139 461
512 972
161 220
20 281
419 515
102 579
864 902
922 318
564 610
737 43
477 870
291 222
98 56
263 389
934 557
444 464
58 923
956 841
235 61
248 754
628 221
867 274
44 695
765 226
44 466
682 228
470 49
327 0
626 562
442 741
717 451
37 692
106 297
964 557
202 5
212 464
642 277
224 289
950 164
380 48
242 572
99 523
761 871
603 56
30 423
847 911
315 821
337 580
82 61
720 52
689 510
725 167
155 51
933 870
848 503
270 526
220 934
316 642
816 699
938 396
52 303
318 688
342 816
939 806
595 996
574 119
4 757
251 634
990 973
341 298
473 188
846 699
230 467
106 660
72 29
452 250
360 661
998 689
129 11
907 830
349 14
175 881
225 473
510 642
68 260
866 240
370 73
731 52
633 712
540 484
199 191
782 17
825 653
231 143
84 884
79 540
404 825
887 713
849 192
202 381
766 423
647 997
480 591
939 351
34 16
77 615
311 553
56 263
140 671
55 38
249 843
544 202
854 364
842 310
928 313
358 197
878 492
184 835
910 710
827 941
192 430
995 259
114 510
59 22
102 392
594 854
910 831
258 905
74 330
5 459
165 448
473 564
638 372
335 105
594 36
291 264
747 315
370 328
659 202
62 212
755 664
311 916
314 921
47 806
157 449
418 261
349 390
202 865
420 270
494 973
309 210
496 36
418 611
0 623
476 323
159 387
412 567
594 49
695 101
958 740
653 858
441 450
157 691
47 819
537 683
210 288
416 164
572 152
407 344
114 994
883 44
604 629
24 54
970 161
466 924
216 224
37 518
616 868
738 565
5 943
527 759
883 394
693 270
920 461
648 756
978 402
582 173
518 683
490 584
311 353
536 700
536 471
873 93
472 981
976 743
766 933
819 796
387 119
612 466
598 531
106 594
307 584
763 635
9 927
212 761
551 981
625 930
7 63
26 76
12 178
669 182
297 576
278 297
961 327
727 160
913 579
966 405
737 582
616 292
74 9
97 895
563 402
367 527
964 517
169 246
972 112
581 456
817 992
550 877
784 815
338 994
842 2
355 409
88 294
470 359
704 297
962 821
444 895
46 297
170 592
561 248
836 187
745 69
660 227
610 635
541 10
59 761
105 877
274 420
711 192
100 304
638 882
796 7
157 20
324 951
699 74
976 877
902 928
79 366
192 243
409 766
385 143
720 133
23 959
958 419
416 890
694 80
594 896
303 195
65 552
693 646
808 367
954 421
403 547
325 893
669 437
378 490
364 326
314 734
988 190
338 310
417 603
582 899
515 909
279 898
191 785
521 431
989 536
345 434
768 537
56 331
782 206
350 549
735 131
974 376
215 324
397 72
691 24
530 372
442 488
116 732
787 671
603 850
721 317
284 87
294 509
156 804
963 375
357 794
949 440
522 144
72 810
772 255
273 571
402 981
413 322
354 910
163 147
657 453
839 430
677 368
401 204
869 309
10 53
70 858
20 283
290 107
501 327
965 956
344 343
215 458
757 741
311 166
385 869
266 689
825 387
990 720
847 671
150 743
164 412
141 923
640 341
725 156
312 512
699 692
652 846
105 219
509 797
22 184
674 864
132 581
555 913
715 636
773 89
200 456
269 815
384 802
2 700
461 756
189 297
408 341
699 813
293 125
151 944
569 703
247 689
238 869
489 451
373 239
863 103
142 343
221 636
491 231
284 692
611 821
124 474
320 120
657 937
581 161
619 416
572 341
820 177
388 520
352 826
80 138
258 410
349 3
290 362
128 300
320 470
996 753
504 816
3 534
228 652
80 488
489 693
327 365
762 293
6 724
885 400
747 170
458 67
535 516
623 134
562 124
591 825
37 10
742 994
489 585
520 652
962 768
652 54
373 373
937 940
422 760
518 993
48 24
380 534
256 727
778 543
341 542
886 76
877 522
426 357
863 358
766 425
463 653
174 550
334 539
480 822
48 145
301 362
442 72
906 176
490 786
359 303
37 252
942 358
811 841
55 40
583 425
225 488
299 437
949 253
508 22
976 127
577 381
568 827
293 622
236 88
131 35
475 599
912 600
75 665
328 91
653 376
732 669
281 733
620 199
331 96
284 250
587 22
308 607
284 21
933 430
616 494
384 602
348 679
296 260
996 900
158 555
864 946
504 374
640 972
275 322
132 502
531 19
154 32
379 379
668 253
838 664
158 676
667 553
773 720
229 327
363 556
387 913
463 908
731 430
199 569
610 140
391 739
928 449
262 625
119 51
229 677
440 631
541 683
773 23
343 964
489 264
608 215
558 623
697 967
972 906
623 752
461 690
493 908
176 972
890 315
754 683
389 33
821 444
996 216
564 559
13 685
453 691
95 754
117 513
640 288
442 569
901 329
794 203
529 457
633 514
499 285
191 169
581 95
206 935
932 581
806 213
252 822
663 393
773 36
654 573
833 575
939 971
213 867
953 640
180 690
240 704
431 6
133 349
740 761
377 709
671 927
807 522
504 750
416 637
653 55
603 463
888 632
445 291
997 804
54 177
854 755
475 170
816 877
809 460
192 232
138 935
881 979
769 509
375 353
34 60
278 420
383 473
118 956
861 246
30 843
594 656
974 123
869 632
290 659
398 192
945 590
790 716
563 296
544 17
633 769
461 19
894 810
746 646
209 707
620 12
902 930
69 138
680 63
253 484
588 474
161 895
846 769
82 373
367 1000
866 418
105 1000
654 10
950 826
532 838
361 431
996 713
942 184
281 438
809 823
29 897
373 441
159 189
715 141
949 308
940 525
755 708
180 248
397 771
870 200
92 135
474 200
33 723
167 952
399 26
313 777
99 30
95 554
219 95
943 126
119 911
447 713
58 672
856 652
70 497
773 883
341 731
294 390
550 316
376 954
338 662
954 665
417 726
436 968
752 716
869 69
678 501
306 858
125 554
18 162
322 839
606 369
919 829
286 916
432 216
927 424
786 973
118 285
30 401
723 136
766 735
752 837
659 609
819 598
538 90
671 619
891 851
853 330
696 383
379 447
114 930
766 856
558 678
764 783
395 391
469 340
96 509
325 103
192 971
211 984
35 758
315 812
612 281
777 614
942 910
802 378
363 745
672 268
569 584
756 676
631 910
120 694
562 810
142 224
6 592
307 520
918 445
713 979
477 177
771 166
229 637
960 856
485 563
569 705
75 170
116 171
149 119
639 212
208 928
271 230
376 283
496 577
563 338
465 998
105 692
279 350
592 810
702 453
251 517
80 369
429 294
962 757
910 338
332 361
56 951
613 51
334 407
605 870
466 297
8 651
302 832
584 289
861 72
826 51
258 533
925 996
266 128
973 515
147 665
596 757
749 770
398 18
821 875
829 470
232 251
471 533
405 179
842 180
410 257
262 130
957 655
332 832
98 665
611 18
290 606
515 953
4 774
711 370
447 526
922 819
600 768
39 206
56 375
166 18
787 365
767 652
552 727
82 549
930 121
642 657
678 314
337 21
77 848
989 701
768 473
135 560
685 704
281 614
66 726
532 196
721 132
248 208
349 260
734 596
674 316
142 721
216 670
271 606
596 891
412 545
434 75
866 486
824 260
33 899
495 435
963 540
335 217
290 969
720 553
145 322
85 42
697 835
205 898
86 681
246 670
466 673
772 191
689 193
138 319
124 155
900 376
41 386
242 376
99 98
448 215
458 674
145 214
549 792
535 894
609 843
939 718
815 682
135 923
639 722
831 663
407 564
123 576
646 617
67 910
764 609
277 225
548 459
501 384
749 220
317 563
279 42
466 97
896 913
778 103
673 575
346 217
829 859
901 210
717 389
37 630
474 631
61 987
427 290
289 585
605 562
242 510
247 854
35 934
897 441
827 382
543 623
152 472
969 731
647 680
349 757
242 631
495 811
545 403
605 454
176 277
984 221
367 518
312 582
315 62
573 586
688 573
628 293
755 334
867 575
461 116
457 411
768 44
957 468
318 747
120 762
827 395
598 535
627 41
226 929
372 983
241 234
788 632
17 526
251 464
774 468
108 644
305 929
933 232
389 290
793 868
958 181
759 466
938 697
690 366
132 75
381 550
413 997
991 479
980 815
94 722
424 597
405 355
434 827
704 422
275 245
798 286
607 718
552 782
118 32
683 713
554 599
411 25
823 235
603 720
845 482
831 584
454 597
612 954
81 500
177 733
493 710
240 264
923 294
176 774
419 495
37 201
802 4
520 843
43 918
504 81
896 834
738 248
946 197
784 135
968 710
269 443
998 64
329 494
544 382
399 967
543 423
875 667
787 783
773 885
749 262
322 720
126 808
413 84
113 317
710 307
402 154
169 626
306 860
842 611
534 495
661 270
850 960
303 333
588 960
894 249
421 554
691 149
233 503
999 36
718 23
809 141
278 919
610 197
383 972
644 976
69 516
955 380
900 444
215 341
896 968
168 229
641 678
338 677
214 116
164 524
902 490
635 146
967 619
53 922
203 223
276 213
353 167
432 460
14 701
894 262
283 337
627 901
164 645
971 216
236 750
447 970
82 54
679 44
424 986
317 860
909 506
480 329
456 938
443 447
407 524
410 4
676 160
621 224
791 635
441 522
872 974
760 275
512 402
283 579
985 622
118 771
892 165
150 989
704 114
831 155
63 283
502 882
981 99
69 1000
213 227
490 764
378 65
677 627
672 283
770 818
761 998
742 756
217 871
234 57
717 928
161 710
276 697
477 192
215 946
264 313
61 250
317 176
613 992
410 138
759 292
827 692
500 297
968 402
830 172
340 833
458 300
394 544
853 829
834 587
870 244
942 120
234 528
616 593
557 952
161 952
785 816
899 423
530 297
12 600
688 883
829 364
149 605
154 949
782 252
314 901
229 305
14 151
598 845
469 960
197 501
250 364
145 82
347 711
402 906
741 372
369 729
988 249
740 376
867 188
201 364
891 316
624 201
839 126
990 524
527 268
697 716
134 310
249 31
273 388
56 619
92 84
615 88
78 149
396 724
587 26
839 247
887 961
16 439
403 848
608 85
709 137
117 262
244 37
617 319
992 196
947 948
568 134
418 604
537 555
955 314
850 786
110 222
289 453
941 379
294 568
705 139
853 37
751 255
792 27
150 560
957 94
38 90
24 155
26 753
254 388
327 866
924 856
880 32
651 963
453 453
604 851
733 507
769 955
225 37
748 78
576 789
111 689
997 553
551 961
592 733
528 748
192 799
281 53
198 284
598 403
524 225
885 204
229 802
513 332
683 218
721 510
215 638
774 336
399 230
256 410
206 818
889 94
130 42
338 974
448 580
546 923
324 810
52 351
47 7
957 457
236 697
145 579
175 687
373 177
381 526
413 515
528 990
705 394
961 320
481 878
405 102
94 240
481 649
948 795
528 172
170 464
328 821
987 457
775 49
78 646
620 700
432 878
241 115
298 649
375 115
210 536
688 575
655 169
204 233
190 69
322 225
179 176
414 982
323 598
312 934
21 233
384 56
559 811
168 431
350 408
787 180
971 755
668 754
676 578
640 655
406 488
411 832
762 352
238 352
532 829
819 105
554 588
380 472
242 996
144 424
653 301
723 811
998 750
377 137
327 545
74 136
877 460
321 242
101 727
610 870
32 139
954 414
260 491
62 18
922 876
70 367
586 432
167 714
24 665
244 668
841 658
519 607
921 358
133 837
114 558
995 307
958 425
94 845
570 545
936 114
368 825
363 252
509 306
417 717
439 476
742 248
709 71
141 553
461 494
39 505
507 610
42 547
804 79
704 895
437 551
900 312
51 744
894 9
448 151
257 620
814 245
122 166
326 427
553 618
854 546
787 556
587 202
652 597
951 893
569 333
159 435
921 492
995 441
420 210
795 87
392 377
678 505
424 854
367 91
14 690
397 199
371 964
228 390
522 608
679 851
546 965
517 35
35 749
585 664
827 197
433 795
713 849
534 618
979 968
671 852
394 49
132 574
858 449
696 616
536 398
572 92
159 448
892 33
296 911
370 860
52 56
593 151
493 967
667 854
565 806
26 3
905 911
500 862
286 344
879 629
712 452
552 234
249 462
791 745
218 883
510 503
106 642
147 414
381 352
262 926
432 583
418 685
985 732
663 452
869 557
676 391
294 60
244 239
235 648
823 855
138 752
785 334
119 473
451 983
243 768
518 744
664 44
834 455
778 294
609 229
886 995
545 702
176 347
66 475
957 646
128 535
453 66
665 245
804 589
315 132
793 925
812 938
102 253
396 471
699 243
709 702
146 296
626 933
142 591
665 595
49 363
472 237
117 9
967 179
48 138
251 763
857 307
442 65
939 117
328 192
851 233
942 351
400 68
837 69
78 17
892 530
971 823
451 528
66 717
905 469
289 200
10 785
844 230
830 66
279 946
716 718
972 644
581 759
507 315
586 608
892 880
694 141
988 359
212 138
253 664
960 297
872 184
127 30
178 490
641 251
118 210
684 887
577 495
268 154
741 603
85 972
119 31
415 847
162 667
124 146
895 23
760 64
156 623
733 375
12 615
232 847
290 34
438 723
861 560
162 559
643 832
426 834
574 732
591 147
188 962
309 205
887 145
639 834
625 670
341 911
456 861
91 211
955 316
247 724
932 561
398 627
236 565
304 211
245 799
4 444
243 460
710 606
247 616
677 200
489 149
21 798
664 904
337 509
736 743
870 972
611 748
812 738
490 458
206 699
209 216
835 907
859 32
453 576
865 786
139 874
920 456
708 802
992 332
997 676
419 699
255 39
881 730
683 220
989 34
103 584
472 158
460 858
260 238
110 708
481 880
104 930
352 766
123 125
257 125
114 305
499 641
342 169
595 349
158 119
548 8
374 646
484 289
728 878
492 638
494 418
564 928
526 407
424 359
854 172
919 567
960 110
160 20
247 174
717 877
32 249
959 639
417 356
804 765
64 955
871 526
117 64
964 983
967 234
766 244
573 603
913 937
102 429
611 306
514 639
244 778
459 703
289 26
206 257
538 767
385 259
161 780
106 844
338 184
981 519
105 885
865 344
268 88
787 424
272 998
979 594
406 732
705 62
789 470
868 763
641 306
133 839
463 714
67 485
673 29
12 549
409 185
152 34
754 368
993 650
826 244
910 881
633 78
349 319
5 509
677 121
2 211
535 940
700 253
712 78
617 484
717 193
815 499
955 250
239 568
935 766
921 373
525 373
301 894
580 80
45 968
645 438
829 784
736 556
15 42
920 148
889 835
782 672
973 11
386 443
441 150
210 217
776 894
564 486
426 781
668 543
310 340
967 610
984 25
965 12
395 384
648 564
326 550
161 217
345 792
52 984
13 504
759 28
95 802
602 81
194 515
259 910
758 328
1 120
73 225
9 735
854 561
946 793
25 679
710 553
980 377
619 169
233 628
282 749
579 218
68 2
927 672
858 801
710 674
847 908
654 742
575 220
781 325
79 53
376 505
290 465
651 215
749 750
188 225
329 164
9 748
303 929
168 475
622 682
374 580
16 872
809 508
401 454
136 937
1 483
106 536
725 285
188 346
747 44
269 5
890 618
26 18
884 278
507 62
118 775
682 817
236 996
984 630
689 978
661 879
609 460
447 398
517 871
185 132
138 57
816 938
817 345
294 304
841 702
216 650
352 16
701 170
238 180
188 588
403 247
977 748
650 353
996 761
144 481
180 175
378 419
529 63
768 345
677 752
718 753
391 358
42 241
638 235
504 6
874 771
115 719
519 543
156 491
51 209
959 815
174 774
907 130
653 479
601 60
181 669
778 659
449 191
406 787
404 714
882 487
610 819
709 7
398 145
444 261
282 199
903 775
540 723
956 409
713 651
969 348
102 497
518 183
853 136
863 595
839 9
100 838
991 780
755 769
669 729
975 772
923 353
83 376
625 430
124 148
335 331
154 256
794 882
257 677
673 326
198 33
263 428
549 785
590 328
230 22
842 549
892 895
47 803
644 793
303 500
234 666
886 555
349 387
696 431
352 392
255 954
871 957
752 777
664 664
232 741
6 398
326 376
157 567
740 393
872 778
798 600
789 780
875 29
696 552
696 323
775 616
140 105
943 200
824 737
213 849
422 205
152 344
36 398
738 670
457 162
66 277
267 267
747 904
250 623
62 801
29 395
290 170
890 431
231 758
325 393
946 740
297 560
85 640
200 627
398 871
406 466
487 162
24 172
762 101
700 455
808 217
987 219
362 396
479 981
133 573
799 168
909 565
913 684
672 329
691 342
775 979
584 216
16 927
551 39
131 648
831 93
63 221
579 515
266 55
139 768
37 986
92 693
529 694
138 809
334 455
153 114
531 740
321 930
830 807
162 348
888 977
117 871
34 873
516 876
459 342
510 573
241 119
320 412
273 71
773 394
498 189
816 993
434 699
248 14
79 471
392 931
276 756
574 184
104 6
780 289
501 874
774 703
20 12
722 55
980 579
820 590
308 415
492 990
98 834
798 279
354 302
106 954
629 995
546 472
59 879
554 592
158 363
870 303
507 251
402 723
267 764
391 305
162 482
411 957
276 769
73 898
893 408
222 203
84 10
531 995
586 665
589 936
952 759
518 238
602 875
924 660
640 901
103 962
896 598
932 255
882 663
949 424
68 675
985 118
422 944
668 182
544 375
884 480
777 354
256 911
658 662
620 141
247 310
849 607
714 190
277 152
788 893
471 957
414 423
791 144
157 501
427 96
996 253
817 776
891 725
294 506
291 437
411 502
409 200
39 401
89 747
340 329
768 547
603 968
821 373
826 717
662 794
357 912
250 557
681 255
306 866
101 168
956 719
116 971
942 784
221 270
694 682
706 19
274 96
36 453
850 966
688 150
159 789
517 268
820 40
627 665
919 19
76 525
548 749
455 558
116 863
950 500
983 448
320 104
917 94
210 232
996 387
724 682
815 46
316 399
687 800
828 510
327 228
387 279
497 676
645 574
959 441
340 463
367 566
899 161
391 923
245 869
633 456
435 700
457 459
663 564
71 689
305 627
181 66
7 933
910 441
547 389
560 328
838 43
471 515
132 820
286 469
630 279
525 751
198 356
411 649
239 128
857 177
72 136
125 228
724 816
130 343
438 459
467 931
61 243
797 806
80 485
649 413
74 182
167 410
98 539
285 365
868 457
587 932
642 639
227 131
344 716
213 233
70 413
452 249
295 531
346 991
14 252
29 826
393 56
152 896
169 311
678 417
544 188
967 62
320 480
342 239
908 879
292 647
975 411
166 13
919 516
597 236
318 821
827 927
323 899
82 544
780 586
164 88
114 496
29 129
409 121
345 365
479 594
648 137
85 963
969 229
518 293
363 419
473 779
421 360
841 717
943 176
7 491
263 188
447 534
53 378
89 789
204 776
597 707
845 543
415 730
10 681
550 137
104 545
706 650
477 790
482 905
475 717
506 30
728 143
43 40
650 718
221 83
422 73
369 735
878 841
432 266
248 445
198 853
643 715
724 374
113 486
944 414
118 564
462 374
319 325
362 961
403 733
771 900
58 964
180 661
923 476
92 319
587 261
513 83
456 744
239 975
499 148
853 151
830 662
775 497
57 446
898 833
953 503
507 682
235 223
54 148
446 672
308 738
443 374
902 659
733 850
918 374
474 626
596 94
23 461
446 564
317 679
770 624
873 79
85 292
778 219
136 752
640 514
924 44
781 261
222 526
227 870
549 921
791 683
855 210
328 922
340 747
565 865
637 216
620 572
105 621
251 446
578 575
641 860
350 159
314 236
556 264
778 111
910 496
984 445
979 101
332 519
337 634
464 446
637 108
67 221
526 506
316 696
176 393
252 940
713 103
262 167
847 857
831 324
328 935
340 760
818 799
945 345
370 114
31 419
567 399
335 830
864 393
597 278
277 825
744 705
847 160
747 222
804 756
64 717
793 863
810 278
364 191
933 348
955 107
487 527
170 591
247 286
772 925
211 363
582 764
558 178
513 930
403 533
702 866
592 994
342 294
218 487
853 769
283 653
881 50
845 356
230 992
877 574
371 702
63 357
467 181
357 309
780 412
95 538
7 425
475 530
334 591
91 833
956 574
328 251
572 877
166 189
856 407
99 953
880 764
737 944
841 772
216 720
524 836
849 367
412 366
466 831
366 664
199 487
409 68
295 949
135 731
663 887
735 238
205 9
969 176
297 12
285 675
844 410
401 69
365 146
669 786
567 775
214 916
771 16
17 79
795 898
657 668
110 270
707 31
748 823
836 899
825 252
186 36
755 947
268 334
512 960
925 375
510 362
264 858
873 939
785 72
432 442
513 138
179 787
619 39
646 667
838 837
943 136
547 136
824 673
590 506
323 391
782 676
5 984
132 567
792 88
260 981
764 780
417 147
147 286
436 160
732 976
771 150
353 162
927 663
5 876
844 894
908 155
517 499
844 665
627 667
16 742
134 734
953 571
125 914
973 257
523 694
397 555
586 225
911 547
85 468
489 329
828 512
112 342
492 563
879 743
650 920
973 607
395 630
54 337
985 846
333 920
388 627
80 245
392 746
165 289
208 925
800 571
483 864
170 404
992 741
128 407
288 396
928 985
931 502
549 171
619 644
975 279
317 50
921 982
575 574
79 407
753 580
739 682
385 184
665 238
348 531
427 824
466 294
710 920
259 230
154 702
699 236
74 184
41 7
982 561
734 459
529 993
706 397
876 808
554 528
53 246
116 531
821 54
827 808
505 757
87 769
935 341
104 184
613 61
549 305
507 537
340 131
591 945
801 526
102 488
971 937
848 49
748 636
216 775
869 108
408 716
241 539
888 121
554 770
208 133
631 236
875 596
367 126
749 191
88 711
286 955
242 131
192 539
15 906
154 18
799 951
847 470
7 493
172 560
595 663
232 611
249 26
815 666
469 29
121 780
143 273
817 483
51 684
627 588
300 193
458 550
134 426
879 543
955 538
642 78
994 237
605 425
844 707
779 312
168 158
691 199
830 543
503 148
233 324
360 99
659 661
301 953
83 730
969 594
871 22
845 787
740 505
798 712
614 137
591 382
999 207
379 499
114 982
227 859
884 900
464 314
786 99
465 687
160 805
559 322
729 733
13 563
660 899
415 48
948 777
26 990
101 346
290 282
271 40
680 962
900 965
845 800
275 913
843 202
13 913
242 507
658 156
434 677
668 615
828 567
131 410
296 743
767 328
588 97
579 277
725 331
780 38
243 816
403 51
881 844
36 523
842 98
816 863
792 277
878 280
629 744
183 169
780 159
518 913
215 875
251 569
707 583
213 277
884 216
132 877
209 572
584 449
580 744
146 223
423 531
851 978
973 675
197 188
458 0
826 921
769 387
678 3
449 934
108 870
913 809
782 60
434 811
938 573
406 712
860 919
5 139
436 591
381 655
785 745
618 339
16 5
852 506
631 278
130 521
286 768
186 830
267 526
76 958
341 475
456 425
189 835
717 991
269 306
1000 525
103 14
750 121
254 183
636 248
154 999
880 874
751 989
488 121
570 648
0 532
831 460
323 956
844 399
321 129
758 884
500 360
904 938
577 314
731 229
595 597
727 524
479 422
606 463
212 78
699 425
726 528
468 758
179 655
695 949
826 466
430 8
189 848
574 659
197 443
307 840
780 535
272 65
783 540
356 436
545 897
667 594
572 1000
235 146
130 655
923 291
359 478
821 243
721 305
14 443
721 76
196 191
913 246
242 78
536 30
491 782
48 441
189 151
175 24
739 66
703 143
479 664
821 364
124 207
913 367
393 597
159 430
632 613
114 916
387 28
461 731
824 554
631 425
774 962
753 85
524 33
372 430
754 495
592 662
284 317
600 28
443 310
589 364
233 500
492 431
511 444
287 965
320 913
361 685
975 844
405 957
133 269
358 616
996 378
60 693
963 955
605 264
443 431
584 141
30 521
136 688
26 816
934 668
213 908
748 20
171 911
942 788
169 47
568 318
12 100
151 932
489 439
365 632
217 505
356 812
230 444
920 625
901 383
777 842
808 155
534 855
78 575
224 629
688 504
779 393
729 801
481 699
776 324
673 640
120 922
423 694
464 503
115 349
653 927
940 203
744 291
353 635
279 457
315 114
191 344
227 1
172 65
438 450
606 34
685 327
406 646
874 751
497 801
459 280
54 460
703 640
885 388
298 820
251 745
605 748
462 699
258 640
698 912
376 632
472 340
656 686
386 825
876 918
936 969
95 353
210 828
848 856
592 930
820 757
489 923
83 235
345 6
685 569
538 815
211 420
104 65
367 933
670 705
546 410
482 654
563 350
750 405
914 284
547 756
332 831
98 664
27 195
266 477
976 115
709 0
411 77
466 538
502 195
75 653
648 249
479 477
322 530
883 826
234 646
201 469
850 649
789 639
674 423
839 2
159 243
169 665
1000 593
860 290
755 762
786 75
801 878
686 662
176 597
262 600
317 307
545 134
132 490
151 503
357 837
665 724
258 77
893 359
469 260
553 668
802 177
848 293
368 888
677 182
792 132
651 947
797 247
38 195
406 96
874 201
781 10
552 150
202 37
190 737
176 839
732 791
588 783
416 262
990 534
417 901
214 47
866 727
682 152
728 268
814 308
841 145
502 679
386 504
391 848
754 671
124 504
652 889
661 214
908 320
206 802
531 370
383 206
121 206
434 437
35 691
676 199
841 266
175 442
230 149
923 830
529 445
785 142
86 104
903 97
259 32
908 212
930 725
632 802
733 854
459 322
958 972
953 628
818 669
42 973
755 91
383 219
195 168
685 32
107 55
516 977
772 674
450 394
997 792
692 156
871 158
477 2
845 923
96 805
573 464
330 743
583 923
705 620
27 705
545 402
383 340
245 110
28 112
761 929
322 330
570 166
795 513
189 703
593 564
684 682
92 807
997 913
362 402
565 990
991 573
719 639
578 700
540 408
989 271
360 706
406 593
920 814
660 217
863 51
496 752
18 713
458 231
950 693
265 590
177 477
550 988
584 343
214 544
742 929
905 398
456 306
607 704
87 934
428 998
20 944
863 172
340 885
940 621
899 583
955 929
493 575
562 180
801 462
723 808
332 886
456 427
657 188
478 711
858 178
385 483
216 711
376 700
145 13
728 68
642 819
888 57
29 67
483 8
383 824
493 467
245 365
97 201
214 786
737 827
355 762
330 180
299 830
588 704
481 312
990 455
164 376
668 175
869 165
967 471
411 24
958 422
199 370
864 989
27 263
13 365
216 953
830 358
954 653
577 666
12 894
814 121
337 196
158 719
741 774
471 950
772 124
658 776
331 381
107 902
993 995
413 191
561 843
944 352
985 124
147 974
582 902
898 879
433 550
820 959
417 17
680 656
465 502
148 795
325 199
289 505
127 443
247 545
968 830
773 66
269 792
434 371
257 738
971 81
356 680
34 666
72 692
221 492
92 378
885 14
630 956
587 320
974 500
994 415
894 477
256 220
211 972
961 9
387 151
216 269
815 857
73 220
890 479
909 721
904 148
331 744
451 846
936 366
319 626
219 459
888 554
967 847
7 805
236 628
700 503
263 502
808 36
431 49
754 739
229 854
821 500
587 333
716 218
545 565
655 208
902 839
668 672
470 162
337 572
323 637
777 844
240 868
796 857
780 95
804 452
367 451
637 46
320 339
554 277
798 903
956 28
94 521
641 919
569 814
825 511
14 3
360 411
846 799
837 979
18 647
558 103
912 106
306 296
655 221
281 468
465 60
198 470
93 188
349 114
43 596
701 44
78 819
255 452
895 812
595 291
894 853
347 226
755 280
870 1
42 344
446 168
735 42
943 745
758 928
865 273
433 350
6 17
787 582
345 237
465 302
186 658
905 345
201 229
230 930
973 974
450 933
156 486
629 935
541 297
73 717
935 224
4 883
871 697
819 278
996 877
471 992
512 535
345 358
914 515
969 222
998 923
738 289
277 897
588 759
853 10
16 75
351 65
227 258
195 949
350 594
406 903
877 754
944 515
545 15
207 959
539 237
15 200
194 202
395 192
818 295
768 703
851 243
798 582
734 826
560 710
603 77
178 608
962 424
869 233
444 498
626 246
180 425
455 364
106 210
861 786
188 20
842 544
979 778
807 257
316 434
225 841
660 769
252 678
238 780
527 388
871 952
98 211
824 840
549 672
175 202
507 675
111 675
456 858
858 609
834 23
976 601
585 716
29 498
277 334
731 541
590 565
684 429
524 211
680 724
845 791
848 308
239 981
46 852
863 845
121 208
489 375
131 401
65 47
20 799
851 727
469 396
782 856
202 52
745 974
806 432
825 445
44 634
341 332
805 961
263 678
332 283
411 805
538 388
488 796
615 571
202 173
969 840
212 632
114 60
69 812
908 564
206 817
980 440
765 515
547 558
46 47
276 509
959 502
155 219
760 558
259 276
135 469
709 741
864 386
525 920
277 818
74 1
929 515
670 749
441 697
356 64
292 574
75 576
94 589
319 936
952 620
365 823
519 472
524 587
338 168
909 923
136 182
31 654
719 762
125 60
591 762
570 410
43 893
103 944
41 66
538 872
82 592
269 418
193 837
269 189
609 523
53 305
516 66
884 462
55 903
586 768
295 821
245 475
474 69
111 246
312 7
721 175
318 990
101 955
902 223
274 654
346 5
711 655
683 822
566 8
953 188
994 980
208 71
254 187
259 531
873 690
479 534
675 180
754 473
821 234
666 360
767 937
301 649
464 118
278 894
328 257
801 706
548 260
416 306
896 943
994 54
247 534
99 370
390 842
641 424
68 791
696 360
558 655
117 424
31 909
958 545
295 955
823 357
262 778
644 843
881 527
905 884
468 883
399 258
456 792
202 912
986 994
893 766
26 686
12 788
772 476
755 832
433 781
142 80
584 950
55 569
430 483
160 622
719 91
605 255
123 969
932 384
508 551
995 669
645 556
937 664
312 612
83 789
988 895
312 383
331 625
69 625
110 397
3 271
237 209
622 545
402 276
57 507
236 738
547 371
98 279
170 155
791 731
612 500
703 618
771 264
297 610
755 27
182 394
454 853
206 751
770 793
789 843
956 17
103 744
48 579
973 600
431 51
823 841
692 92
372 676
45 281
697 207
210 577
671 972
260 169
215 921
129 918
530 30
991 388
430 617
383 276
654 739
401 330
967 970
571 970
970 221
736 808
758 567
818 618
549 164
589 502
816 922
699 108
231 3
695 403
304 518
646 218
534 980
138 980
97 942
769 325
110 652
707 642
182 757
22 768
176 454
787 342
372 100
836 463
189 652
739 796
87 870
352 121
632 175
865 154
226 167
584 400
840 326
864 683
831 277
822 457
552 596
684 981
486 242
651 575
288 523
100 701
678 183
779 989
906 47
584 750
570 586
709 930
14 139
25 5
379 237
613 175
45 886
922 930
172 432
573 776
268 140
223 892
455 232
195 830
778 885
298 19
921 412
549 769
673 81
879 415
361 718
810 581
409 237
796 646
259 707
653 368
919 753
724 248
440 489
467 363
370 430
244 25
750 422
518 530
738 533
430 417
404 953
187 430
402 89
579 136
1 159
878 957
936 410
443 248
830 657
283 30
33 84
21 784
926 890
563 838
580 482
800 485
475 725
213 954
903 906
144 854
524 321
598 270
188 143
730 197
293 159
251 428
531 482
261 621
603 321
66 382
115 274
593 313
519 98
39 693
419 914
954 26
752 77
900 729
769 17
810 18
366 270
719 388
137 972
94 336
211 921
558 965
792 149
998 254
222 750
561 216
610 603
904 326
666 683
416 737
481 866
99 572
929 504
602 146
660 316
557 632
968 203
775 37
188 506
78 634
494 283
315 52
857 106
820 453
634 34
801 211
53 991
739 501
472 157
78 755
954 160
711 402
716 517
494 404
609 391
36 758
213 162
113 978
407 930
176 280
62 932
690 235
981 155
788 743
339 651
829 286
718 684
9 224
80 427
341 697
38 925
396 404
845 230
215 63
506 535
753 412
665 299
212 997
81 248
793 979
989 625
619 826
603 589
718 576
565 68
83 65
671 464
468 401
464 925
104 353
307 941
668 166
761 128
783 641
879 349
521 641
287 474
834 872
526 756
736 300
515 72
295 594
429 823
243 138
327 775
289 25
206 485
151 549
698 984
266 536
216 715
995 416
843 813
788 877
842 588
988 413
468 872
974 478
974 249
812 416
473 721
531 174
784 354
789 469
519 608
546 711
145 367
95 775
809 118
365 370
217 243
986 754
134 474
851 529
273 552
906 236
856 644
121 949
625 482
587 190
303 431
432 316
289 496
774 16
533 893
154 79
949 542
491 896
439 706
343 769
293 911
57 146
907 316
791 370
152 383
422 15
993 999
955 478
468 885
850 950
490 378
607 963
555 773
108 84
591 201
443 74
338 775
202 914
114 801
375 842
478 31
674 845
99 614
178 907
935 886
35 858
971 314
957 379
341 147
767 255
533 88
53 683
739 193
610 308
245 853
276 203
307 270
702 311
779 494
32 974
916 728
236 740
253 155
676 258
34 791
963 22
111 974
684 378
262 914
320 330
540 333
884 143
416 563
746 209
467 794
840 73
451 32
594 569
81 987
585 786
948 838
92 624
501 792
702 553
891 977
305 853
250 917
271 451
656 787
78 810
174 289
900 918
958 105
130 448
27 764
591 806
586 462
300 859
955 36
337 926
454 279
560 446
152 880
59 689
802 733
246 515
22 770
576 161
383 520
880 572
830 980
704 575
745 118
84 638
146 284
48 944
541 59
804 698
365 62
568 687
769 448
462 934
171 233
962 991
557 942
101 662
954 578
412 295
940 680
995 350
482 768
141 475
494 593
213 580
750 290
94 888
281 714
167 878
988 347
52 662
778 537
186 891
630 639
578 183
846 937
266 362
985 49
257 771
744 889
403 596
898 804
122 317
17 826
471 996
502 309
428 360
37 475
947 696
730 173
195 832
97 260
547 991
289 201
710 231
789 524
930 234
998 109
642 999
535 644
774 889
194 314
595 658
278 951
653 599
162 776
294 437
607 897
536 199
755 768
382 900
36 263
877 879
379 602
792 17
558 604
492 250
973 294
438 953
491 25
264 800
596 78
262 727
198 971
655 133
641 494
646 838
835 774
305 545
219 505
81 800
198 153
497 486
225 27
389 135
69 682
437 849
297 546
624 675
858 613
844 715
32 800
154 497
154 268
489 487
341 323
919 71
544 911
165 97
631 836
354 33
175 556
679 318
791 559
734 25
904 436
900 960
688 552
339 398
944 774
149 274
350 264
145 798
429 328
863 31
389 148
201 851
242 852
495 803
672 207
497 849
20 924
156 290
417 331
501 968
269 167
463 218
26 180
856 378
639 380
484 277
919 205
948 906
795 398
700 804
519 463
63 220
151 67
441 809
414 154
39 11
261 878
176 282
525 924
726 160
504 47
855 799
24 642
920 928
290 761
205 919
463 689
802 909
721 984
893 44
172 247
834 632
858 989
534 340
99 937
864 511
187 232
161 997
290 653
11 6
978 761
21 465
95 414
921 227
633 992
70 357
400 232
121 817
861 590
732 705
909 109
625 350
313 758
626 989
41 70
294 250
970 762
188 992
761 359
771 818
595 592
815 595
938 931
988 294
406 841
858 413
943 228
346 9
654 125
712 66
144 777
298 197
616 772
867 354
335 264
68 674
945 947
38 14
346 130
3 959
259 885
223 962
548 493
405 710
226 479
615 25
642 128
726 536
848 233
270 256
965 818
266 780
318 189
846 308
708 603
4 487
498 793
933 950
78 207
909 364
248 847
160 734
3 33
526 74
512 139
624 609
608 372
816 550
938 18
516 783
513 256
891 845
756 657
357 911
195 324
2 683
114 924
888 547
52 46
731 829
469 334
50 616
790 389
532 619
8 619
569 915
507 37
190 101
742 843
718 257
252 750
300 498
398 804
291 678
337 794
273 809
123 47
147 404
845 971
960 958
476 845
710 783
419 45
481 694
902 724
525 737
167 275
220 101
561 165
263 737
211 281
96 974
218 176
70 49
489 676
588 389
78 812
188 455
73 468
675 802
766 395
752 268
909 969
438 566
512 515
75 514
56 235
913 859
300 861
522 974
897 622
229 163
832 870
159 104
133 869
799 464
224 758
833 48
516 112
416 928
975 397
443 802
837 167
668 920
809 630
420 818
186 651
239 248
761 64
100 584
389 458
871 461
553 529
33 759
267 697
974 293
915 918
220 356
459 638
500 639
968 744
546 526
307 769
515 947
375 644
12 592
917 698
609 582
586 827
837 180
957 999
229 297
776 695
79 767
762 760
473 657
82 772
808 647
321 300
742 64
103 77
342 359
278 832
703 72
479 593
498 835
854 470
14 493
201 585
239 840
671 534
970 830
173 257
66 131
355 5
558 593
339 963
693 0
125 711
77 963
731 292
483 190
498 727
675 131
281 729
353 80
152 90
74 665
93 678
416 136
987 891
646 598
122 332
218 794
428 375
405 886
918 239
735 532
905 714
748 996
944 642
8 203
443 360
999 312
646 948
21 896
878 22
286 147
26 974
795 253
29 262
772 535
201 719
146 783
589 306
35 686
208 843
120 730
404 260
390 325
906 656
23 797
171 732
532 445
344 394
316 561
283 384
429 438
305 668
929 266
968 194
887 498
684 435
923 717
83 969
969 833
790 336
614 376
256 631
710 838
347 32
209 556
911 599
429 330
632 918
150 915
577 982
924 272
170 335
15 461
345 861
782 862
854 967
243 813
917 498
769 371
760 551
125 40
820 565
956 197
94 690
792 503
539 848
0 274
833 800
437 46
588 215
717 854
698 612
780 156
909 795
848 785
922 734
378 341
709 626
915 960
456 180
459 680
538 744
574 401
290 642
427 647
435 996
242 867
746 629
168 652
782 57
680 275
957 583
19 300
855 801
555 280
156 534
990 208
202 650
18 829
155 575
17 870
628 529
879 111
669 530
359 341
913 927
615 1
281 650
107 763
98 714
564 221
937 991
384 519
351 113
862 817
237 994
502 245
548 361
672 693
176 526
795 763
514 750
449 126
798 280
913 230
478 827
531 165
87 942
622 54
687 412
329 475
585 401
535 809
222 312
711 540
781 47
731 226
772 227
259 645
493 583
369 776
190 545
281 663
537 589
886 248
674 594
863 530
715 366
252 376
147 848
934 181
249 78
543 296
259 537
465 605
503 897
660 817
849 716
257 841
835 589
384 653
635 235
888 415
544 605
700 364
781 60
593 9
312 484
501 420
155 12
279 78
564 705
961 112
82 961
808 836
756 646
720 952
95 900
897 127
800 194
115 91
414 653
194 384
106 271
185 564
565 785
4 260
680 543
91 148
476 713
891 726
33 143
291 667
425 667
184 312
846 431
562 672
290 213
142 86
501 433
141 90
430 718
397 541
330 551
168 452
116 33
66 441
305 723
145 505
654 382
258 382
356 688
753 324
400 731
417 146
491 95
821 495
554 380
793 662
380 264
127 801
889 370
700 619
101 519
736 801
271 442
329 154
143 701
260 54
461 44
154 796
796 34
985 724
295 277
234 267
652 26
733 917
198 573
225 447
684 732
233 42
646 211
446 860
722 206
187 865
741 219
56 116
410 348
360 527
84 858
831 149
734 445
412 165
147 648
766 397
504 922
815 289
143 125
229 165
673 879
304 753
206 181
717 922
197 361
379 109
119 707
838 394
351 47
879 166
581 738
517 753
448 882
138 168
680 222
594 936
575 694
181 538
611 122
170 874
973 969
118 189
701 281
852 450
893 222
838 286
17 817
920 59
605 987
699 585
167 761
5 433
41 127
127 130
624 182
13 294
374 7
35 312
640 126
614 928
989 805
311 890
39 431
510 53
224 184
532 300
867 290
198 720
746 0
321 302
333 127
263 297
337 246
306 896
717 238
157 544
205 63
432 254
74 546
148 495
695 893
545 131
354 600
963 644
841 947
849 542
747 531
580 354
98 85
879 650
694 375
17 133
941 481
946 596
944 523
806 64
491 955
286 257
527 383
943 298
733 717
392 424
34 487
376 187
202 34
231 735
97 506
515 265
31 152
812 488
466 80
724 375
159 603
498 32
68 973
420 378
313 252
81 683
595 904
101 332
493 893
959 134
637 83
377 681
163 429
911 588
999 435
333 611
880 255
919 183
370 678
669 974
846 378
780 253
326 608
969 943
482 330
642 319
311 219
880 376
264 107
11 452
126 173
863 143
254 853
775 30
546 207
837 679
637 96
105 501
812 851
884 202
760 432
113 850
493 317
512 330
8 568
140 458
652 81
437 156
382 220
304 566
588 96
739 494
720 215
558 153
819 194
771 446
790 459
595 220
779 566
980 556
467 974
811 747
121 566
446 97
896 333
106 931
519 346
486 169
343 386
529 805
458 107
293 528
788 736
320 402
985 792
773 613
350 281
826 210
695 693
530 104
36 764
58 523
829 400
154 985
438 515
823 326
896 575
901 919
269 413
783 634
277 8
631 277
89 482
636 126
768 511
326 166
565 411
969 272
707 6
500 467
560 518
44 187
866 524
716 994
655 755
586 884
395 121
815 478
487 878
142 880
228 129
384 642
408 999
255 528
351 465
293 783
862 940
989 981
878 884
730 3
630 819
960 694
895 70
308 768
96 360
289 260
946 530
490 250
908 9
349 311
371 824
55 93
509 529
583 478
90 545
954 650
217 357
296 421
884 820
395 363
399 253
862 14
951 995
187 370
173 435
272 185
464 126
128 140
842 715
499 83
46 781
471 250
237 83
490 492
286 204
809 245
244 207
796 949
997 710
887 84
188 312
128 32
928 839
37 668
931 356
391 671
334 137
47 861
537 725
234 953
600 256
605 371
555 779
677 476
541 615
847 887
520 492
164 628
833 723
38 260
371 140
37 789
501 664
620 615
124 677
721 667
573 274
657 911
503 444
324 967
797 433
888 551
831 17
621 436
956 951
606 838
843 256
922 549
927 893
991 154
829 321
619 511
116 156
2 808
98 516
24 338
282 862
189 634
750 967
762 38
106 636
69 983
45 397
447 148
864 436
420 688
630 269
354 334
371 274
357 339
959 673
620 978
348 519
852 318
972 383
70 282
493 385
118 996
737 745
200 806
83 221
553 170
148 350
201 213
98 529
454 164
786 637
648 932
73 701
940 552
527 117
871 681
780 563
838 275
301 336
213 223
526 683
543 98
586 697
157 62
685 447
98 879
905 450
808 517
536 58
932 58
73 822
4 988
876 917
315 355
884 283
639 452
787 350
138 170
795 928
179 467
781 801
901 866
968 627
202 599
21 524
599 235
898 797
566 58
825 992
264 430
515 12
737 879
809 984
699 358
778 651
14 255
882 708
899 877
582 941
599 356
497 345
626 230
958 703
719 946
999 182
159 242
35 435
241 769
568 935
387 69
26 615
987 64
538 9
694 485
107 954
611 716
201 589
724 364
62 659
636 665
791 310
717 361
271 15
74 669
944 754
239 736
388 536
765 257
753 957
641 487
685 5
897 184
272 361
654 426
236 438
884 888
139 505
56 965
445 23
190 965
706 64
367 369
303 842
394 206
862 311
559 539
427 154
339 41
927 477
8 436
550 490
560 949
183 962
66 148
217 546
241 903
62 672
698 590
218 919
753 31
455 603
749 555
138 667
513 544
697 136
702 480
289 799
815 91
980 424
214 396
649 324
851 953
510 431
345 852
675 498
132 973
586 389
746 378
168 401
181 340
418 24
363 88
695 561
5 114
822 373
299 332
120 855
557 627
562 971
651 262
205 670
40 108
537 914
578 915
178 981
456 171
557 977
749 918
651 383
852 144
807 859
36 753
989 607
347 386
801 556
531 732
584 558
140 581
828 918
263 917
294 230
729 158
734 273
284 976
399 926
419 346
144 178
737 692
957 924
508 869
27 7
118 125
987 574
849 344
379 166
141 523
199 464
655 515
856 505
264 593
336 469
126 659
294 243
605 105
137 525
92 230
630 808
570 528
532 7
915 977
115 887
858 177
472 636
145 241
403 765
549 590
860 223
409 287
342 297
130 643
763 290
785 49
489 990
788 54
611 421
688 116
49 654
453 478
324 593
920 358
312 475
732 832
840 631
36 82
54 890
346 244
67 829
795 70
351 359
698 174
851 416
345 544
556 993
866 889
995 774
222 558
419 843
307 144
78 321
950 250
239 912
63 952
223 150
971 309
847 768
38 370
131 332
249 553
10 42
361 794
469 327
763 545
307 265
867 602
306 40
369 325
522 604
849 733
855 484
211 153
931 250
408 209
36 566
149 214
420 448
678 972
506 451
84 499
645 795
198 335
795 325
679 379
808 264
450 556
670 559
764 194
246 268
452 336
911 887
206 869
773 428
200 795
47 287
511 916
607 395
555 205
925 970
436 513
306 403
598 696
240 988
147 760
794 379
926 269
380 510
292 626
812 921
956 377
550 921
551 328
850 624
24 811
924 573
211 408
679 513
806 968
364 357
42 343
620 54
776 567
671 285
703 991
288 749
670 814
136 355
194 67
937 111
190 591
689 46
198 940
757 409
113 344
891 409
290 714
319 183
155 755
45 883
912 697
40 539
394 771
48 134
177 773
889 979
419 535
529 178
479 586
138 293
878 591
146 642
867 173
473 771
187 414
266 707
913 289
13 298
63 644
696 291
765 125
436 889
346 178
193 902
207 248
179 711
984 879
638 471
836 715
784 296
696 412
68 843
140 194
484 4
407 309
150 653
957 187
346 299
590 430
328 659
975 995
125 596
488 648
422 294
207 140
119 256
754 538
267 945
950 184
850 1000
803 659
407 430
935 815
417 889
200 366
747 764
269 725
791 541
87 196
818 415
226 540
317 658
119 148
611 839
611 610
32 903
970 957
880 246
112 145
764 825
347 951
906 649
876 248
129 728
265 323
960 885
430 656
352 736
649 434
286 382
896 82
808 198
288 199
279 608
465 798
50 556
45 212
597 954
536 678
159 728
723 770
962 786
612 673
698 713
865 890
925 904
307 562
202 280
964 832
147 344
372 957
909 896
159 849
42 35
971 498
396 267
888 958
729 147
439 85
436 339
839 958
672 552
316 688
634 31
984 558
406 581
757 101
330 34
557 979
739 727
357 167
866 273
766 335
716 743
177 465
72 183
667 329
639 267
551 383
145 927
401 853
349 168
473 463
10 473
421 44
481 58
398 289
334 570
210 992
434 922
131 884
19 414
132 291
717 981
990 322
123 471
888 45
409 47
531 976
405 342
243 14
382 587
101 833
610 976
134 229
306 713
483 117
684 107
400 348
223 715
864 977
944 448
682 182
236 361
260 718
67 589
898 746
394 718
356 426
595 708
39 490
832 126
923 281
408 64
181 839
129 649
97 202
313 995
891 706
10 957
908 121
137 769
362 887
742 354
714 521
76 264
777 577
923 402
207 195
806 231
844 523
135 26
967 822
315 667
15 375
502 493
156 85
264 850
133 138
871 67
482 26
941 540
509 654
550 655
844 873
667 8
624 375
561 26
712 424
693 182
592 773
769 177
146 952
177 36
605 483
206 737
135 39
613 603
962 491
332 324
245 850
975 137
99 503
374 671
11 619
145 619
84 380
299 268
373 217
901 373
345 909
725 376
155 31
289 748
335 864
209 496
742 959
336 271
914 19
542 376
800 671
953 913
846 558
830 25
804 790
785 548
78 686
31 574
86 281
490 859
58 219
493 147
952 661
718 494
861 277
52 404
714 789
661 633
605 967
58 340
746 677
171 217
286 692
272 794
814 848
523 110
271 569
992 854
614 908
573 870
414 325
484 569
234 394
673 993
979 282
676 510
194 995
510 972
582 811
1000 570
114 477
664 392
576 508
741 575
414 217
214 829
592 223
726 452
184 923
437 349
826 161
445 698
963 395
174 649
499 934
480 692
791 288
488 516
914 395
388 285
32 421
173 131
809 49
525 290
599 239
62 300
829 930
72 722
595 763
579 1
727 690
765 945
400 295
809 988
724 355
242 352
913 291
935 575
90 483
269 485
833 298
139 604
617 414
615 304
620 419
895 358
468 816
657 715
426 819
149 16
75 67
388 298
118 437
624 309
398 720
897 175
833 648
530 647
282 545
474 715
166 370
193 207
363 655
745 720
757 774
242 594
338 827
841 135
904 191
262 953
143 736
912 15
248 789
848 525
671 892
187 550
586 30
622 478
924 254
48 620
111 905
56 969
50 437
564 658
261 620
285 977
118 800
481 623
517 317
410 154
269 969
131 739
107 153
558 843
310 741
258 322
607 210
870 849
455 607
207 505
501 723
205 661
403 151
647 777
857 321
476 895
999 670
976 723
888 839
776 140
354 151
170 330
68 282
417 207
694 744
898 251
339 516
764 22
172 110
27 924
669 162
589 664
195 508
597 259
392 793
905 146
849 214
885 433
620 916
577 280
408 508
143 991
182 690
414 30
300 911
66 744
695 686
984 560
392 914
836 396
734 385
482 807
351 95
788 850
77 529
999 804
586 406
880 624
639 498
630 678
160 234
304 922
353 814
119 647
991 576
908 807
713 339
792 632
401 976
872 332
321 458
701 221
365 235
527 68
236 121
7 298
824 520
311 938
149 647
419 242
513 106
360 830
616 527
46 411
560 861
771 815
444 420
939 628
166 412
493 578
401 989
611 533
69 250
360 951
434 348
637 936
193 959
117 183
934 405
170 9
686 828
782 536
465 600
666 590
924 885
416 415
514 758
637 828
566 359
227 664
356 549
595 831
788 997
777 579
390 133
567 769
598 82
171 769
147 146
992 238
23 605
451 823
303 659
246 125
485 407
41 659
564 471
435 320
319 374
226 826
713 944
959 182
23 497
685 882
368 946
160 731
531 415
192 949
407 608
775 775
453 724
324 839
420 547
943 588
341 25
938 15
684 364
799 314
680 888
100 313
735 595
518 826
802 356
838 13
399 380
366 203
493 15
897 364
953 902
395 611
133 611
596 372
862 491
688 604
724 557
313 434
337 791
230 436
877 18
436 504
207 681
257 44
563 316
458 34
740 915
807 676
562 91
853 563
99 855
820 386
258 619
891 266
101 406
45 740
403 219
894 722
305 852
308 332
263 855
249 691
73 694
871 674
496 568
293 468
122 61
210 699
853 805
219 933
0 337
10 530
431 523
876 910
499 923
991 631
595 631
240 174
993 677
840 206
974 398
131 941
327 587
492 920
984 628
729 338
751 97
734 453
99 171
849 403
71 109
761 290
819 497
81 531
934 218
851 449
920 54
741 577
801 628
388 984
503 934
773 566
0 579
341 643
560 687
99 63
221 174
997 395
80 952
606 281
284 230
779 172
935 685
539 456
931 980
100 823
461 765
222 254
755 983
805 346
265 890
846 118
636 537
653 706
498 832
713 757
210 136
984 991
979 647
280 646
94 190
82 890
462 357
407 421
775 588
183 713
184 120
535 872
650 593
670 242
785 229
718 993
427 255
528 832
330 359
421 477
32 665
228 311
16 657
365 545
520 190
57 429
389 939
342 827
115 370
249 370
942 593
842 655
699 835
50 426
108 367
490 432
999 309
880 129
608 424
167 193
850 186
621 134
488 773
598 379
835 63
713 891
754 892
124 725
480 360
130 247
204 196
278 145
892 75
539 711
753 374
417 196
707 672
361 35
886 674
349 735
462 612
379 843
847 948
630 196
800 607
356 859
445 379
82 327
804 726
680 956
243 918
81 102
172 220
911 596
594 623
346 558
743 194
225 497
780 261
986 366
463 325
91 682
430 902
843 317
889 433
840 19
570 158
487 618
387 680
437 272
179 502
602 376
290 747
338 266
202 634
546 444
205 676
12 510
31 523
241 104
232 513
634 264
823 200
396 621
580 967
352 285
646 503
615 924
668 33
744 580
458 223
105 859
380 798
511 49
249 49
502 229
273 406
438 510
880 855
503 868
668 972
754 221
888 975
487 631
781 849
523 288
896 799
970 748
206 352
954 511
202 647
441 929
163 921
139 69
918 36
457 873
765 760
947 508
231 301
895 52
112 875
690 586
915 970
385 475
450 870
665 758
990 326
233 118
715 121
903 815
576 457
213 405
722 511
851 396
971 986
964 44
537 465
702 44
186 945
504 59
473 709
904 932
194 247
956 570
656 278
730 227
427 189
991 2
146 701
471 3
779 119
536 361
431 833
197 666
594 73
277 137
392 124
815 944
39 494
307 245
983 528
661 248
523 543
638 530
490 366
486 890
175 476
989 989
592 764
499 307
308 776
349 777
504 422
822 997
720 949
429 248
878 74
728 544
19 84
711 900
84 479
833 597
37 663
548 613
135 969
683 20
435 672
434 713
487 81
617 834
105 659
886 729
600 372
493 246
2 682
332 557
46 200
547 253
877 128
304 495
970 319
906 829
734 79
706 246
9 843
955 721
865 10
383 495
226 23
11 623
952 423
33 382
564 18
743 249
519 275
703 850
412 149
395 734
804 673
427 686
573 511
297 842
144 334
672 490
452 221
479 324
551 200
525 965
19 339
406 519
194 865
920 740
197 345
876 899
866 211
604 211
898 429
432 922
879 150
86 285
526 557
779 737
125 213
663 791
735 142
859 437
248 283
891 389
657 222
335 171
440 224
178 224
133 976
307 863
871 676
427 928
177 524
545 691
653 224
630 735
262 339
900 330
542 393
239 355
583 165
335 63
25 103
99 52
301 452
898 442
89 532
686 522
340 114
369 815
648 1
47 535
864 794
848 32
435 122
333 340
407 289
333 111
725 635
466 640
378 756
383 871
684 45
166 119
372 224
831 509
624 408
137 815
252 536
202 944
549 759
636 647
58 707
906 279
106 189
942 690
4 178
231 598
312 294
649 882
22 195
657 477
668 343
434 176
535 982
282 307
149 946
837 300
14 721
864 928
308 710
748 982
187 420
541 652
539 579
703 421
367 472
515 370
59 127
969 577
564 757
382 780
146 769
449 541
380 182
550 593
302 491
558 942
140 200
286 254
497 703
43 267
640 257
411 663
855 182
753 134
579 18
680 824
802 521
826 878
760 295
295 195
38 310
373 34
142 367
390 203
629 485
188 254
40 90
568 246
45 205
807 491
149 262
571 665
827 591
926 304
783 26
22 571
187 904
815 207
691 666
333 729
842 81
933 199
126 399
346 668
850 430
745 148
800 609
538 609
254 850
486 153
477 333
838 83
237 617
853 849
858 964
933 320
470 330
184 727
136 979
757 94
657 156
43 522
280 206
748 540
789 312
679 440
340 974
393 83
240 807
16 96
133 681
193 695
604 266
549 330
953 154
53 163
928 97
759 325
253 453
827 725
428 979
527 167
250 155
379 40
563 615
463 448
642 679
912 274
619 695
997 89
639 381
360 929
379 979
126 533
368 561
464 794
422 797
981 266
807 867
793 969
645 51
232 636
892 682
88 628
616 747
332 759
11 115
405 685
952 854
64 126
738 107
154 56
706 798
11 236
348 824
819 446
898 739
499 993
263 228
953 409
246 813
510 105
455 169
460 513
133 118
429 934
584 808
933 696
229 351
487 875
817 750
294 709
662 876
491 994
319 244
752 806
871 757
771 819
659 349
925 468
820 940
785 165
759 930
685 752
96 357
872 578
462 414
808 822
357 886
954 876
880 173
883 178
7 544
419 717
400 475
658 999
694 656
606 580
201 760
853 420
354 773
266 889
25 534
715 715
80 204
835 817
26 907
203 311
249 427
992 242
363 943
210 435
545 425
512 248
835 938
773 60
107 199
401 188
795 78
762 130
362 196
983 772
694 669
852 60
790 377
67 19
108 545
187 838
903 25
22 276
57 728
148 92
253 145
249 669
185 913
969 995
898 297
96 612
583 959
466 145
894 592
421 897
575 546
131 798
654 839
90 797
360 621
275 25
684 489
276 435
455 666
969 887
549 264
884 25
942 195
364 218
281 449
429 384
425 908
487 325
528 326
352 100
515 801
232 220
625 380
608 736
476 28
505 729
362 680
207 806
394 632
707 863
158 392
961 487
534 154
971 909
947 323
212 103
410 347
480 793
347 449
801 619
765 696
534 275
295 518
28 403
336 290
258 865
896 627
780 681
797 96
926 506
535 850
876 914
838 393
213 570
498 702
186 881
559 160
294 643
459 976
215 121
894 150
305 280
255 688
286 1
783 807
571 170
736 466
328 412
961 850
228 999
345 352
936 39
745 471
8 178
911 211
375 645
153 532
956 856
199 648
430 517
592 350
743 748
528 594
613 638
714 461
843 871
306 895
786 300
276 235
111 656
479 823
320 12
789 756
613 759
967 762
390 192
537 656
757 659
242 479
672 292
186 318
566 310
213 946
528 18
970 134
426 7
837 544
100 22
972 180
702 356
917 244
862 308
903 80
366 141
820 311
302 385
990 759
556 238
599 837
280 74
106 675
703 665
598 383
157 906
279 603
477 93
270 783
449 785
913 660
908 316
283 493
933 80
308 257
506 272
851 950
469 619
343 251
421 844
844 947
121 552
355 490
527 974
902 888
484 375
952 480
84 670
700 902
60 47
165 100
192 203
758 614
379 29
348 450
497 21
788 493
306 224
154 621
713 319
556 601
938 666
167 560
146 208
435 45
946 32
151 286
395 912
376 670
753 391
161 745
940 483
477 456
435 984
278 512
443 845
980 555
591 743
768 147
88 388
286 632
704 391
318 850
858 40
706 666
563 617
976 32
155 563
642 681
325 745
125 162
634 268
231 292
298 53
666 220
621 743
965 553
354 628
290 872
539 381
539 152
122 241
251 917
571 104
906 94
383 807
185 297
792 746
88 630
331 122
607 700
739 856
775 284
496 869
90 181
265 936
939 621
249 174
820 929
732 816
854 513
933 806
909 220
0 638
407 467
813 926
715 354
742 457
678 701
423 182
777 451
94 946
364 770
207 69
83 528
410 657
702 48
578 470
850 929
607 942
32 711
913 231
706 921
670 998
926 924
403 883
608 120
539 515
841 62
488 698
161 303
796 585
235 23
317 816
437 652
946 758
894 339
980 113
467 531
470 11
998 167
48 547
973 339
176 998
188 69
331 606
745 889
60 786
182 483
41 544
169 958
575 185
420 311
979 9
406 376
194 722
409 418
376 241
799 307
782 663
465 956
212 547
334 244
375 16
454 834
591 543
668 534
762 132
230 308
660 121
945 253
609 304
210 558
213 75
583 840
853 435
667 16
729 894
686 29
219 792
682 553
415 438
250 896
685 70
131 679
487 314
805 889
230 429
887 433
474 789
780 307
183 88
119 561
86 384
377 856
722 73
861 151
80 340
410 215
112 558
74 266
277 625
743 132
516 907
426 196
339 685
595 153
906 15
690 390
449 35
510 954
742 28
260 513
628 680
857 274
989 659
736 213
410 457
126 698
473 513
593 615
407 159
128 744
596 849
40 631
232 572
562 218
149 574
336 400
905 328
211 405
133 980
467 102
458 282
838 503
907 108
246 628
394 526
901 34
70 402
402 875
135 760
97 10
754 280
346 980
418 331
148 470
705 95
440 578
82 641
949 455
737 47
954 570
496 924
761 404
307 988
642 978
17 926
247 570
665 817
462 0
274 703
332 119
659 285
53 475
774 760
106 301
383 875
106 72
818 278
666 409
960 627
215 244
242 347
476 285
228 183
412 529
959 927
341 60
761 417
888 229
967 522
731 511
39 661
502 422
562 473
326 462
307 183
410 833
262 706
124 247
303 478
674 650
183 827
971 348
866 820
682 245
981 807
814 401
893 694
351 411
925 646
433 709
317 763
174 189
389 114
900 818
480 3
127 602
280 881
994 453
454 768
839 350
486 720
121 70
468 114
487 127
318 355
137 14
634 820
185 728
4 424
454 889
657 723
440 954
622 702
66 484
434 651
814 643
401 245
184 476
604 833
136 728
411 667
342 833
827 582
185 849
245 900
551 943
193 444
666 664
366 372
8 664
435 731
242 602
619 323
118 795
663 366
398 849
492 484
934 829
617 893
574 28
651 477
577 33
389 248
807 495
994 587
755 76
127 736
875 141
61 382
805 836
483 785
323 567
255 369
381 508
208 28
559 780
55 752
154 731
919 534
167 670
165 331
547 433
786 678
944 69
385 334
505 665
679 552
961 652
870 39
842 206
253 565
109 557
539 141
403 509
945 563
642 791
12 624
764 259
110 930
967 93
939 260
409 31
262 506
432 163
514 498
509 154
901 907
109 678
461 342
953 50
653 283
262 627
429 804
256 58
423 989
959 740
7 293
623 525
810 617
195 758
50 111
456 533
379 286
539 275
346 109
287 697
395 1
778 934
437 641
432 297
430 453
886 238
490 238
237 58
321 466
314 12
2 420
38 114
580 168
566 233
997 456
78 415
190 656
658 990
334 112
358 469
513 114
554 115
270 356
5 839
872 461
471 117
555 754
44 538
472 985
935 746
775 528
2 541
291 415
411 480
207 192
155 2
881 631
666 706
699 654
927 518
378 10
448 254
952 53
747 816
370 829
346 243
24 192
521 998
120 654
956 926
596 354
861 837
716 419
652 929
537 713
532 369
690 955
363 826
960 816
72 88
294 726
512 131
756 757
484 69
630 123
186 375
869 405
962 596
461 839
306 965
244 87
615 488
212 778
105 652
224 603
592 770
614 529
701 942
632 842
709 537
32 29
400 950
128 262
417 136
899 139
353 380
688 599
750 16
719 437
94 385
567 80
608 606
742 835
322 249
52 388
649 378
525 837
236 734
621 545
583 24
772 714
982 295
49 90
666 961
36 794
466 378
204 378
923 65
25 672
942 78
319 853
148 217
0 90
225 437
294 42
712 555
617 961
887 556
918 660
109 491
548 861
436 391
21 149
820 502
42 437
405 260
11 858
639 198
928 35
566 851
874 738
794 715
791 969
247 88
522 27
832 741
659 32
134 147
254 212
980 841
870 215
286 689
710 199
601 966
912 333
231 349
542 507
84 861
32 405
51 418
519 523
348 870
255 450
642 859
86 641
650 454
865 379
705 915
746 916
1 8
980 854
689 382
443 915
312 166
210 118
275 513
779 46
357 582
558 572
184 102
731 271
130 805
297 982
405 744
195 934
410 593
181 770
955 393
726 570
46 811
110 72
743 510
691 54
613 400
236 413
48 362
617 290
226 634
350 929
6 136
243 537
793 452
335 540
467 696
444 483
409 462
786 183
736 591
156 16
180 410
438 934
409 233
312 300
108 241
679 996
613 642
351 642
781 226
225 8
791 648
417 178
221 303
799 243
532 653
790 194
234 996
941 363
13 768
144 19
718 291
484 124
355 239
847 701
547 409
259 945
515 605
885 175
563 124
936 406
74 899
69 555
366 253
397 357
775 946
154 370
319 666
980 183
281 145
327 32
882 254
660 178
240 787
216 201
54 139
618 181
735 766
569 962
507 84
190 148
787 138
933 192
57 787
570 140
538 602
502 908
412 197
381 389
7 148
461 89
815 92
980 425
393 894
509 22
698 941
230 607
450 610
307 790
202 508
422 548
890 653
64 803
358 792
17 728
116 212
718 546
424 328
372 138
998 829
38 787
524 680
159 30
995 265
637 328
557 39
20 100
672 780
727 487
341 680
281 400
33 564
308 503
726 262
537 97
580 962
159 151
338 382
118 113
766 563
843 783
482 575
141 282
361 285
139 172
636 224
185 288
223 580
214 989
28 341
258 803
330 154
187 105
1 881
794 554
54 744
541 337
958 625
600 917
961 896
120 51
988 504
396 629
556 618
360 935
206 239
197 648
696 103
324 460
38 103
855 96
535 680
860 211
727 621
92 110
704 866
513 103
900 512
927 386
552 997
574 527
238 578
508 173
755 804
675 286
181 946
124 412
699 643
647 224
627 740
44 419
792 53
128 827
711 882
697 984
576 694
653 877
890 332
336 712
229 586
690 944
979 818
13 473
68 897
434 466
269 887
401 289
910 166
769 981
254 764
739 284
918 286
534 818
97 551
446 705
716 300
941 418
512 241
267 181
781 402
549 833
907 541
34 882
404 186
842 826
964 523
785 292
683 244
237 423
989 58
75 361
51 970
216 485
464 358
587 428
377 847
862 367
30 739
584 130
448 498
286 436
236 844
728 781
411 845
20 960
445 200
785 534
95 87
279 662
155 138
377 968
661 498
834 655
755 133
278 437
512 375
966 545
773 416
467 898
805 893
588 141
431 386
648 909
799 324
458 260
9 959
826 952
860 11
479 319
317 28
538 670
794 367
188 786
687 204
191 562
650 322
77 460
925 32
932 974
233 973
71 911
281 455
358 150
200 796
437 214
882 335
807 915
669 456
834 789
345 332
66 917
663 907
759 615
224 42
704 679
284 93
506 923
936 19
358 42
234 501
406 985
47 409
524 748
665 458
656 904
398 114
444 459
480 907
783 679
521 679
282 168
675 99
107 810
811 926
542 509
621 802
63 740
235 995
49 576
302 2
866 569
976 212
764 558
851 446
378 522
909 158
401 920
303 348
826 389
5 654
146 401
476 276
421 340
505 977
109 748
238 633
931 856
392 282
134 283
111 528
773 913
33 874
807 2
762 754
228 66
183 818
486 590
669 940
903 878
595 762
684 282
579 0
746 931
885 43
964 336
501 346
647 400
315 829
318 346
142 120
419 657
498 950
9 759
711 11
265 190
247 587
32 662
238 996
186 311
654 416
62 541
103 542
46 8
506 252
39 786
433 942
579 242
708 881
689 639
56 726
147 90
231 727
287 70
806 406
718 293
993 232
814 755
714 588
800 591
805 935
68 147
362 365
647 763
193 327
614 357
655 358
292 306
550 830
870 17
467 832
197 971
840 111
35 909
117 719
731 878
901 535
139 737
548 905
6 622
849 79
706 67
978 489
764 237
611 961
638 835
755 188
677 534
200 838
864 589
365 905
303 27
62 904
714 830
915 820
827 478
967 192
377 915
721 725
614 599
516 27
617 79
433 258
27 802
38 668
432 33
616 379
454 88
712 612
767 548
876 720
631 135
409 22
655 492
89 569
22 579
130 607
873 422
350 381
286 854
938 551
687 151
379 35
936 892
172 459
939 143
340 43
842 439
401 962
821 87
537 328
845 215
478 916
321 215
156 636
500 446
104 217
902 197
857 683
72 413
846 36
77 757
906 87
675 154
840 487
694 167
649 919
231 177
303 282
74 459
456 524
93 472
693 962
481 288
390 695
546 683
871 739
463 685
714 267
442 333
722 616
273 524
168 996
548 463
226 220
267 975
284 161
927 267
426 510
381 996
632 578
618 680
310 298
728 57
339 999
540 760
975 917
973 90
451 688
267 867
716 168
532 118
60 537
657 527
767 924
435 185
458 812
379 290
943 332
673 471
945 930
282 586
18 247
298 301
726 748
124 414
738 573
449 470
5 722
459 929
355 54
608 234
673 592
258 121
259 989
345 763
512 940
147 253
510 342
763 522
147 24
451 930
644 830
336 714
382 830
330 411
868 989
80 199
773 163
704 63
63 3
890 455
551 989
89 140
820 359
80 91
406 261
689 815
708 828
202 202
460 763
601 473
119 204
388 594
935 992
635 471
299 256
896 246
202 323
899 251
780 71
601 594
384 71
790 493
697 302
358 836
898 63
839 880
562 77
13 838
179 312
891 23
340 674
774 606
490 847
584 253
993 421
98 508
426 310
560 310
937 785
926 367
95 210
764 305
172 393
22 863
227 100
903 383
971 783
145 970
860 952
934 901
373 568
63 379
555 87
412 267
802 947
814 18
771 614
194 44
173 924
784 260
610 898
106 870
651 670
670 683
869 75
917 789
683 622
287 393
493 498
763 93
322 616
387 745
517 37
579 686
794 611
1000 679
76 294
458 396
654 42
394 869
444 461
318 93
870 340
121 976
441 163
553 404
165 753
41 229
593 971
885 850
635 150
7 581
843 853
461 522
139 471
529 168
157 525
284 337
662 926
462 343
271 812
252 533
838 630
915 325
566 171
879 631
263 170
846 225
142 109
190 823
821 397
157 417
788 220
13 409
808 872
649 61
172 661
309 407
204 879
815 767
331 425
802 276
950 174
289 657
485 340
748 979
32 772
968 982
847 692
448 192
833 757
819 630
511 477
337 590
357 10
651 228
904 179
157 659
275 880
480 117
545 475
471 297
863 821
352 834
407 541
672 58
219 719
998 457
866 826
640 254
287 890
180 764
87 536
463 69
499 251
807 367
619 545
173 724
892 411
658 244
222 616
781 351
552 491
617 657
161 377
694 840
463 419
752 293
475 244
623 142
609 244
399 434
204 195
429 542
424 198
2 734
626 827
46 23
376 652
992 655
852 123
587 606
881 824
894 763
839 827
85 624
742 894
198 501
60 42
982 583
371 429
142 606
744 445
348 445
205 662
893 16
688 550
306 219
256 627
421 960
42 375
498 389
448 797
682 964
23 96
47 224
203 966
294 330
411 915
