0 0 1000 1000
10000
593 663
696 81
871 607
497 137
722 255
603 792
732 448
809 668
449 96
60 284
846 964
395 799
818 902
481 48
799 623
615 802
386 979
463 674
810 489
870 503
314 810
971 851
759 672
616 623
277 928
930 261
720 451
35 348
329 566
921 212
100 743
804 859
953 393
292 913
958 508
512 916
997 436
980 792
80 993
386 282
515 167
415 983
14 410
471 97
949 395
915 259
31 764
361 639
306 703
342 397
524 108
534 338
231 300
485 153
624 231
952 33
100 985
10 8
450 51
382 819
844 621
333 405
852 970
683 932
772 452
142 56
818 339
437 876
974 586
941 409
719 67
555 639
458 935
981 976
286 185
211 11
823 804
887 65
436 129
909 578
205 462
105 524
482 245
770 648
99 480
355 406
361 894
356 550
822 57
371 121
651 175
202 83
50 709
418 876
573 484
320 75
550 537
159 881
713 6
902 925
840 47
0 70
271 304
890 578
174 371
876 414
507 22
80 443
723 815
506 322
244 551
165 29
906 936
409 655
963 9
386 900
804 659
491 199
530 127
163 370
777 4
130 193
365 962
238 140
899 374
389 309
997 128
295 610
503 788
580 779
327 333
43 574
767 605
610 887
161 795
385 274
477 277
287 382
648 95
763 82
680 313
201 86
371 497
885 718
296 94
707 860
889 837
120 97
311 860
228 862
840 194
762 503
772 962
674 390
887 912
450 911
725 621
174 747
774 742
22 878
777 259
388 972
350 680
243 288
699 339
649 747
951 560
393 498
118 293
26 704
320 922
296 336
227 465
884 506
205 154
793 324
237 106
555 681
803 517
734 683
159 452
228 57
847 560
916 165
635 152
599 458
43 11
989 909
390 55
70 639
636 525
468 914
614 214
449 635
605 394
674 753
412 753
98 68
258 57
827 214
226 519
959 104
988 805
620 409
876 335
671 869
270 296
421 465
444 597
48 597
576 982
920 297
918 453
89 894
307 299
501 579
435 713
151 725
677 283
238 879
379 589
631 810
488 761
909 525
716 359
812 821
903 185
963 990
383 415
113 591
994 340
539 699
420 482
266 15
868 349
483 538
87 309
615 657
78 718
389 122
325 366
989 117
686 308
639 233
966 362
429 423
305 653
19 259
134 1000
175 772
505 418
885 410
439 64
89 210
956 61
842 188
792 367
668 826
401 711
487 485
263 777
684 541
730 657
513 659
740 850
857 203
912 139
540 496
237 724
815 206
603 552
919 529
654 783
845 85
831 187
657 263
690 211
915 824
93 221
252 214
238 316
40 560
926 424
334 549
702 716
67 205
576 311
361 386
466 439
520 904
575 611
748 539
409 844
159 144
255 377
692 378
279 734
1000 494
854 147
897 783
186 920
754 209
358 209
960 314
132 391
249 976
896 558
767 673
150 216
221 96
340 47
773 838
890 191
162 684
561 918
974 333
118 348
202 756
761 454
329 568
494 635
29 47
934 153
339 761
717 155
529 104
345 283
317 450
470 692
110 120
202 877
862 923
103 117
142 45
1 69
684 99
909 217
790 0
225 982
657 639
560 743
233 348
104 463
608 225
415 59
175 343
786 2
450 282
142 166
176 982
496 169
389 43
573 123
275 695
825 344
85 305
315 767
934 516
39 832
409 402
144 885
340 531
653 762
821 346
564 690
96 356
266 996
619 131
572 285
168 195
481 655
880 172
792 288
701 695
90 770
61 69
613 582
269 772
635 341
883 406
948 572
626 521
750 816
982 156
741 996
639 985
329 5
895 645
463 5
93 960
509 875
531 634
829 62
291 652
186 370
81 842
712 416
786 365
488 937
101 262
307 367
207 429
408 419
834 298
32 842
388 706
534 6
952 519
217 824
346 480
923 986
937 655
111 842
890 809
403 196
499 429
958 189
655 417
608 830
412 955
135 152
236 958
308 309
76 740
277 730
640 553
271 427
235 504
708 953
73 442
413 776
549 142
584 365
570 430
468 419
809 483
910 535
817 307
495 27
818 946
109 257
725 489
964 771
403 438
306 505
34 83
383 496
749 28
195 445
626 897
771 497
530 142
191 676
158 499
383 846
326 83
162 618
792 556
690 508
373 572
183 677
40 628
408 795
263 148
898 430
194 48
832 39
689 27
611 336
542 502
894 136
651 674
530 613
365 51
419 516
837 275
532 164
210 113
984 968
977 26
382 634
757 511
657 344
539 554
888 213
452 814
23 408
102 701
391 575
162 752
933 858
532 285
284 220
387 870
855 975
421 454
813 978
11 290
217 395
981 562
664 626
576 742
593 157
120 233
736 465
364 822
73 121
83 580
551 685
573 178
584 44
40 883
263 403
772 509
610 218
111 534
887 1
914 858
978 119
391 817
834 340
514 924
94 72
107 11
359 757
744 302
229 876
368 991
894 512
746 348
371 996
980 286
613 758
200 360
723 401
186 425
588 176
103 427
987 410
735 869
157 892
255 3
876 579
427 487
74 894
891 887
963 992
944 750
672 291
930 815
572 353
566 538
516 946
468 3
571 653
841 477
192 68
968 289
634 938
68 32
138 771
721 826
482 315
740 839
246 304
573 662
622 820
732 426
878 251
685 122
2 846
351 771
159 12
386 728
475 248
110 793
466 428
798 938
994 584
204 428
457 608
273 33
820 431
639 356
539 943
998 474
690 321
509 246
860 998
528 259
299 436
275 79
98 446
175 666
233 82
119 505
941 842
378 207
823 69
845 316
327 390
40 562
384 143
141 385
475 261
917 606
22 693
242 962
648 152
240 98
722 138
942 141
61 392
162 444
625 205
267 497
709 842
528 501
596 672
370 329
912 383
769 600
996 791
521 498
194 103
777 195
125 269
875 501
708 324
792 732
212 157
649 912
501 31
118 229
541 332
785 958
530 439
339 871
26 411
323 109
736 278
820 915
87 98
667 444
345 393
947 727
14 293
693 847
643 501
51 589
577 635
508 47
117 391
461 689
567 856
768 617
446 566
845 571
32 697
691 104
32 468
753 753
864 32
348 933
511 402
810 735
268 186
524 112
567 748
601 332
465 471
129 522
265 117
17 52
173 528
797 392
379 404
136 646
370 584
198 63
295 935
625 810
685 861
284 517
148 885
996 457
223 12
720 818
255 984
67 933
43 310
337 528
923 625
42 876
739 50
620 587
212 533
637 2
501 407
974 819
437 880
936 335
456 893
671 818
358 587
223 133
61 71
718 112
272 291
401 176
631 867
700 472
479 998
978 416
75 127
171 64
916 706
847 872
198 197
371 125
964 639
504 883
264 147
162 136
396 74
234 241
951 296
560 411
326 998
529 832
389 300
912 75
129 898
825 601
663 768
713 131
933 134
878 198
93 386
280 249
353 727
463 370
585 67
955 832
839 886
435 796
658 545
186 735
456 330
160 39
230 778
569 207
249 791
32 268
159 80
954 543
992 835
384 198
833 24
301 429
769 534
862 725
359 370
605 840
309 24
89 509
787 551
209 611
372 80
143 220
776 429
927 73
753 674
660 483
985 14
472 432
109 380
539 193
398 217
921 258
188 673
582 563
164 279
260 512
517 848
23 276
42 326
909 140
360 864
649 738
98 864
762 615
638 91
643 435
316 40
491 566
752 836
799 682
814 253
232 800
227 227
829 561
846 205
292 622
856 435
603 743
864 784
456 693
459 964
435 341
724 215
679 967
247 327
109 622
155 738
527 115
494 921
513 971
288 35
221 45
864 905
210 115
449 397
753 808
835 847
627 440
403 924
912 801
860 382
982 79
208 456
736 575
156 0
906 269
507 523
944 497
715 637
541 521
838 744
855 159
631 680
172 883
378 759
133 403
551 687
642 280
592 688
513 395
468 918
812 691
977 41
261 588
995 812
668 454
916 290
811 237
962 406
566 406
67 759
404 344
846 460
538 344
290 242
744 183
988 809
64 424
826 747
509 811
669 9
528 824
834 113
448 535
904 522
149 131
552 255
758 589
82 77
885 401
441 653
14 845
917 353
127 722
858 712
43 499
791 887
693 352
247 6
744 546
670 368
331 902
329 75
208 14
366 371
70 309
550 717
457 489
611 138
337 838
49 142
651 476
398 30
155 309
96 897
460 127
9 191
859 132
900 133
924 490
616 374
165 209
216 669
49 263
546 315
697 713
105 838
209 666
61 502
38 784
124 33
363 315
982 818
877 536
170 674
242 25
662 382
404 841
159 27
577 503
692 261
356 46
204 443
176 610
317 320
792 613
778 678
167 790
420 970
695 909
607 796
662 503
398 393
687 267
986 829
926 549
310 280
814 79
62 215
164 226
917 729
2 164
774 909
851 375
787 619
616 737
313 965
695 801
187 331
531 141
445 626
333 156
608 95
613 210
444 401
634 498
176 852
873 780
437 627
270 221
760 85
280 680
932 340
739 965
995 625
692 853
458 457
378 922
501 275
298 175
148 645
573 114
325 49
330 393
75 103
505 919
272 159
602 34
860 558
640 60
767 101
404 49
851 509
194 239
190 992
818 332
240 355
142 49
955 337
657 643
658 50
663 165
869 499
122 484
538 399
144 997
37 642
629 288
837 466
513 342
298 417
0 760
41 761
917 166
316 471
440 766
168 307
861 5
966 58
308 58
79 235
411 708
442 812
700 582
717 751
612 469
791 700
629 638
794 217
290 189
840 858
783 58
129 766
275 820
447 109
250 992
16 825
855 577
282 944
851 872
92 820
524 477
818 466
730 582
675 646
202 197
735 697
611 890
377 723
289 839
961 451
424 17
420 541
597 174
313 415
296 1000
762 241
805 877
832 485
744 601
823 931
740 896
22 616
718 585
759 357
570 192
630 243
616 308
626 767
459 590
767 477
35 33
912 306
986 292
939 180
906 3
107 323
229 20
381 562
386 906
535 477
628 439
227 95
810 187
378 493
199 33
116 493
185 98
135 506
93 280
951 540
786 732
73 796
978 673
1000 432
3 737
772 16
975 604
732 617
699 440
196 85
492 901
891 381
46 326
15 976
123 280
664 375
571 147
270 973
249 96
707 974
557 212
645 96
366 681
806 953
964 78
919 830
955 258
308 447
5 638
85 109
885 724
43 112
511 217
535 611
452 805
359 614
656 83
730 32
909 263
413 96
564 494
5 759
619 164
822 789
285 813
591 102
549 859
950 974
837 508
350 915
978 218
529 163
28 635
570 689
688 156
113 450
622 327
899 864
971 215
103 405
227 471
378 869
139 358
417 43
226 512
138 628
744 172
899 46
299 990
779 166
572 102
930 564
118 420
806 40
775 690
442 746
48 361
595 759
887 113
713 980
785 331
18 418
245 875
133 176
609 105
671 754
760 274
531 451
569 706
407 644
236 533
387 177
898 918
483 639
708 757
87 181
515 591
991 291
710 574
448 308
434 410
384 818
117 703
186 308
831 46
524 532
270 652
160 780
884 57
528 947
125 5
727 339
853 478
963 875
287 67
116 185
333 708
462 593
737 532
164 899
971 470
801 59
745 127
98 316
404 359
488 996
193 553
475 239
284 708
819 49
587 480
655 355
736 14
297 647
311 545
801 409
880 473
424 193
11 549
608 539
468 236
866 16
205 536
655 476
127 845
624 897
806 645
405 301
470 430
828 892
951 474
805 945
106 678
329 427
931 761
8 786
383 663
667 193
754 81
360 679
776 594
640 962
845 199
356 974
349 32
445 494
629 840
885 766
450 609
899 664
717 135
328 94
457 733
672 658
694 151
680 253
126 633
377 215
332 738
10 687
417 782
188 730
721 964
139 279
326 142
41 387
468 491
459 900
5 464
877 659
371 558
803 215
739 725
935 600
100 967
255 612
544 449
912 387
144 515
121 797
299 803
693 959
841 857
724 43
417 795
723 84
637 798
67 682
72 760
61 867
264 701
515 283
336 577
28 461
726 503
798 608
627 726
911 256
632 575
945 806
442 680
122 473
750 567
645 285
392 105
727 849
937 393
942 737
510 97
451 914
312 341
790 114
413 164
468 854
944 554
443 272
963 567
472 973
104 577
352 642
384 631
365 352
530 685
984 101
465 704
451 806
93 832
896 927
677 331
183 991
723 447
747 804
126 191
800 401
651 278
135 950
537 701
265 242
774 119
737 237
575 404
613 696
948 915
907 648
249 419
111 943
364 894
21 3
408 183
911 740
140 368
473 19
552 312
192 6
832 595
689 812
389 291
721 764
173 666
947 289
434 707
508 656
984 585
690 138
645 890
877 230
115 432
488 943
832 716
785 412
96 833
853 775
256 556
823 115
195 546
126 675
102 89
580 882
921 946
850 477
929 770
368 474
459 363
920 721
660 353
211 261
59 887
785 533
377 967
494 320
172 269
812 895
672 592
438 425
138 133
565 200
465 33
798 179
388 15
469 906
529 957
425 82
62 30
829 660
862 608
433 431
163 607
359 253
448 968
162 382
676 603
230 782
137 325
145 149
678 383
375 382
195 909
4 146
327 799
677 131
412 385
921 491
596 731
367 90
802 18
850 732
261 337
335 286
971 204
723 139
692 560
687 216
26 699
351 496
683 740
399 981
218 640
969 545
214 935
353 47
382 748
32 406
887 920
976 440
216 163
18 178
215 463
387 984
294 756
294 527
724 340
489 214
475 804
332 230
423 348
767 158
478 55
987 161
679 45
653 810
904 163
293 238
207 235
64 415
121 986
74 874
826 509
289 533
443 448
737 400
899 987
998 212
260 1000
659 746
444 592
805 800
731 622
748 37
230 340
56 712
73 127
532 412
905 923
344 361
667 48
801 48
864 333
819 856
392 523
824 934
958 934
703 644
794 45
405 987
887 236
317 874
389 225
427 480
917 344
721 469
148 836
289 546
583 764
894 397
765 246
71 818
888 811
198 364
103 770
263 759
606 869
501 587
394 424
432 716
862 529
578 770
583 885
316 770
586 136
164 901
864 346
547 639
533 475
175 538
574 18
419 898
577 23
377 901
251 762
196 826
724 716
474 16
393 882
2 960
336 82
874 889
327 262
891 304
10 555
786 776
598 496
904 768
995 132
119 727
301 246
55 971
600 542
350 367
107 609
881 3
800 832
839 6
899 545
656 824
348 671
431 211
114 275
540 383
586 499
157 322
57 909
767 776
175 901
266 265
188 840
114 625
389 601
664 540
575 727
126 635
676 550
103 917
440 502
440 273
118 222
6 984
467 147
481 45
293 977
122 112
66 971
823 196
317 324
570 504
630 784
982 943
454 558
723 194
976 374
981 718
957 95
546 561
236 335
103 220
39 464
194 109
975 674
842 559
792 967
909 320
699 739
231 405
281 751
33 686
284 268
573 105
5 587
509 386
580 266
747 443
929 154
184 37
497 268
423 53
474 513
56 525
138 564
950 213
298 287
834 38
624 228
355 40
792 41
436 931
761 691
673 578
981 731
189 236
529 570
326 507
670 280
307 228
295 928
336 929
721 511
308 867
776 972
795 985
159 515
775 747
401 277
621 280
442 803
607 116
199 816
479 870
940 33
391 757
358 580
876 277
895 290
924 991
270 467
421 636
159 636
74 3
406 476
776 46
332 298
984 224
227 770
879 696
20 706
493 926
372 865
620 701
661 473
807 527
163 462
146 818
13 703
961 213
880 517
639 162
586 70
630 342
962 815
733 992
272 405
957 242
654 470
308 62
962 586
354 178
827 627
698 742
422 578
188 411
320 301
740 658
666 709
265 365
848 686
260 21
643 991
902 922
401 411
869 516
258 591
406 489
120 886
555 60
82 136
95 75
821 704
366 538
287 16
989 288
58 193
259 183
223 260
393 937
341 481
704 304
464 817
662 307
412 132
978 543
408 656
114 438
375 250
631 176
858 892
911 984
653 194
892 476
850 479
745 197
934 887
323 962
409 773
164 151
637 600
23 966
972 590
153 258
958 426
873 355
220 204
230 663
376 946
799 783
257 500
608 20
58 556
801 600
331 156
797 895
124 92
726 426
795 785
693 774
786 965
32 274
335 46
450 787
582 677
310 218
733 321
185 223
448 862
47 518
167 849
891 614
643 549
1 816
128 857
908 968
273 457
427 106
853 214
113 212
104 621
357 801
319 280
761 396
334 854
492 208
755 847
175 272
777 606
645 221
920 160
4 390
694 342
45 162
876 90
387 865
946 563
662 804
834 93
858 450
472 680
319 172
145 285
217 390
411 404
968 29
686 868
586 930
684 41
193 181
586 112
990 727
302 124
66 113
527 471
360 294
425 689
62 637
676 42
29 231
459 44
786 173
975 863
87 172
854 802
702 445
260 63
298 355
581 155
619 181
892 276
314 299
580 455
604 812
240 764
675 692
202 14
802 275
769 327
884 48
247 925
619 302
426 927
49 940
842 990
138 874
496 353
568 458
100 124
876 345
790 305
413 584
182 422
259 117
256 371
761 772
984 521
621 469
748 281
982 219
505 523
782 831
958 239
669 136
540 251
539 817
514 464
454 184
46 130
323 667
568 700
826 995
497 2
958 360
638 944
727 464
957 660
74 313
160 87
757 77
10 557
915 700
65 264
968 526
235 675
618 184
427 616
922 824
347 364
586 609
746 598
25 838
341 549
229 79
525 895
289 93
313 487
244 616
115 731
136 36
344 968
989 477
663 950
897 888
372 20
337 965
593 891
538 955
552 853
59 957
904 783
298 973
366 619
691 904
229 321
69 103
564 311
373 743
445 848
651 724
431 455
114 748
582 853
879 322
77 866
600 907
727 719
997 314
74 568
489 29
508 42
816 158
972 900
351 324
750 558
122 235
53 630
469 279
176 737
212 394
850 910
0 511
168 58
369 48
238 797
613 445
444 636
81 584
617 564
925 680
813 210
323 117
106 348
818 325
768 733
56 527
276 42
279 276
396 861
284 391
499 50
165 928
270 227
588 802
302 179
811 56
852 848
764 964
926 797
800 392
249 518
772 330
479 980
991 108
399 233
366 56
875 162
423 526
459 220
194 703
552 411
662 54
925 693
359 807
741 872
758 287
763 631
185 654
964 392
389 161
871 164
721 405
17 289
41 646
385 944
121 117
80 79
967 811
492 518
731 800
442 697
750 813
37 877
40 128
86 244
935 980
880 290
107 303
253 357
795 411
280 231
194 716
679 236
73 426
656 518
403 301
96 824
903 129
820 360
11 716
248 134
253 249
860 927
657 73
442 939
483 711
501 994
348 486
231 904
136 78
251 819
339 437
886 835
958 186
686 481
366 311
517 709
708 11
481 786
317 126
415 432
129 75
468 295
841 540
500 247
477 492
752 468
587 660
241 252
141 314
807 892
573 725
448 959
374 781
854 186
102 322
704 656
258 606
781 647
454 252
282 963
874 838
832 841
221 953
458 371
995 81
513 832
67 486
358 958
633 897
805 186
545 784
997 127
520 956
470 381
519 731
641 199
985 9
238 260
40 504
414 193
121 843
542 607
913 254
156 800
678 387
992 25
129 559
358 153
944 479
371 846
985 251
379 441
305 263
53 685
693 79
263 266
447 612
717 436
265 864
278 803
209 969
179 797
559 264
160 518
710 433
705 89
500 623
952 195
145 395
893 554
444 462
879 619
934 326
125 682
973 254
493 849
759 739
671 855
427 0
344 460
798 667
137 921
242 220
453 632
71 338
809 38
590 637
533 103
460 564
656 210
353 401
554 162
55 478
564 621
275 518
691 396
536 522
398 817
916 514
594 234
365 411
342 922
139 822
249 465
519 60
870 812
758 342
92 518
386 470
854 575
793 565
31 13
165 996
817 922
8 524
77 129
416 349
589 506
281 124
134 865
266 1
736 704
371 54
973 388
598 245
231 946
386 591
964 568
757 992
187 876
853 471
930 920
971 692
701 868
324 881
140 306
291 704
525 642
15 540
22 435
572 579
443 465
916 648
88 237
681 751
631 930
178 130
720 184
496 476
928 887
224 771
67 299
790 428
413 707
34 122
158 417
531 928
961 512
267 589
811 487
680 4
528 364
120 835
266 135
82 314
505 417
152 787
711 256
320 600
81 89
605 769
223 667
359 70
944 989
873 291
336 315
878 369
831 523
814 879
611 254
277 903
965 523
294 89
593 651
951 359
940 695
849 82
716 721
444 262
209 890
400 192
171 369
873 412
212 141
358 195
864 592
24 615
982 813
189 911
304 898
767 659
660 533
45 674
672 772
870 262
746 721
83 377
28 441
465 442
485 128
965 536
877 652
844 475
271 613
319 95
967 316
774 675
997 195
386 270
470 678
368 896
779 201
891 442
321 326
128 914
469 978
687 383
334 790
318 28
820 912
648 391
168 986
133 211
381 47
625 673
410 519
587 152
542 675
113 269
880 145
417 909
799 974
480 965
533 37
77 989
997 437
773 958
224 221
960 555
55 183
319 458
296 740
136 522
98 1
958 859
901 325
249 399
55 533
237 281
270 229
481 412
21 922
814 329
153 812
282 468
409 509
144 763
220 987
977 212
108 517
382 820
278 174
603 230
71 635
897 448
570 53
337 754
514 158
937 520
405 925
637 228
320 292
468 981
908 462
378 4
286 415
7 1000
597 48
506 418
640 647
819 915
693 510
117 643
753 295
265 477
549 7
287 7
669 72
256 657
247 874
641 993
729 877
171 61
493 112
718 459
949 880
252 952
685 282
976 754
840 156
850 349
827 631
789 110
617 821
257 249
465 952
788 639
550 996
272 759
523 75
198 315
371 472
739 639
560 408
673 19
512 596
704 537
594 665
24 549
684 824
128 377
384 303
331 965
678 255
595 486
292 714
619 843
214 794
759 594
189 966
954 540
324 373
642 719
494 555
292 835
22 745
278 671
999 956
727 534
529 24
842 484
856 419
840 411
281 676
465 268
547 832
148 332
528 553
867 19
216 961
869 65
700 27
92 144
787 440
126 923
922 76
46 671
558 553
200 91
945 733
236 273
860 366
158 619
846 202
921 434
254 327
615 40
386 217
152 50
32 628
879 500
576 499
166 335
937 212
381 223
969 659
732 746
229 391
96 505
27 405
982 894
679 856
374 220
589 145
541 397
112 220
403 692
525 389
122 413
18 292
670 218
730 269
64 179
499 336
418 448
499 107
31 2
421 682
371 861
35 646
654 395
645 575
87 284
749 403
446 631
229 633
991 165
466 51
256 241
858 575
577 821
683 988
923 906
197 11
119 357
726 806
96 639
834 339
619 414
691 290
467 811
830 634
556 102
733 701
239 129
920 756
23 770
124 822
330 927
584 285
350 118
88 118
704 350
948 747
198 249
695 301
836 11
777 865
221 647
472 229
706 167
436 306
566 766
349 14
431 312
805 1
913 995
648 17
386 17
503 602
69 81
845 302
828 658
248 83
635 758
392 771
772 992
440 253
968 409
357 484
384 358
860 58
430 999
254 248
595 312
842 189
341 661
933 307
709 828
649 548
960 410
148 266
217 891
337 956
982 694
531 4
285 500
393 299
381 733
334 887
378 664
199 433
218 446
658 718
993 708
98 795
220 492
872 189
887 955
388 76
569 151
285 392
307 905
417 548
940 589
117 256
153 438
191 730
529 200
200 964
802 66
286 967
470 559
93 572
825 198
32 333
412 325
797 136
379 377
604 495
829 842
958 727
433 613
364 742
978 147
192 443
352 395
73 980
155 790
599 272
700 95
579 34
639 839
190 747
501 380
699 624
922 144
564 436
454 793
834 31
691 211
305 441
637 914
315 863
604 737
26 760
39 699
259 968
689 552
400 449
656 375
386 285
930 614
80 178
830 447
665 868
971 386
685 29
618 793
833 681
356 756
929 160
524 340
240 581
680 853
129 750
886 692
22 358
751 275
720 925
921 915
21 924
286 404
864 152
948 789
623 992
392 571
6 535
64 476
614 391
325 288
495 928
765 294
816 754
164 599
156 186
240 823
101 250
596 458
983 867
446 928
931 448
881 856
857 233
449 933
798 858
584 111
921 928
181 364
599 877
833 815
552 536
175 586
887 526
95 68
719 649
531 864
476 928
600 469
405 230
849 944
484 294
742 818
914 107
795 415
528 300
791 939
643 58
276 530
876 754
936 805
452 197
668 990
682 659
131 785
714 877
640 891
19 315
888 764
841 652
249 777
118 28
761 134
477 375
783 418
683 480
325 772
917 418
144 202
319 957
905 300
738 123
404 772
932 137
161 785
238 251
31 675
623 321
460 300
240 31
837 21
214 796
723 939
735 10
712 780
519 614
524 729
931 824
752 593
912 316
256 914
925 255
952 883
331 270
448 855
429 842
93 627
994 62
588 606
189 860
200 201
608 26
100 788
425 319
912 437
125 552
180 259
997 252
721 317
234 724
616 560
745 445
724 322
863 666
390 971
668 427
709 199
692 555
563 670
394 861
227 455
760 955
873 832
515 333
336 856
484 791
28 511
52 868
487 796
220 681
514 899
779 150
266 568
715 394
214 112
269 802
866 563
31 930
540 807
956 722
648 340
28 861
726 674
788 91
206 638
949 682
90 692
899 861
589 147
35 527
122 644
328 520
395 281
620 628
386 461
105 448
977 148
399 171
96 399
774 48
994 317
734 915
429 279
11 291
819 959
957 169
571 628
72 944
620 749
914 967
670 112
702 330
666 636
872 741
555 805
44 818
308 110
960 36
896 280
491 231
114 244
950 516
996 403
517 634
500 990
859 105
506 475
268 832
373 131
63 171
326 810
749 876
620 762
260 190
740 827
614 459
724 590
283 588
457 475
173 716
553 183
236 772
456 21
693 459
822 344
450 701
161 598
202 370
515 601
771 527
329 182
766 183
740 948
110 781
270 770
394 311
399 655
204 187
462 711
9 177
962 997
630 295
275 67
593 642
569 19
519 427
483 770
398 137
95 136
69 901
309 65
204 308
765 604
184 824
84 886
965 635
626 940
189 902
901 879
887 715
422 652
384 360
986 694
353 781
210 961
493 532
507 201
468 475
46 486
5 219
739 938
882 492
178 376
720 430
348 787
458 430
394 674
526 830
428 258
650 371
846 17
433 373
815 438
894 997
88 604
465 325
501 19
432 148
30 104
926 656
599 32
526 951
479 610
484 954
422 76
501 140
105 140
79 905
751 22
84 202
479 731
80 985
358 441
900 495
578 444
528 852
526 25
743 548
5 582
159 497
641 500
302 51
725 908
491 741
403 857
492 148
879 557
259 849
273 518
870 508
391 739
890 194
205 320
676 908
30 238
556 25
594 280
291 279
910 28
755 908
227 523
906 552
782 516
515 401
193 121
597 736
554 100
330 392
658 157
324 806
169 932
57 462
708 688
74 816
979 922
275 806
466 108
335 820
662 986
60 652
99 580
659 917
296 865
76 596
750 806
918 390
345 757
694 874
86 237
301 162
595 114
853 638
536 702
28 3
704 286
107 67
79 234
631 976
263 580
577 181
229 932
67 116
251 691
903 122
677 799
187 706
512 237
333 760
503 417
234 229
640 651
860 691
82 360
627 160
474 884
386 771
694 887
802 686
876 635
370 9
600 471
751 869
302 777
635 694
662 302
863 292
851 992
472 407
59 763
823 112
737 826
484 417
262 304
728 777
387 484
225 422
944 109
1 677
260 379
807 777
884 472
810 294
433 307
168 790
925 15
92 14
861 488
589 820
47 500
969 58
341 489
382 490
275 135
15 962
373 441
968 587
338 420
596 944
145 25
587 895
342 310
920 21
825 952
345 315
890 115
264 390
854 192
243 267
537 256
506 677
445 667
109 718
847 418
241 379
499 903
879 370
838 369
961 705
897 949
608 257
429 26
453 154
408 906
869 69
227 565
115 95
903 619
906 136
47 863
859 549
284 318
270 154
170 970
151 691
733 558
635 23
566 152
521 904
824 676
712 206
827 193
958 676
832 42
367 208
881 429
358 388
13 619
421 444
706 842
626 324
366 922
488 619
204 860
706 24
37 454
422 265
188 98
451 966
22 294
622 555
178 807
25 336
603 47
938 37
984 153
631 789
731 498
973 260
837 628
59 334
293 235
969 555
279 337
784 738
421 686
154 571
278 112
168 240
949 805
378 50
398 931
241 984
525 514
690 56
361 820
610 558
519 174
276 453
428 581
675 687
964 561
362 227
895 690
110 649
449 869
996 513
658 225
525 635
772 741
601 630
716 580
143 947
243 885
105 463
499 582
246 173
289 772
829 228
858 929
856 102
281 130
365 767
370 882
968 279
390 302
925 875
417 405
766 293
1000 231
702 803
931 397
270 880
287 295
320 243
428 5
328 67
3 307
765 593
768 110
231 134
308 354
855 752
621 585
523 13
538 816
612 765
643 115
543 931
749 999
725 413
188 474
697 580
255 235
573 773
499 595
399 657
961 397
42 356
732 308
592 5
456 373
509 236
24 487
748 518
674 303
211 313
734 354
885 523
153 79
540 488
490 896
736 134
328 80
204 539
708 301
727 351
603 773
787 365
406 673
376 767
338 475
723 57
59 831
439 298
291 134
81 324
714 8
664 416
571 188
136 31
278 609
985 996
424 434
258 896
588 771
627 470
496 953
389 827
728 27
492 16
712 19
309 309
395 83
89 565
18 96
152 96
387 902
24 850
242 255
533 727
605 78
104 550
780 833
188 958
747 427
631 481
884 661
915 11
428 381
669 507
92 203
658 843
977 71
113 491
858 379
202 977
737 89
296 383
31 866
177 920
758 148
185 515
422 199
369 861
895 382
198 979
93 697
734 959
51 700
68 869
899 797
687 389
520 212
2 286
492 150
736 510
887 154
37 509
653 741
534 561
279 271
193 231
50 448
928 451
671 795
905 962
602 961
233 569
250 738
921 677
511 513
414 617
262 977
386 518
416 397
770 629
30 590
835 795
281 172
213 977
882 52
942 857
730 449
719 290
667 100
462 634
773 38
866 983
396 51
142 400
218 947
235 591
42 987
940 151
804 519
550 868
908 347
173 652
16 934
486 883
551 46
162 5
893 978
874 699
165 239
409 865
617 814
101 483
551 985
752 221
848 683
447 339
127 886
562 60
112 763
165 360
404 413
233 6
837 938
312 824
921 114
480 637
210 776
922 753
259 409
980 694
567 296
806 578
11 832
699 186
883 761
84 822
566 825
239 430
827 866
987 589
472 409
563 527
389 640
365 17
568 642
950 707
755 468
595 250
108 657
140 838
732 484
842 127
704 422
888 997
968 697
858 71
216 604
183 427
893 294
122 151
848 817
512 602
837 133
396 427
826 240
363 250
473 610
60 212
123 497
131 92
736 431
810 417
259 543
228 964
584 599
231 444
864 882
936 233
757 490
729 428
651 774
384 659
637 839
714 305
566 141
466 728
309 256
567 780
23 387
341 962
334 20
14 567
298 97
695 965
55 110
674 613
899 731
720 500
800 200
774 965
323 275
488 608
600 849
245 621
288 25
670 90
322 841
468 895
0 561
607 973
82 859
687 673
241 623
480 905
626 205
755 844
82 41
428 449
987 147
74 631
850 852
633 329
454 852
421 446
402 167
35 868
981 783
711 922
351 616
852 898
263 503
469 342
276 213
732 981
699 804
606 613
991 158
148 701
191 105
182 285
968 965
383 46
921 624
962 625
924 104
860 614
299 52
371 157
157 871
933 863
977 381
292 49
66 460
448 525
131 589
117 691
576 976
841 227
271 340
510 393
885 270
362 229
890 614
23 763
69 879
933 984
177 412
807 350
834 453
724 581
536 759
104 873
897 509
668 686
409 691
390 412
629 694
212 820
334 517
950 520
853 587
741 117
209 522
997 43
481 715
539 922
90 830
281 132
599 707
929 582
398 128
90 12
152 661
114 140
769 566
530 55
3 538
774 415
742 877
570 356
592 115
100 592
140 664
854 7
234 299
79 425
165 428
905 238
476 61
505 762
288 535
2 141
716 716
12 600
394 665
764 235
805 236
366 603
672 646
226 300
489 939
69 87
270 77
872 182
789 413
761 85
838 305
521 598
829 485
359 307
276 13
295 780
61 613
782 144
88 487
881 123
812 252
146 428
753 840
421 138
797 129
934 134
961 762
94 911
364 506
405 544
181 799
513 77
537 434
877 768
751 134
770 147
921 545
527 160
420 34
580 23
213 724
989 945
15 214
621 963
46 732
354 619
343 955
589 193
85 165
255 842
594 271
374 39
506 158
640 158
175 95
457 976
823 545
372 609
592 383
583 563
500 794
613 442
828 330
241 799
576 789
34 506
739 29
768 730
78 512
419 576
917 35
96 566
509 735
44 635
333 509
572 37
472 853
954 856
11 229
112 281
855 325
357 48
854 854
477 113
914 905
582 166
389 37
977 436
36 407
31 63
490 577
980 212
982 258
753 169
560 40
501 628
711 172
158 225
757 813
292 225
278 290
820 344
801 102
825 459
635 564
417 112
95 61
652 918
793 857
916 698
76 950
487 521
776 395
845 0
982 500
712 639
514 166
863 54
510 690
106 600
188 639
983 873
367 641
518 810
344 657
958 291
502 11
107 421
759 347
907 999
198 539
92 823
703 711
100 418
512 591
149 539
529 6
168 552
787 301
424 249
212 70
322 467
726 291
229 10
0 187
186 606
179 418
468 292
791 945
729 67
835 234
482 833
945 594
609 645
724 891
149 660
262 537
74 486
84 945
738 8
118 263
44 85
711 548
1000 422
655 653
359 591
562 196
870 312
135 617
107 784
418 417
184 775
84 837
651 655
379 196
902 237
613 363
805 304
810 419
273 443
479 548
883 897
745 438
841 900
440 327
742 369
475 779
731 247
903 731
992 22
381 97
787 785
152 45
537 610
950 25
790 36
795 905
41 443
473 854
774 28
5 520
333 322
546 844
737 146
123 512
632 618
635 135
857 965
67 617
172 862
273 685
856 777
686 854
885 17
842 613
699 793
909 374
905 898
91 156
220 566
932 506
806 138
756 546
792 203
90 685
118 518
384 674
508 215
461 857
557 565
3 982
598 337
498 924
730 264
64 403
881 433
776 905
438 92
773 82
508 336
200 220
478 393
693 318
669 927
367 562
744 283
730 385
802 261
661 285
165 872
932 519
34 803
929 221
552 463
6 704
417 275
23 644
744 175
652 852
614 560
977 383
485 446
539 911
219 704
365 758
594 352
953 928
753 345
925 866
109 280
928 871
515 473
788 568
349 935
127 822
889 391
531 683
927 683
715 992
486 940
80 252
300 521
60 14
621 347
906 745
780 111
347 458
545 702
89 193
677 629
424 183
489 578
391 6
520 645
984 520
877 165
617 992
835 397
618 399
207 599
783 466
991 415
989 342
710 927
591 710
310 956
855 756
781 578
679 530
868 466
527 136
477 544
431 199
582 597
260 546
760 640
457 602
522 997
363 415
900 125
277 900
681 761
154 12
627 232
687 246
100 715
392 69
843 530
507 544
359 417
791 74
226 302
782 254
749 77
243 205
831 641
965 641
509 361
564 68
739 823
731 410
375 546
232 726
461 320
37 258
663 949
446 426
243 326
998 939
363 428
662 724
844 472
668 246
1000 719
62 436
91 908
915 123
115 33
717 367
83 495
308 613
726 372
303 269
94 95
734 721
893 714
466 906
548 450
890 416
496 260
78 272
730 198
327 976
201 608
715 563
176 26
503 155
81 691
282 681
136 398
122 463
846 494
82 98
56 863
491 37
969 601
465 573
279 154
418 727
110 345
927 604
25 503
990 660
718 201
756 493
921 789
197 758
296 737
640 281
447 906
88 973
597 850
3 340
688 214
655 37
806 206
434 563
21 919
415 55
762 99
304 224
796 915
557 404
290 289
854 856
255 39
344 525
989 34
911 609
897 674
892 330
511 638
389 160
624 929
89 356
600 343
710 740
11 702
599 872
781 391
822 392
139 887
486 177
651 510
50 815
848 795
755 338
713 341
625 228
415 418
282 828
533 410
906 921
899 467
563 289
821 813
852 163
779 816
125 292
488 115
966 642
639 284
723 921
658 297
949 998
126 665
957 593
387 706
43 896
566 937
497 874
354 300
249 772
376 813
178 303
613 2
604 182
260 372
499 654
631 285
94 605
314 837
97 85
231 85
754 126
578 129
87 831
579 539
417 477
246 595
210 901
3 837
94 955
223 840
364 550
56 205
367 67
190 434
575 770
382 604
19 552
910 760
127 85
946 188
832 840
959 881
496 891
76 39
62 141
516 311
273 324
923 406
474 314
564 473
247 537
395 960
379 427
976 417
134 367
304 24
223 853
345 321
298 209
33 729
167 958
757 494
65 910
891 494
729 432
57 268
76 281
282 386
287 730
626 196
889 835
378 848
498 913
116 619
138 378
950 27
896 959
431 859
737 148
558 671
952 73
186 274
117 440
370 620
525 265
475 673
444 569
562 790
336 972
950 377
513 147
468 899
880 318
390 979
369 102
228 163
966 92
775 561
649 156
461 859
222 348
208 450
323 400
469 454
818 608
986 192
592 790
790 280
193 61
237 333
526 207
385 985
149 220
170 279
968 30
739 207
983 796
329 43
587 567
45 284
12 107
740 580
173 698
985 613
949 919
420 575
57 523
676 272
277 526
180 859
620 865
615 521
964 446
353 521
278 347
741 108
99 641
249 814
990 31
161 472
684 513
9 869
96 757
364 242
412 993
145 878
309 986
982 328
687 114
978 586
785 457
940 331
544 65
315 242
303 942
793 806
953 4
77 370
605 755
429 758
319 886
14 21
800 930
442 993
423 714
703 768
381 717
301 465
91 655
34 121
330 937
600 761
853 712
553 420
303 245
776 694
357 252
665 368
902 52
291 127
480 817
282 78
848 755
791 184
650 245
457 833
880 936
603 658
694 22
272 824
781 930
98 671
528 484
412 538
481 143
293 846
888 9
196 950
653 600
386 27
298 143
465 320
504 248
941 249
148 384
941 20
583 312
558 484
260 790
26 623
134 422
260 561
939 361
727 936
116 782
6 156
653 492
4 83
831 764
253 787
363 430
368 774
8 202
789 767
720 667
16 551
558 605
530 543
84 197
801 777
314 918
490 326
324 559
866 613
637 790
222 282
511 156
452 973
777 541
226 667
102 860
840 826
23 338
179 851
743 664
724 385
242 382
228 447
882 971
672 195
443 143
1000 963
250 502
318 377
184 148
755 903
111 801
386 511
570 857
638 503
335 694
206 580
350 36
145 570
150 685
864 28
67 916
404 272
356 524
371 95
290 170
450 159
942 850
138 796
147 350
403 47
702 380
614 496
900 624
528 981
830 794
527 756
81 935
459 329
679 332
579 394
562 750
741 981
689 791
188 280
45 460
350 278
42 162
718 445
80 188
979 220
745 53
198 180
818 568
403 289
532 699
237 522
624 931
550 753
768 158
176 283
365 936
219 653
10 479
101 597
747 220
212 879
269 181
785 512
40 358
721 985
246 463
196 871
31 538
953 59
559 694
237 414
149 530
154 645
33 584
181 482
910 399
404 756
583 4
390 592
555 171
105 645
210 890
413 761
125 294
448 947
782 69
179 530
960 341
24 656
657 74
524 713
940 628
425 182
782 190
121 710
873 574
606 230
537 130
349 308
662 539
440 426
832 950
147 847
59 1000
563 762
706 582
582 775
828 13
587 890
511 77
461 485
953 193
483 15
452 436
743 356
779 13
206 380
882 663
725 945
71 192
871 770
119 906
661 960
339 909
623 439
860 123
15 31
273 326
823 470
419 380
861 725
176 659
553 609
474 316
317 598
435 324
729 542
335 157
114 912
590 383
581 829
144 791
870 666
218 740
259 778
295 960
23 272
446 375
126 922
50 146
74 503
344 98
159 547
54 790
439 601
953 556
939 658
653 789
276 85
138 380
391 560
523 679
643 781
911 303
379 442
400 730
498 807
876 430
83 565
418 784
388 383
352 689
200 561
849 741
412 740
880 91
136 805
253 158
444 692
10 171
433 799
636 633
936 602
661 397
74 866
19 930
677 378
16 632
169 874
81 990
84 507
698 666
689 846
868 94
656 440
40 171
50 630
974 749
325 569
710 676
233 751
873 145
178 815
71 689
630 387
90 931
778 285
594 464
136 818
695 516
290 238
460 915
596 510
499 577
397 566
636 57
581 158
199 56
999 634
806 505
608 749
798 92
65 241
120 931
777 972
987 287
255 109
193 426
922 572
801 282
434 983
892 400
303 5
248 69
671 172
929 696
552 709
304 644
863 342
758 814
560 341
761 65
439 51
2 13
532 767
661 652
397 808
287 182
416 821
570 241
248 190
146 408
473 537
476 54
247 231
13 64
101 665
932 68
646 465
849 299
830 57
582 480
26 491
62 185
158 647
153 74
359 408
414 115
94 662
85 842
508 945
14 144
421 239
753 483
238 303
174 776
937 240
685 470
938 650
179 598
509 244
911 224
44 373
990 288
888 11
361 494
144 725
834 943
703 194
59 129
656 119
9 537
152 91
971 948
479 486
652 414
657 492
165 555
239 504
868 941
622 242
880 12
811 141
728 143
769 935
141 612
287 666
20 322
727 938
240 325
42 606
919 879
184 955
242 371
8 204
739 948
375 900
695 87
929 25
149 853
689 309
28 792
726 605
965 887
999 205
618 779
869 132
874 439
700 323
142 261
93 813
817 844
798 602
242 384
844 718
756 605
654 557
198 277
838 903
865 777
920 447
997 667
634 615
97 639
680 731
513 554
802 199
845 798
456 986
55 642
132 862
820 216
677 433
140 228
291 626
626 616
414 962
607 108
653 978
97 760
515 519
64 583
224 572
279 508
936 549
807 627
316 575
181 350
866 978
411 583
513 567
315 57
60 999
435 876
204 226
985 791
300 459
833 922
511 871
505 568
37 988
794 213
802 562
633 753
650 168
466 347
999 581
864 622
453 822
465 122
57 822
855 573
142 408
362 640
54 524
35 16
61 419
318 984
566 820
697 751
293 661
659 230
141 304
330 994
507 361
782 71
952 748
286 887
396 530
284 60
698 868
495 14
321 127
522 117
305 119
976 58
458 361
298 897
673 20
991 824
12 540
815 598
586 546
658 651
484 764
314 841
864 756
960 464
891 593
275 361
406 844
280 476
505 823
1 795
799 775
608 12
656 992
628 893
934 182
612 131
787 657
474 197
88 656
165 610
794 818
202 906
412 487
202 677
766 719
38 17
549 721
320 898
81 387
838 595
824 660
488 482
512 839
493 597
997 359
615 28
792 893
281 906
267 779
303 436
224 143
745 552
836 899
798 415
803 493
892 13
131 100
394 968
511 321
134 600
566 28
915 182
87 30
620 493
314 975
293 98
281 798
367 84
726 660
690 737
602 890
889 129
500 842
182 38
426 664
696 488
85 334
131 450
547 136
361 683
273 570
658 906
229 729
93 868
597 667
158 31
96 385
182 388
242 439
603 152
305 724
305 495
635 141
984 258
621 206
53 688
23 516
129 912
470 976
996 268
638 560
416 447
490 396
457 219
773 196
732 158
448 399
832 281
625 971
397 326
374 571
658 101
668 560
883 448
585 791
891 43
464 501
968 263
1 245
400 745
768 912
288 275
546 45
389 327
1000 215
716 456
974 980
377 761
36 697
535 152
932 983
784 856
640 582
748 152
632 169
224 640
740 934
141 117
683 171
605 746
178 938
673 880
43 713
337 702
87 527
689 861
119 708
105 810
136 123
430 866
36 710
428 2
187 879
507 66
451 400
24 592
46 351
660 281
169 421
155 294
26 372
339 603
110 780
581 402
39 82
823 164
845 411
974 296
878 359
19 369
275 295
504 118
882 478
904 991
613 290
990 48
2 136
981 228
581 523
396 477
552 724
373 493
574 483
211 431
596 996
1000 591
296 475
365 80
43 29
549 426
540 606
796 303
190 722
240 85
923 115
397 5
858 363
932 312
476 69
789 529
417 886
393 300
450 834
16 313
2 149
482 786
991 892
977 994
958 715
37 372
4 195
441 196
50 82
929 953
126 40
76 448
626 363
134 426
967 427
581 886
125 606
484 953
735 535
468 945
637 902
852 827
906 538
799 146
364 743
243 453
790 97
416 381
108 265
605 317
168 279
154 381
104 560
491 969
341 207
750 900
53 743
309 669
865 658
460 609
688 207
994 479
16 797
718 86
406 457
461 918
354 38
780 146
248 810
718 436
379 741
76 703
370 921
819 784
896 213
983 626
317 802
372 738
348 115
889 439
58 53
457 516
622 849
42 45
208 980
939 970
151 180
684 451
964 734
212 870
255 274
838 100
330 862
719 408
751 855
856 154
756 970
369 295
167 575
410 67
129 54
74 118
497 975
249 873
982 495
464 798
805 862
684 801
711 409
661 588
31 421
504 870
913 809
228 706
682 876
952 508
811 532
551 164
258 814
220 293
208 993
299 357
335 14
617 932
887 756
224 937
141 414
788 750
939 165
768 283
437 412
726 57
473 594
65 540
115 657
495 124
44 188
188 876
775 178
152 953
876 984
735 227
518 229
15 840
137 537
577 543
329 478
747 237
444 199
650 533
339 671
125 419
765 779
955 122
216 722
888 297
599 194
260 728
617 248
703 22
262 774
919 815
704 661
380 12
316 256
402 30
233 258
255 771
604 430
153 494
805 420
309 482
516 317
323 151
157 613
415 908
905 772
127 441
46 553
63 951
853 87
99 379
26 803
86 854
470 965
334 138
456 801
688 141
22 51
223 41
635 251
428 675
139 572
510 256
644 973
928 503
358 387
210 223
237 326
820 152
949 791
930 549
773 77
489 318
588 31
20 513
796 734
703 506
766 37
75 156
149 105
61 221
696 732
902 608
585 901
626 673
693 205
808 155
400 626
563 95
224 629
100 105
862 391
564 963
784 966
705 444
457 342
42 100
467 801
484 445
527 815
411 640
161 694
252 58
276 452
235 414
534 976
931 612
12 342
820 515
787 338
553 171
333 693
663 568
267 568
610 678
185 943
133 753
637 286
623 351
838 276
33 522
630 512
487 463
43 715
979 171
225 463
216 643
357 353
202 479
876 689
482 533
339 713
779 985
53 127
85 833
453 1000
145 884
162 299
938 520
709 697
814 979
743 281
404 815
552 713
309 992
421 1
87 879
73 715
436 538
477 539
687 120
297 874
507 418
617 61
636 74
971 818
854 4
592 233
19 600
470 536
478 885
657 133
598 950
285 490
615 890
544 192
516 359
590 308
792 708
60 493
504 12
376 995
742 69
411 198
254 251
589 995
28 662
66 954
864 934
415 842
413 15
996 70
225 947
677 61
252 326
869 2
958 717
552 29
667 770
732 899
317 657
284 480
143 275
5 799
528 840
237 139
79 785
693 944
619 204
215 380
564 305
114 971
998 237
384 603
370 439
48 388
232 734
796 547
326 598
689 421
584 893
625 894
601 308
789 773
51 807
434 545
319 329
114 863
62 444
934 373
53 624
920 209
6 283
620 442
979 789
247 840
61 155
999 209
352 627
971 376
811 158
621 263
588 86
271 150
906 432
735 550
482 333
26 53
482 104
485 604
251 437
289 692
867 440
201 616
517 327
269 979
150 799
98 343
588 207
935 22
978 392
386 517
568 494
110 582
917 153
320 163
467 856
415 400
497 735
763 854
601 563
363 920
55 767
462 862
66 633
80 302
773 266
654 574
566 690
313 281
698 846
887 516
40 351
35 7
251 800
769 268
903 460
474 54
924 519
652 97
495 113
151 303
744 588
389 626
912 172
366 642
457 531
696 813
695 817
29 993
984 691
473 475
827 744
477 365
796 118
214 894
355 641
341 706
998 976
652 339
65 542
467 293
687 67
35 141
241 475
485 872
526 644
691 940
171 416
489 991
506 894
299 830
41 77
712 999
242 67
476 5
987 709
683 712
567 537
542 709
432 83
36 83
41 427
927 291
872 355
500 712
429 14
508 307
29 309
576 707
29 80
227 324
361 553
441 24
685 650
368 714
151 679
101 858
968 709
66 83
809 127
272 188
659 597
277 266
800 78
493 830
264 741
162 959
456 911
432 325
399 148
201 429
835 944
912 898
29 322
359 951
906 366
358 497
817 782
60 574
182 271
624 387
880 84
938 254
387 151
533 205
786 385
235 282
859 900
583 965
989 192
836 916
705 433
351 844
525 731
62 741
965 20
934 670
552 339
674 36
82 161
240 747
40 164
960 844
889 375
46 918
545 336
369 339
282 865
10 406
307 629
381 578
928 747
771 275
683 162
270 518
493 267
402 637
586 229
980 385
135 293
61 344
910 555
640 694
915 670
115 580
440 111
758 686
794 380
632 52
21 164
611 932
955 742
242 806
75 400
264 299
405 46
317 162
682 812
448 645
444 940
483 868
647 976
320 581
526 686
366 468
22 658
125 113
295 524
140 650
575 578
79 640
640 707
271 581
408 815
477 420
697 689
150 62
894 974
457 707
189 892
203 9
26 376
494 481
282 73
89 661
600 648
562 356
708 410
383 650
754 297
358 68
382 425
588 759
127 135
858 354
560 697
200 125
250 471
580 117
236 307
600 998
166 248
367 9
9 301
845 536
198 954
726 356
929 944
806 56
151 384
987 885
761 313
618 530
184 9
43 33
31 733
540 839
276 12
286 959
224 81
36 259
974 313
695 898
13 312
751 241
770 254
718 64
186 203
764 705
879 426
860 184
777 644
634 595
276 133
515 149
821 421
210 267
690 904
751 362
448 95
442 546
306 914
700 316
636 789
698 243
43 46
59 256
501 372
143 627
690 796
430 428
60 629
127 390
137 849
49 965
314 216
599 614
401 141
53 855
469 504
326 721
868 21
629 493
699 966
119 391
771 88
192 906
140 450
558 963
556 136
864 252
291 390
781 254
208 621
937 730
73 396
799 271
959 260
798 837
705 380
686 101
178 863
467 737
773 26
21 916
24 396
309 794
799 163
969 840
45 455
964 496
270 802
22 471
259 155
56 55
214 641
682 746
971 620
219 756
556 149
805 853
660 206
142 280
183 281
301 273
755 443
394 235
810 150
94 697
52 471
175 807
629 977
882 174
54 517
398 61
494 294
858 985
470 351
621 520
354 176
82 471
216 700
830 105
73 651
885 566
909 923
752 451
950 695
812 990
72 426
526 633
666 118
640 883
354 526
528 413
349 182
753 760
555 287
376 810
530 459
296 292
325 764
383 934
689 223
584 695
372 287
630 811
592 290
984 814
621 762
63 471
715 360
11 15
549 593
287 593
545 888
259 531
209 939
307 13
126 904
859 526
643 642
96 15
822 644
154 185
87 949
118 262
123 377
986 981
324 367
540 894
755 590
314 847
878 889
699 429
52 847
210 201
523 432
275 367
467 537
357 665
825 16
701 475
981 758
683 835
366 899
791 368
161 201
61 788
787 663
126 917
561 845
862 19
495 491
835 825
472 773
747 712
520 255
103 381
258 26
98 37
593 245
323 155
610 185
116 845
959 73
787 784
936 355
27 507
156 917
641 666
539 655
561 148
291 324
133 381
762 848
765 328
723 597
539 776
370 738
626 664
282 625
703 618
782 911
326 668
964 659
615 276
661 392
898 76
3 392
812 561
858 677
378 40
168 230
283 217
393 843
277 402
836 100
103 515
634 905
606 843
463 269
45 281
413 448
599 803
459 500
122 649
249 690
1 588
918 785
832 516
835 33
143 937
287 164
447 153
941 688
913 855
880 678
572 562
572 333
525 975
654 860
401 451
148 234
79 400
198 351
860 965
148 5
324 167
628 578
590 57
669 350
209 631
597 218
979 283
20 880
417 516
241 290
208 113
705 919
705 690
0 349
638 111
381 943
752 398
3 539
999 763
429 876
658 470
262 470
872 399
951 463
464 870
660 516
266 360
44 18
30 83
394 545
805 116
581 637
457 830
735 286
143 374
52 781
597 581
764 694
482 779
760 989
452 836
161 135
620 420
212 366
322 763
556 701
547 881
113 360
434 186
931 992
645 369
529 423
460 589
615 197
656 235
589 999
850 774
471 189
51 798
445 954
118 559
663 130
711 844
527 269
552 33
116 671
859 944
890 294
950 308
470 903
148 852
691 313
880 249
409 371
964 364
391 731
437 847
148 744
99 559
458 906
809 197
115 274
837 673
633 614
677 657
250 849
761 799
95 975
81 811
805 842
679 208
381 285
231 755
931 429
895 506
99 801
825 676
7 983
678 922
184 387
46 157
337 629
693 493
827 493
152 812
513 562
624 807
796 96
283 514
572 388
382 227
855 676
198 406
929 625
299 458
464 791
409 855
772 678
674 106
579 512
579 283
26 70
471 686
144 291
438 280
264 356
699 284
859 273
415 525
680 42
131 766
907 987
227 999
274 522
749 815
306 474
867 807
958 171
199 119
259 170
676 687
294 356
435 66
453 120
35 132
103 7
731 101
956 448
562 63
345 294
773 512
162 587
594 769
635 807
308 412
426 404
362 648
291 179
453 12
136 305
898 628
800 56
139 81
438 643
653 302
28 479
928 241
69 251
779 118
944 451
170 828
256 77
354 420
963 464
201 178
118 372
319 133
577 657
348 834
279 1000
475 646
153 366
953 190
698 166
92 356
512 713
629 66
861 601
107 664
143 321
506 898
886 136
825 126
618 816
263 359
857 603
39 614
875 886
787 773
596 10
965 816
573 26
108 192
206 498
300 133
155 718
461 724
48 326
72 912
667 829
501 537
74 729
843 8
974 491
487 898
922 72
748 939
808 953
775 776
919 3
310 676
860 591
246 957
273 565
961 939
133 262
565 673
573 268
690 853
440 907
421 665
373 917
237 90
285 804
379 668
76 630
874 381
552 330
956 945
20 506
937 666
794 129
992 373
245 853
837 499
4 498
513 375
936 478
325 324
605 607
266 912
729 673
770 445
162 37
750 961
208 678
698 542
395 504
202 338
441 620
255 201
152 517
573 510
301 88
788 435
437 915
834 551
394 50
60 928
761 975
300 388
561 392
263 735
744 284
284 794
955 733
251 617
788 327
865 22
414 86
317 153
360 523
685 91
599 805
671 156
189 641
593 502
703 862
338 212
788 677
418 915
609 217
540 346
792 567
518 35
938 392
363 161
929 801
146 163
15 646
445 459
777 969
340 931
343 448
427 819
530 274
81 182
246 515
494 351
172 300
342 223
154 926
591 927
622 802
947 333
625 282
556 448
506 590
621 577
804 927
496 811
711 470
34 228
22 891
750 169
262 351
525 990
258 875
15 888
304 762
161 942
51 316
596 870
907 237
81 424
298 947
134 287
731 277
297 988
125 238
818 165
768 344
927 337
258 767
8 67
569 363
505 873
51 437
789 403
269 596
392 178
409 118
240 309
730 173
281 606
446 185
485 113
707 189
46 709
321 419
968 755
715 309
752 871
86 781
81 437
810 583
135 902
455 126
176 711
336 663
914 411
666 538
979 769
514 935
855 999
908 71
729 594
696 417
766 661
351 419
728 140
958 831
340 489
796 540
837 541
969 697
680 594
941 369
961 55
776 9
626 479
447 773
557 379
856 712
288 191
596 78
102 738
93 918
927 592
182 438
839 479
200 492
370 903
525 548
814 422
810 946
225 27
758 490
288 83
432 505
719 269
963 895
779 320
985 654
61 40
16 563
403 972
442 900
239 46
874 328
827 482
562 965
538 379
180 671
524 444
276 379
799 154
64 459
769 248
447 197
96 677
954 967
336 100
603 215
80 174
673 688
645 855
509 28
221 793
1 295
133 680
842 911
95 159
4 566
959 264
463 97
647 672
664 87
270 685
686 334
985 667
949 973
346 680
313 503
81 934
767 444
239 59
786 457
1 645
868 496
973 549
656 613
45 688
964 729
384 154
421 975
980 444
842 214
498 175
840 141
998 727
136 991
607 576
607 347
206 3
937 976
830 96
646 275
670 632
983 863
752 442
475 393
912 165
380 570
490 930
903 345
722 41
584 336
640 874
282 937
617 927
307 701
954 283
334 575
31 537
58 411
311 591
335 948
57 940
638 168
934 984
159 170
324 237
64 835
353 709
301 519
783 522
158 699
661 825
39 253
89 599
369 653
56 193
578 238
738 227
858 63
799 880
68 432
164 369
117 65
562 415
629 176
218 376
240 135
570 764
78 73
740 421
186 838
303 191
523 423
275 358
390 833
830 351
357 656
764 522
134 355
366 890
543 294
507 600
400 245
474 194
694 426
9 360
19 782
831 697
614 174
724 305
705 63
51 734
445 890
695 18
865 695
636 377
873 815
950 244
248 726
470 839
468 766
51 855
844 528
527 555
186 33
342 546
901 244
827 295
125 777
873 936
840 759
565 554
790 147
339 211
51 976
383 254
605 367
426 890
300 256
778 29
351 487
131 218
115 210
194 503
636 848
89 975
166 670
670 203
496 316
666 727
316 614
256 334
385 973
774 31
429 262
952 303
728 329
392 380
373 101
786 270
483 498
763 552
307 272
205 490
298 681
397 431
789 955
663 321
869 426
987 152
169 163
155 36
802 372
41 917
812 794
996 386
378 273
932 859
173 807
966 214
878 101
423 460
285 230
857 392
26 235
611 925
432 694
793 673
127 812
70 278
168 584
252 992
190 114
448 638
267 563
907 923
79 283
703 864
818 851
18 761
362 342
711 459
504 920
760 617
581 386
777 32
300 632
630 507
294 63
920 754
343 450
269 235
463 515
358 987
843 507
502 177
433 343
42 458
434 982
341 525
944 266
679 520
285 364
257 531
288 635
172 423
144 590
892 749
823 161
809 980
699 354
160 305
583 408
220 356
198 597
421 346
784 169
407 182
188 818
742 172
351 287
291 7
764 456
277 72
856 459
801 523
773 690
993 693
547 872
886 301
523 249
724 239
192 644
546 647
885 867
439 521
305 292
453 419
365 306
962 296
398 483
301 587
122 319
543 349
619 896
920 70
918 226
584 875
410 722
592 470
360 901
602 929
666 190
113 472
275 305
880 119
739 934
863 475
462 131
407 424
594 21
833 303
442 647
29 249
693 0
366 837
446 537
78 141
446 308
69 321
895 134
196 133
724 481
970 951
195 137
300 190
747 650
822 6
688 191
743 881
65 966
393 768
30 450
649 199
998 124
411 556
141 732
855 75
361 735
958 725
875 956
615 322
983 489
243 679
895 376
898 122
523 733
325 260
435 620
311 96
806 304
429 317
892 78
140 214
53 969
973 188
799 264
183 32
606 889
940 240
620 558
642 317
641 617
11 450
300 324
176 29
594 276
597 22
714 607
700 672
244 163
288 435
377 692
578 682
872 900
378 99
584 204
350 37
957 449
671 92
148 51
893 959
662 272
538 502
739 492
785 379
711 393
124 862
592 967
77 521
163 561
347 153
228 690
186 693
103 695
703 690
646 156
730 793
978 629
252 0
413 628
757 926
316 924
44 990
173 875
988 41
198 639
318 741
528 285
927 31
249 870
703 811
307 811
835 442
830 98
940 495
895 981
124 875
227 293
793 970
996 804
939 41
199 231
545 639
997 211
372 159
826 100
382 352
103 937
739 626
587 986
921 108
260 591
485 975
614 860
153 236
631 275
466 467
763 165
195 876
300 929
489 865
966 524
248 473
196 54
373 653
784 224
95 416
977 804
399 827
20 13
713 694
730 109
437 530
244 889
578 11
624 127
156 776
696 232
627 398
816 297
883 58
903 710
20 363
488 468
758 63
111 481
782 420
317 586
336 599
532 245
542 704
132 311
385 491
343 989
154 70
866 764
725 825
131 315
114 671
117 188
31 902
767 4
268 320
639 758
675 415
931 112
754 479
148 669
724 307
691 130
999 246
104 599
402 27
673 490
714 299
153 720
731 468
865 697
939 646
70 722
496 76
108 196
242 425
8 258
27 271
85 212
912 893
629 312
568 302
652 710
559 253
889 128
476 484
550 433
801 15
33 143
458 844
986 1000
260 859
165 33
871 195
702 423
418 664
979 960
36 333
774 262
144 95
127 451
490 503
61 97
644 152
747 839
439 723
365 737
571 842
98 164
953 678
72 929
235 398
109 30
491 95
515 452
926 23
45 274
669 101
801 257
517 498
947 82
580 783
370 973
487 326
968 141
601 842
367 675
504 680
696 850
565 101
57 863
900 91
222 930
877 373
39 994
161 691
618 149
711 340
64 758
143 822
807 573
397 675
880 792
534 155
176 447
331 55
291 922
833 976
781 786
276 799
753 458
510 737
472 216
866 106
119 586
746 684
837 48
424 404
971 802
219 938
401 686
575 573
828 753
616 345
449 168
98 648
963 389
844 209
679 401
412 286
469 820
4 986
403 466
439 160
633 928
760 740
80 715
551 337
470 641
143 246
685 337
965 620
621 810
896 520
178 240
720 294
255 460
67 638
595 528
736 238
777 276
228 1000
811 826
354 587
514 576
588 525
753 592
596 874
18 897
499 941
433 587
562 472
226 523
97 372
88 818
336 654
900 467
14 374
867 290
115 951
949 588
541 534
911 104
305 294
730 995
673 424
709 118
493 759
648 367
969 459
231 493
778 891
867 411
621 944
657 601
853 247
913 298
13 307
393 528
506 139
712 15
801 996
496 131
317 654
234 885
776 939
574 953
285 850
178 724
539 703
71 369
329 893
577 729
90 382
477 791
709 131
912 719
332 144
307 87
113 487
913 311
440 616
880 134
539 595
277 329
373 37
441 437
817 953
657 735
177 98
471 316
407 789
355 370
486 853
30 573
122 805
805 606
711 153
205 318
124 622
344 625
220 855
283 386
252 807
396 34
296 850
282 915
621 381
511 509
827 486
376 550
574 40
882 156
763 730
59 614
744 451
634 845
293 515
692 32
26 171
600 443
856 140
603 448
214 636
484 268
993 374
291 856
704 271
828 566
714 959
184 501
846 849
473 109
488 912
4 799
315 166
347 155
858 859
75 450
9 96
687 977
88 160
561 572
560 384
721 975
535 556
790 580
480 620
96 923
576 99
254 48
379 982
358 105
957 693
415 410
621 515
354 400
772 913
450 862
59 977
274 407
985 913
336 238
709 749
327 418
979 344
445 639
524 932
596 808
18 831
847 390
35 246
752 567
931 798
559 926
287 467
906 216
345 408
400 115
974 350
740 183
10 832
927 46
211 593
804 878
707 945
655 755
853 999
75 705
283 883
47 606
862 1
542 585
643 637
211 714
95 768
618 580
621 60
634 524
231 548
465 486
93 614
738 352
22 145
237 70
55 93
692 879
981 524
241 714
86 840
31 904
277 142
860 463
901 235
884 591
361 550
216 132
326 300
367 72
253 953
891 715
889 117
393 704
830 476
940 873
404 75
827 178
483 368
667 714
675 538
386 435
157 612
138 370
773 881
353 258
79 958
963 941
373 910
710 532
913 366
467 774
949 777
85 443
752 943
351 599
62 496
791 605
598 210
842 836
372 658
105 543
205 252
163 255
961 235
990 936
641 553
649 377
296 784
332 441
280 22
534 841
680 895
60 921
994 533
206 746
803 736
756 661
262 89
112 559
473 272
640 449
538 667
139 921
404 438
285 221
612 387
548 860
245 859
391 913
530 25
950 382
760 487
154 448
966 326
90 921
341 503
960 23
153 977
763 906
937 793
632 157
744 398
922 670
578 860
163 618
793 785
366 452
672 495
56 226
825 737
130 212
536 634
186 750
748 490
151 234
371 503
541 160
378 169
462 806
869 901
272 682
597 213
387 632
74 172
539 208
701 41
766 170
210 935
326 100
536 876
534 278
969 206
19 586
965 730
561 640
440 350
1 946
123 414
367 811
637 635
224 991
717 106
648 235
405 514
185 245
520 760
745 353
874 992
305 283
444 361
829 697
548 418
273 250
548 189
634 229
298 14
621 933
160 309
454 527
913 58
622 111
393 288
558 584
725 761
692 584
169 543
444 482
626 1
540 715
89 779
9 527
787 592
224 186
146 532
657 482
844 574
765 15
930 348
123 548
609 936
581 874
997 523
107 954
451 764
397 6
849 544
921 649
7 723
241 661
879 652
879 423
829 831
629 477
529 310
491 18
713 885
568 238
36 148
104 548
814 644
809 300
477 793
365 323
678 783
381 267
9 661
138 546
141 26
306 93
297 539
132 731
27 449
586 147
149 146
639 10
125 957
799 147
854 608
838 75
315 34
55 632
242 724
834 370
774 90
490 560
89 216
930 832
195 383
167 321
313 375
533 378
507 914
240 799
221 557
959 486
391 968
28 916
936 768
45 331
977 540
467 963
90 747
217 788
60 50
662 155
763 961
703 681
992 555
577 276
100 388
516 37
187 801
878 389
613 909
98 463
411 694
323 810
827 609
729 37
106 812
987 332
197 176
472 152
458 217
590 107
545 630
724 861
806 671
888 969
984 677
203 866
79 342
220 281
220 52
775 274
136 58
17 861
337 48
516 50
562 166
512 574
23 117
914 325
387 579
786 813
588 340
775 395
455 979
422 802
150 343
439 217
656 740
637 461
511 56
562 287
906 97
92 109
689 99
639 507
56 415
842 341
933 459
93 482
349 179
156 538
150 235
580 48
604 405
600 929
994 856
724 995
242 992
735 336
33 589
850 811
996 111
954 639
38 115
711 652
81 485
991 935
912 642
265 831
17 995
994 977
823 341
895 180
179 764
848 105
967 699
898 865
750 472
698 53
736 308
45 131
88 767
179 885
354 886
779 126
118 609
980 116
935 639
539 639
11 254
489 64
630 3
948 578
186 26
394 958
915 401
277 144
915 172
177 960
115 82
409 300
617 478
900 766
647 357
889 119
151 907
209 131
99 259
683 953
216 255
87 370
686 958
845 951
480 301
554 250
148 794
843 124
205 133
380 134
540 86
476 596
911 524
919 119
742 486
384 778
602 183
296 665
511 553
684 481
606 827
978 204
513 370
889 361
989 70
913 489
489 427
272 658
920 613
284 897
771 261
246 376
91 273
22 402
462 674
438 88
429 497
861 154
873 16
200 445
602 425
964 777
458 151
147 289
348 279
771 382
430 843
590 41
996 500
173 921
247 907
653 97
990 951
195 451
88 325
164 872
599 800
547 610
93 174
79 276
753 449
887 449
954 210
515 806
491 220
40 284
119 577
518 848
430 735
540 341
708 154
861 396
787 218
620 41
38 854
976 908
52 523
649 513
286 690
203 921
33 281
379 918
88 217
712 798
789 264
32 56
837 978
4 748
632 51
783 449
475 333
163 741
289 880
550 921
634 97
264 298
877 498
170 636
175 980
844 321
627 323
343 564
702 911
948 149
315 236
912 226
8 988
262 575
319 880
201 336
693 798
712 811
266 465
794 621
596 865
637 637
45 762
544 180
497 105
77 714
60 481
98 773
712 932
968 858
598 830
580 224
716 822
392 173
172 658
53 478
295 994
880 930
806 981
207 127
331 193
721 348
415 830
509 465
46 475
247 465
66 124
219 366
995 358
654 65
898 691
977 984
719 948
556 927
408 9
501 237
886 536
514 930
889 53
462 245
737 184
613 643
313 122
683 887
860 291
254 481
598 254
450 127
713 995
223 902
479 828
377 551
430 414
210 145
927 466
922 122
765 138
68 964
536 315
649 192
998 117
846 248
87 196
97 618
312 543
205 417
124 492
611 610
740 495
944 756
420 261
387 84
347 951
125 838
371 76
309 430
768 944
97 739
100 256
871 133
237 261
314 444
214 506
668 713
80 48
682 382
673 562
544 677
643 131
153 792
156 43
290 272
763 721
820 437
947 249
713 82
571 901
98 223
48 631
478 444
338 141
818 549
799 270
150 90
460 23
797 840
16 800
594 511
841 617
342 970
901 668
598 630
37 859
384 149
926 203
342 152
144 167
448 807
453 922
556 377
654 683
495 101
813 447
749 920
615 691
959 501
618 208
77 527
727 380
121 570
621 627
607 692
772 796
68 414
128 465
133 809
260 355
153 229
779 920
736 284
144 409
498 641
231 68
211 355
381 995
546 345
334 920
799 525
871 630
103 4
889 684
884 340
575 982
759 574
52 712
575 753
368 689
564 106
784 338
211 705
252 477
352 186
810 741
423 66
669 536
796 577
779 933
689 222
517 933
603 936
823 222
396 872
133 4
501 171
996 113
583 469
46 530
528 533
719 64
803 472
467 294
238 471
164 256
21 473
711 654
258 120
392 120
953 416
732 942
937 179
295 941
336 713
575 995
280 818
657 539
449 361
192 705
417 823
594 190
153 713
567 996
450 182
703 362
648 426
185 436
675 300
297 354
187 482
844 523
627 754
283 190
990 577
897 349
981 757
360 144
329 831
819 695
198 82
442 708
175 364
887 75
758 190
735 701
804 306
749 370
465 611
592 652
253 957
546 950
238 834
360 265
318 534
750 945
516 778
841 309
488 716
823 706
21 18
317 834
322 949
697 72
922 419
275 608
3 149
402 383
374 550
365 730
139 683
868 304
648 560
454 960
605 604
32 971
672 365
471 375
195 440
481 568
995 789
967 956
48 915
795 206
805 894
406 394
63 28
436 502
339 569
248 976
160 863
316 622
262 93
211 276
753 330
990 14
133 622
601 727
312 853
215 920
755 376
470 392
761 864
528 333
247 91
352 107
128 628
849 159
730 733
284 912
315 225
122 59
578 864
908 739
407 982
388 740
782 105
391 220
811 577
993 554
281 348
0 106
299 631
569 226
18 648
513 856
821 972
339 703
545 808
617 159
736 110
173 936
520 980
410 354
778 750
368 623
676 739
726 102
745 344
21 515
981 557
119 821
461 521
707 991
774 752
256 826
259 343
639 564
405 397
682 934
322 628
900 110
946 226
202 711
761 180
599 118
733 347
912 349
204 757
223 770
6 18
859 688
138 174
418 228
812 347
924 588
770 121
682 237
967 635
838 521
848 980
92 179
601 285
809 988
895 237
206 658
619 73
412 763
775 586
202 953
420 129
511 247
524 186
308 827
688 65
807 16
27 319
574 717
560 819
930 352
847 583
828 304
126 32
557 484
708 653
510 180
787 946
190 956
289 669
480 8
41 604
979 887
366 135
863 712
806 178
21 891
181 89
654 538
556 3
814 527
602 119
795 19
409 478
755 886
648 723
171 835
909 535
699 725
592 599
627 822
255 950
599 723
599 494
406 328
560 14
619 328
844 941
149 379
479 25
123 915
355 484
281 40
630 194
208 959
645 731
786 441
887 264
367 723
823 774
288 201
766 203
446 787
699 967
535 78
638 728
755 81
99 679
883 495
629 844
679 207
123 218
255 145
141 272
418 846
430 671
168 634
911 944
961 307
396 269
888 960
406 691
146 94
247 146
428 975
106 924
563 382
475 269
623 167
471 793
517 680
74 339
900 152
946 39
113 38
156 637
588 331
906 906
192 331
455 970
558 159
297 798
70 341
42 508
586 406
933 221
762 568
877 555
192 452
440 288
285 414
407 111
54 518
128 467
615 814
764 385
530 218
66 986
468 737
933 342
60 417
304 814
830 335
706 565
558 401
609 632
397 978
639 740
419 471
763 281
248 360
373 769
16 239
114 545
888 168
731 450
595 818
959 48
9 465
694 302
267 989
284 404
983 176
740 418
895 63
225 992
357 653
646 527
442 468
595 710
433 648
818 230
207 76
284 525
578 248
803 595
705 60
285 669
351 471
263 358
423 81
684 122
859 877
427 200
591 308
154 307
953 660
567 890
391 893
129 893
242 541
25 543
880 303
402 264
38 482
327 90
650 780
304 372
667 949
142 310
479 898
852 177
743 944
385 970
742 719
883 429
864 187
63 138
674 26
109 25
331 855
413 665
27 858
443 544
572 429
295 380
639 190
759 255
324 852
309 729
285 106
342 88
471 727
242 675
121 385
811 566
809 722
976 899
960 137
579 445
137 100
381 689
981 196
633 910
750 263
633 681
595 160
687 917
307 861
931 496
810 435
572 792
689 145
405 386
470 515
2 935
552 584
211 520
814 32
356 120
72 361
884 276
180 160
237 694
570 574
368 625
225 805
393 389
916 164
90 122
843 854
631 446
48 125
91 761
8 992
722 335
937 223
6 128
226 397
749 172
592 225
537 289
170 761
388 166
491 816
527 244
816 118
112 2
408 818
482 767
208 464
746 813
648 241
341 993
749 64
205 166
341 764
993 690
855 985
115 946
605 56
11 71
158 764
249 128
254 472
323 77
4 297
603 885
284 351
242 354
789 752
949 704
907 478
117 359
984 173
53 832
423 365
767 175
328 542
438 939
245 773
185 493
568 2
354 945
877 757
794 988
503 250
309 650
423 257
595 778
254 714
767 67
777 755
221 537
959 237
611 722
941 597
96 542
447 62
839 586
728 489
227 961
478 314
562 951
593 301
373 32
513 308
289 563
927 591
146 780
880 479
66 491
775 722
766 902
34 724
87 550
636 792
450 373
183 258
496 489
625 899
14 974
623 35
344 620
807 381
963 894
140 332
681 656
651 484
491 266
852 245
124 738
535 309
751 607
773 366
219 746
864 484
234 317
43 749
98 456
970 385
617 792
290 397
343 489
835 197
250 32
138 794
174 451
169 107
143 872
516 151
504 851
344 862
889 433
553 218
781 836
308 158
235 582
744 688
725 446
210 754
953 44
889 554
416 859
741 390
44 987
66 746
319 926
249 867
579 742
613 97
678 226
36 759
466 572
34 161
605 916
851 154
455 154
961 551
168 649
369 639
83 282
470 691
668 972
778 578
726 159
123 583
221 926
197 303
133 813
716 868
750 452
237 870
283 757
317 341
748 793
994 31
836 640
674 349
761 237
728 60
824 522
810 624
851 396
498 766
430 339
853 176
476 226
522 342
603 1
128 711
742 116
912 756
659 347
783 642
447 693
865 452
478 6
758 60
80 899
890 216
415 889
974 587
872 576
471 232
321 702
371 819
187 244
233 360
701 465
577 658
117 414
425 530
15 137
452 892
323 253
713 933
625 820
702 286
93 959
568 57
583 823
448 369
314 140
663 65
453 484
594 194
566 361
263 589
72 792
562 656
986 166
931 230
205 126
633 536
169 846
939 764
815 957
87 255
419 728
312 602
625 833
826 823
432 667
843 9
349 669
8 376
572 418
25 545
94 150
57 497
7 905
230 425
524 377
419 849
534 836
73 212
688 485
737 606
116 30
317 20
387 493
850 254
887 550
431 41
109 27
312 615
50 615
265 503
91 387
306 275
796 139
71 903
916 729
611 93
907 909
18 518
147 403
950 727
638 906
913 845
302 691
597 87
497 903
743 141
343 436
959 439
296 95
650 98
182 747
994 662
121 737
553 165
916 971
148 116
786 632
944 23
698 785
513 968
457 807
401 912
809 737
234 277
363 162
817 332
533 573
469 817
715 55
183 460
902 147
378 406
457 699
171 342
286 817
179 691
812 338
929 923
564 273
813 748
627 329
408 928
306 651
834 807
245 412
396 810
988 456
821 50
179 583
98 887
435 243
901 982
192 522
560 689
701 399
673 300
566 174
31 833
750 520
562 469
235 74
737 995
707 69
836 708
426 581
579 823
54 938
374 125
558 471
136 482
535 982
411 421
628 944
225 2
213 702
824 590
185 603
904 61
463 59
933 762
969 456
408 123
745 711
344 367
308 710
123 664
80 28
140 79
291 477
475 823
521 939
712 241
268 493
958 711
689 523
914 870
298 372
320 131
616 947
339 144
325 246
707 311
385 785
746 10
691 74
33 74
68 31
754 773
518 762
927 701
545 370
335 560
961 56
641 603
603 311
167 195
676 72
115 493
225 136
937 601
973 295
73 267
95 26
0 957
394 93
650 19
872 886
815 86
374 609
811 381
374 380
401 483
382 204
186 329
585 829
1 512
285 42
720 199
866 24
945 317
750 78
330 724
760 537
416 727
657 853
209 663
116 206
525 899
597 250
365 681
800 609
206 99
239 47
920 674
290 507
995 30
697 373
504 961
750 199
638 961
369 278
630 319
456 395
597 142
616 155
953 972
863 261
505 553
78 974
857 446
48 48
619 574
870 156
512 448
92 91
190 397
630 669
305 909
281 515
933 212
415 515
131 756
418 32
160 225
538 851
799 626
164 115
577 284
833 210
193 816
733 272
222 56
210 756
438 620
300 915
606 204
845 220
738 94
165 461
285 526
173 56
367 861
17 977
67 340
631 153
98 821
725 690
71 166
441 931
40 587
346 105
384 626
359 569
120 58
350 520
312 228
88 520
308 523
244 996
390 821
197 655
527 301
353 939
683 814
925 576
887 55
689 336
553 704
135 716
207 67
964 275
933 696
504 290
968 919
541 586
825 116
173 190
999 3
319 244
434 231
508 180
439 575
577 539
370 704
420 67
549 706
698 277
716 65
210 193
899 940
95 657
506 191
659 470
442 701
731 575
984 1
879 473
855 116
887 68
792 999
647 581
702 288
50 362
485 290
192 940
242 303
109 942
71 421
337 540
794 227
101 263
832 253
656 522
221 365
680 879
367 419
293 204
843 119
146 945
638 653
719 312
187 717
476 591
135 32
140 147
938 356
814 586
621 191
460 997
216 142
257 143
940 173
842 833
724 777
657 787
724 548
999 487
589 360
281 207
649 374
566 605
222 795
318 540
910 186
299 261
459 250
20 617
111 964
221 607
546 138
563 307
912 195
241 27
155 24
127 679
471 489
844 1000
742 952
553 33
663 430
775 900
995 903
451 22
761 965
561 382
511 561
851 895
417 374
73 564
67 32
34 84
507 267
11 625
919 477
864 541
826 20
690 159
5 56
502 862
500 264
808 151
780 318
675 790
764 310
884 375
545 680
723 952
135 287
952 546
845 154
406 750
920 971
183 449
954 326
343 438
711 568
921 149
544 162
265 747
325 798
17 682
287 277
127 813
875 676
512 395
718 729
185 0
699 221
217 972
938 503
693 672
478 747
624 47
255 446
100 572
366 691
958 337
125 336
364 352
171 223
135 529
102 352
943 968
253 750
418 100
538 919
918 911
441 986
315 581
650 342
920 166
424 524
415 933
630 858
69 296
561 758
605 47
209 47
869 93
444 358
298 240
556 801
69 188
745 471
651 809
320 938
874 292
58 938
423 127
581 750
846 230
171 586
23 422
735 399
205 170
234 871
325 235
294 656
237 122
863 813
911 332
714 461
795 120
984 56
497 463
750 643
466 884
543 579
254 476
837 531
931 166
917 2
440 831
438 4
109 997
453 541
649 187
100 130
427 259
875 126
219 724
570 15
685 2
356 729
846 364
488 656
823 875
432 724
284 597
950 421
549 77
330 713
669 142
402 552
567 131
589 415
617 662
868 244
725 195
647 541
158 313
889 303
801 190
737 434
750 898
373 157
271 146
973 418
288 315
771 432
535 421
912 142
77 509
177 218
908 437
333 960
961 300
200 845
28 95
561 558
970 268
949 145
183 383
804 730
212 855
515 627
413 845
177 568
154 850
746 496
273 47
402 686
33 560
248 219
845 209
234 321
910 604
822 491
794 429
668 24
964 840
35 111
983 853
632 101
427 635
298 750
86 342
177 689
232 396
359 437
149 627
345 273
47 350
979 330
46 391
968 437
169 461
702 961
477 348
915 22
122 120
590 225
774 800
204 684
796 330
765 980
923 142
960 438
10 818
574 402
1 769
641 163
804 864
948 320
193 710
637 458
31 648
629 45
149 640
405 337
919 787
649 926
859 507
148 644
919 558
707 113
798 268
302 64
16 461
742 336
916 223
360 5
535 797
912 518
807 990
610 153
402 941
798 618
561 705
354 641
170 820
27 246
118 364
985 215
805 284
727 859
149 882
746 872
37 412
815 706
919 800
573 126
528 878
514 980
862 0
643 636
588 700
294 482
608 349
109 702
458 819
140 15
365 362
370 706
320 885
153 708
822 49
103 133
884 698
343 51
802 336
64 141
652 577
0 651
946 758
738 351
397 58
985 228
473 16
734 57
271 67
885 226
436 134
446 593
518 698
270 596
729 881
118 727
99 485
393 703
701 819
49 893
570 70
468 59
659 593
631 760
533 188
939 876
684 357
768 994
345 662
771 245
644 958
614 298
727 175
291 776
602 180
404 195
328 843
496 427
730 365
587 545
530 11
129 899
148 912
949 897
498 207
267 311
915 532
104 24
510 483
422 599
675 779
28 968
544 30
683 145
196 552
350 201
742 725
181 163
239 333
924 207
48 802
4 732
403 212
50 848
941 790
760 715
655 433
883 556
872 138
509 86
409 902
240 864
513 959
983 908
986 425
721 908
666 972
168 695
443 671
811 801
9 150
157 48
974 270
960 372
616 562
258 625
860 959
122 993
266 449
803 159
82 399
467 210
596 849
725 734
219 108
766 506
549 279
378 626
94 867
457 690
83 220
520 975
415 693
704 567
360 757
900 213
29 923
723 28
549 400
466 631
810 441
129 457
738 272
560 680
1000 686
347 801
226 511
818 157
133 54
368 860
471 49
294 416
156 940
211 647
765 1
481 242
12 703
442 516
681 44
865 390
180 287
629 342
144 593
143 368
638 347
385 655
635 278
871 814
282 419
180 637
292 878
612 65
529 525
529 296
336 655
821 175
611 594
546 879
711 946
733 476
332 132
786 73
713 763
275 766
108 360
961 47
388 414
431 784
186 428
864 114
712 245
885 173
759 1000
260 84
485 468
569 839
622 702
76 677
659 769
263 769
263 540
534 774
596 191
64 559
573 436
316 780
528 959
125 17
624 667
493 184
308 138
282 903
953 842
612 549
593 307
273 854
343 132
205 656
819 61
41 733
347 251
22 454
624 788
213 22
842 193
85 739
28 205
998 706
759 195
181 218
654 667
84 780
652 69
46 259
143 865
394 447
614 716
633 729
619 565
823 72
135 452
892 431
608 901
300 556
859 254
652 190
468 369
24 621
0 35
946 142
877 308
137 269
887 730
123 334
326 959
133 793
381 629
945 442
282 98
55 873
559 672
603 449
406 807
201 146
411 922
927 21
338 380
276 734
902 193
18 698
935 141
482 573
788 845
241 218
296 154
53 167
705 847
177 462
92 95
997 201
787 391
644 342
602 611
294 458
473 689
421 270
145 106
814 201
637 568
122 122
20 111
806 791
873 552
663 971
501 155
415 869
694 284
520 922
341 691
234 565
709 858
621 745
187 224
104 226
307 814
301 740
342 283
180 221
746 861
510 96
116 694
842 569
424 581
542 802
74 468
984 918
927 384
225 866
165 586
724 55
390 933
522 335
665 643
436 820
169 476
945 697
525 340
628 990
604 404
939 394
745 528
10 833
674 584
572 48
668 510
897 104
155 928
7 764
186 12
136 420
609 869
750 579
464 222
667 810
906 338
648 531
340 186
787 875
298 189
848 333
696 464
770 413
811 185
828 354
809 112
874 241
240 369
205 119
143 436
561 949
963 929
608 472
687 536
893 870
179 66
813 123
582 190
470 952
475 64
573 370
905 880
727 56
830 706
200 539
162 18
76 732
5 34
571 711
762 13
288 359
205 590
188 192
119 321
158 249
452 201
999 599
975 13
522 711
935 880
429 254
709 537
659 945
327 206
165 144
411 614
868 301
6 794
735 711
344 789
812 894
779 488
327 98
997 832
53 209
958 315
495 850
902 945
107 445
489 547
506 679
327 219
855 604
263 729
509 196
247 196
794 594
656 889
889 602
42 437
957 736
451 147
112 681
550 89
968 602
612 738
216 509
284 909
375 273
483 35
124 102
616 335
638 94
887 798
252 287
4 976
613 37
525 153
683 739
315 343
265 751
134 39
182 982
218 410
586 577
718 733
974 393
728 926
896 739
335 177
131 118
191 923
213 453
600 862
328 403
428 341
827 87
672 738
381 0
927 210
13 284
990 266
766 521
365 177
599 115
265 993
191 815
78 349
18 69
615 59
317 631
854 341
757 637
528 585
170 877
550 344
539 451
208 580
534 750
386 357
745 704
459 872
882 938
481 365
885 980
962 409
326 693
138 642
582 124
311 304
163 177
555 930
586 14
99 421
897 401
577 719
800 468
514 111
631 696
882 12
579 11
620 537
532 424
60 843
573 196
545 363
567 122
385 899
641 825
687 712
453 545
864 116
179 13
65 140
574 17
106 437
964 697
73 260
437 951
944 755
335 674
192 891
319 666
145 779
90 843
169 907
965 289
277 440
877 176
841 482
557 494
763 828
706 294
422 535
546 76
969 933
692 130
95 140
895 718
871 132
747 66
69 676
28 904
867 656
108 604
292 196
407 900
195 263
451 189
272 712
498 35
222 625
483 895
445 374
835 71
54 260
577 35
783 369
688 546
765 500
278 153
448 793
28 207
713 81
131 857
234 312
0 145
84 782
934 952
340 967
882 267
918 715
954 372
904 551
381 510
945 323
664 310
559 782
545 847
237 502
452 390
132 974
669 159
66 849
484 608
470 444
960 79
113 143
836 272
970 501
978 621
255 263
838 318
862 675
17 620
53 277
908 791
8 800
70 217
517 906
372 259
434 908
951 609
794 662
813 675
131 52
340 162
892 675
108 41
687 162
370 455
351 213
447 446
694 57
738 329
46 516
127 175
472 624
380 806
195 989
773 737
52 940
518 447
826 563
984 920
40 822
236 239
893 509
815 818
768 743
240 358
878 874
784 458
732 2
995 641
539 398
981 743
599 412
141 766
607 7
543 517
221 466
116 709
909 574
685 866
243 484
578 474
165 830
762 820
63 819
121 6
2 543
948 687
511 420
222 317
249 420
235 256
689 463
899 7
716 300
702 402
917 61
643 990
275 594
619 367
163 124
77 84
911 512
553 13
116 12
952 284
379 651
121 127
195 76
477 957
1000 998
84 245
478 364
175 363
166 772
653 890
730 356
105 304
889 349
765 313
737 480
584 9
828 598
286 315
910 408
602 292
10 380
631 764
65 87
954 185
675 770
876 531
31 439
972 10
177 264
801 357
223 380
135 267
434 829
410 206
52 498
398 906
126 218
404 428
785 534
97 685
193 622
413 662
991 373
292 372
3 269
834 426
159 782
682 786
176 197
189 624
293 681
7 95
50 731
961 359
209 495
837 27
173 801
11 739
484 434
335 45
352 214
16 36
706 254
852 308
912 322
991 615
958 209
586 566
218 170
171 324
639 429
682 799
47 288
437 214
874 969
445 563
426 321
808 386
104 270
615 974
296 211
553 281
565 335
603 627
267 678
993 553
762 620
192 504
519 633
524 977
109 506
147 761
434 37
785 789
458 394
57 50
554 627
731 260
39 410
956 378
870 338
460 440
842 505
778 749
845 510
633 102
533 918
963 502
519 754
627 553
646 566
788 915
848 966
947 908
878 808
984 975
304 987
211 759
128 761
250 458
874 285
422 161
59 109
778 991
988 572
148 824
583 752
583 523
421 461
899 988
725 872
35 654
965 36
530 633
282 531
292 990
584 869
592 464
745 706
46 934
275 528
660 864
412 762
704 116
1000 932
613 523
893 806
709 231
222 601
593 285
827 223
240 655
596 290
584 990
601 405
802 395
339 139
21 998
88 5
398 719
575 123
136 719
308 8
631 927
12 949
337 480
813 409
598 255
403 16
427 373
463 67
205 297
664 57
740 833
421 824
839 583
135 201
30 673
71 482
698 580
211 196
920 656
832 543
647 763
143 735
927 817
430 536
891 894
366 255
218 91
168 499
584 185
668 822
976 709
580 709
470 83
296 950
107 260
874 661
194 673
937 717
997 768
749 666
384 16
573 440
130 365
13 783
462 609
918 825
412 199
780 366
460 950
632 202
501 951
458 86
1000 140
347 484
886 792
889 538
125 142
894 653
94 563
350 260
116 93
157 94
726 22
459 432
610 601
45 792
298 972
513 897
852 363
895 962
609 605
461 212
707 682
110 692
144 276
337 856
753 734
240 923
188 733
871 726
100 620
414 258
350 502
181 693
1 991
992 908
491 626
637 680
158 682
719 978
903 570
586 863
149 633
648 51
52 929
551 384
386 51
930 380
945 688
604 624
807 983
191 751
411 0
760 908
75 805
548 234
553 578
861 694
840 379
437 632
0 402
500 688
789 562
720 691
971 44
291 285
594 57
494 644
917 747
958 748
901 214
230 46
282 236
973 90
837 458
474 406
666 576
661 232
430 336
623 879
230 167
177 829
423 67
326 629
758 57
570 989
432 530
597 863
587 175
109 816
434 347
318 401
277 134
507 825
474 648
450 62
732 943
790 359
64 255
347 55
803 594
873 101
775 761
472 989
990 686
659 815
112 188
561 14
34 763
824 653
620 594
565 658
802 342
246 124
248 722
578 597
932 600
388 473
919 109
630 6
221 481
312 599
859 997
988 882
633 654
707 603
657 782
503 315
971 420
625 12
28 22
800 767
98 495
287 956
120 779
533 194
660 235
285 92
496 541
692 187
845 954
41 900
975 246
154 548
658 310
43 451
868 534
455 661
317 956
554 603
96 957
53 92
3 500
237 667
903 262
913 721
66 785
508 672
107 328
795 436
616 205
5 51
409 895
268 919
569 93
613 136
35 159
284 900
91 734
447 369
755 256
508 793
84 960
915 888
337 911
665 447
692 321
673 42
394 627
58 678
53 334
655 668
634 316
350 557
9 264
883 791
5 522
676 498
490 42
531 80
115 690
464 844
228 42
524 858
522 31
441 860
577 455
383 855
629 93
443 906
152 168
909 147
652 491
24 922
984 964
253 516
891 278
285 697
242 98
412 509
835 612
711 805
785 791
535 845
576 617
414 326
534 391
603 750
551 560
501 214
47 532
167 863
675 101
688 40
607 869
373 702
476 386
674 401
665 581
783 802
411 176
562 574
167 984
864 912
821 276
573 174
786 992
183 699
30 191
912 579
800 109
292 871
199 643
727 799
842 520
983 459
322 750
280 982
220 702
300 173
742 518
398 479
662 0
307 297
78 245
205 286
908 177
467 700
947 105
902 628
577 831
57 536
511 477
404 351
906 747
230 235
158 884
524 416
818 405
787 826
212 595
633 588
738 641
545 246
314 313
150 885
695 419
893 700
230 356
240 778
111 664
675 706
615 426
59 474
229 885
857 188
783 10
99 546
302 380
816 830
219 611
425 716
137 249
288 189
936 639
413 598
581 182
875 363
278 144
379 950
231 32
76 912
864 241
967 891
194 675
529 894
82 205
161 498
285 39
147 563
212 958
936 760
488 75
572 483
171 139
85 853
341 321
561 553
62 906
828 668
542 311
122 920
261 32
767 429
987 432
899 319
983 956
408 725
18 570
697 599
210 740
213 257
829 489
567 489
424 440
570 265
869 827
19 391
98 684
165 445
404 727
