0 0 750 750
10000
514 370
555 371
426 257
453 94
255 375
250 31
278 507
529 89
634 142
47 345
124 40
721 30
547 668
332 743
289 107
71 150
348 687
571 207
409 145
576 322
350 504
625 443
518 317
358 99
523 166
514 612
257 461
90 284
150 335
631 379
656 143
345 281
33 689
518 209
284 42
504 274
234 450
545 46
748 671
421 276
247 389
187 109
118 238
269 636
477 585
287 461
543 387
111 464
162 695
707 229
504 166
619 116
186 234
420 172
332 59
698 382
428 521
189 10
617 457
230 48
207 293
4 230
23 243
410 652
413 398
624 352
314 126
472 749
439 572
217 230
277 244
185 426
226 464
363 698
399 355
429 234
374 298
11 246
732 6
714 632
351 580
420 185
373 73
455 408
4 472
408 296
513 349
94 365
319 483
200 303
112 190
602 54
392 473
552 425
717 529
543 642
560 57
87 362
519 19
174 250
463 124
74 19
222 671
24 198
368 8
29 542
406 263
63 126
450 306
632 17
744 258
298 666
155 129
732 369
589 586
371 134
500 19
92 719
596 481
706 124
642 597
408 430
86 379
256 561
218 269
460 68
737 605
57 617
681 710
206 151
421 76
519 382
505 484
524 497
16 27
458 143
642 718
692 81
22 744
39 159
22 515
111 35
732 382
107 559
69 38
363 27
230 666
729 84
500 261
343 543
541 33
577 444
293 685
269 99
86 392
521 549
498 336
107 680
625 148
410 223
113 202
239 341
459 610
352 218
412 269
183 446
255 551
381 690
329 500
16 40
631 313
125 441
722 202
92 35
143 229
55 116
578 157
146 271
266 336
352 110
431 403
398 455
659 267
103 49
479 565
666 391
537 277
297 36
316 49
197 586
123 408
30 180
329 742
692 565
582 693
549 516
222 121
328 517
534 622
596 39
485 208
437 460
523 234
349 347
569 350
393 390
488 398
524 55
449 406
743 624
49 701
737 284
687 463
384 691
217 514
71 231
76 309
203 350
461 645
156 9
106 417
1 135
362 114
274 1
482 179
251 283
91 65
316 412
641 468
295 60
599 471
337 471
712 119
455 463
6 371
629 350
224 530
633 469
349 710
297 520
719 243
536 536
486 715
38 296
406 197
533 238
180 645
340 597
362 356
124 713
119 369
124 484
650 5
311 310
457 135
489 582
668 584
280 179
431 82
152 667
549 74
521 241
292 189
176 243
11 664
642 652
582 372
155 76
205 422
17 371
182 667
451 303
537 77
454 308
748 526
46 25
612 665
266 28
646 249
188 603
334 657
95 146
81 211
158 431
600 547
490 675
493 421
589 654
644 324
98 565
79 323
5 108
202 622
412 203
558 257
265 678
292 552
108 731
736 34
732 558
415 622
229 203
248 216
44 157
560 488
123 450
558 378
439 198
67 326
650 381
369 627
88 385
647 83
126 640
179 503
430 85
473 684
506 632
435 163
729 381
165 339
156 519
579 622
665 625
164 343
141 625
20 335
488 211
424 455
550 42
591 43
352 286
123 463
324 224
497 381
423 166
309 330
180 445
259 738
345 512
386 55
162 576
532 109
234 681
504 276
490 112
13 224
723 320
30 356
747 677
539 270
291 397
117 281
263 335
282 348
1 69
259 630
161 58
116 581
446 456
620 343
721 395
17 50
550 513
182 117
710 502
187 461
80 69
118 361
131 300
365 238
57 122
43 187
213 635
111 587
345 525
157 474
279 171
454 697
182 238
118 482
30 369
107 64
747 690
700 349
20 590
326 633
610 163
469 187
128 123
515 532
212 531
157 595
702 395
174 10
251 230
504 410
705 400
624 475
498 70
135 18
525 698
186 249
93 21
454 0
10 252
337 418
340 652
422 462
202 193
422 233
329 5
719 419
388 585
29 423
464 580
20 603
328 719
519 21
532 714
408 190
485 639
125 67
223 144
355 300
336 21
621 419
137 306
271 306
684 475
546 16
601 706
577 83
155 131
549 250
339 440
213 72
8 606
89 265
149 316
154 660
331 27
652 119
387 602
382 29
318 539
646 304
720 24
353 496
320 319
461 29
502 30
355 542
608 722
126 682
47 389
446 135
382 379
308 201
43 684
476 14
238 142
656 655
411 33
750 24
259 430
433 88
658 435
446 27
500 492
230 668
274 674
207 684
653 441
565 328
601 22
107 682
542 381
330 202
151 230
412 500
472 551
109 499
453 272
260 631
585 199
7 222
213 327
157 395
83 217
281 461
275 387
239 693
662 567
137 682
677 138
44 225
197 467
57 164
428 336
292 741
484 682
583 624
108 102
297 38
104 626
519 639
26 706
2 120
475 569
683 747
731 495
375 631
478 49
34 338
669 583
185 470
743 734
330 336
275 400
300 164
398 699
420 229
184 218
455 452
452 706
469 121
207 350
615 175
23 300
14 709
490 409
584 44
646 693
214 245
145 411
434 285
508 234
71 462
654 288
125 698
124 473
418 691
490 530
132 593
383 175
484 227
159 467
217 637
167 62
593 399
225 3
211 68
689 632
288 59
408 124
578 535
449 650
526 116
8 419
624 651
396 6
115 252
137 11
54 242
422 409
494 248
518 642
377 666
91 309
256 605
471 301
99 658
171 9
520 422
685 1
671 66
649 307
698 694
194 666
524 541
579 248
632 74
637 189
196 712
350 132
520 543
24 605
57 553
98 554
456 262
46 135
230 481
82 317
159 12
156 266
500 76
524 662
472 243
174 320
444 144
683 426
77 616
567 251
56 35
694 26
737 662
542 423
189 564
202 503
287 318
466 320
721 21
248 326
201 251
743 305
533 495
574 496
151 164
622 15
651 487
637 552
439 79
370 208
208 146
158 554
447 428
337 31
502 98
446 203
401 726
533 616
407 211
560 490
637 673
255 379
659 203
590 103
719 742
400 208
326 30
231 399
148 401
745 391
638 265
46 390
261 49
663 29
637 565
141 627
525 95
516 504
461 568
375 565
590 224
576 326
273 517
617 327
367 152
446 216
298 52
499 42
432 52
93 586
129 280
297 93
141 748
203 165
392 101
361 522
120 167
340 170
652 671
597 735
311 112
490 114
434 219
186 117
640 287
562 404
212 520
331 471
105 165
468 742
573 4
655 43
294 589
22 130
619 120
261 412
718 99
709 279
506 179
497 625
365 240
34 635
203 178
717 399
689 566
56 653
651 45
171 640
400 463
97 654
147 246
298 415
185 538
91 351
647 340
330 633
578 469
531 394
182 240
570 56
654 464
258 235
323 364
285 72
739 279
109 112
548 711
202 74
28 712
246 117
559 577
449 705
127 425
383 351
495 592
316 361
589 456
195 300
107 187
398 659
286 189
401 176
313 292
392 356
674 5
483 474
192 2
642 238
480 176
289 608
605 585
154 649
639 169
30 613
281 195
71 651
19 195
643 59
59 533
458 13
618 2
241 15
494 195
287 131
306 144
158 17
589 698
498 85
723 698
570 190
52 264
597 64
660 349
519 373
106 729
646 185
744 491
458 134
711 314
255 71
114 95
213 303
471 598
223 496
383 485
157 142
658 195
275 134
621 542
280 249
175 721
445 316
114 445
296 193
628 437
292 488
528 206
657 91
426 424
495 29
362 668
436 617
750 255
34 85
667 486
405 486
620 145
102 448
446 29
470 386
257 507
720 268
324 268
106 45
746 671
345 327
441 35
33 735
518 255
690 739
46 445
321 384
402 43
371 501
725 733
491 566
635 22
618 378
324 160
664 494
263 150
265 748
565 451
28 512
501 207
157 397
740 223
118 405
44 227
627 319
577 461
34 448
400 505
204 630
37 453
56 466
109 743
269 466
580 99
501 449
45 169
437 693
210 7
283 226
481 470
486 585
57 179
170 56
34 461
386 583
188 110
366 116
724 349
283 118
682 352
360 301
84 403
561 62
626 457
356 596
362 118
23 423
661 414
193 80
320 121
738 634
55 375
743 749
449 531
677 395
484 0
167 64
370 652
404 236
225 5
598 250
152 658
596 177
480 231
633 473
108 588
223 309
302 373
369 134
644 73
745 125
602 113
65 137
189 432
703 653
293 260
190 253
732 307
291 601
643 6
373 145
510 645
670 597
491 366
202 263
59 709
269 24
7 24
530 65
67 75
416 717
149 373
625 73
670 718
417 309
329 425
269 145
207 728
714 7
623 377
526 481
326 127
512 317
565 143
28 204
735 66
112 612
14 40
128 556
521 487
633 728
33 440
148 390
74 212
676 546
533 497
646 374
288 666
720 323
315 503
433 495
359 317
124 154
630 551
303 156
299 680
44 161
665 508
128 569
398 393
668 25
117 151
645 270
72 408
548 337
185 285
474 159
88 618
415 747
19 747
432 162
418 264
60 290
8 100
605 90
68 639
412 449
613 439
728 160
566 98
34 503
287 683
469 165
419 344
592 501
396 626
248 462
220 629
454 567
435 288
316 108
398 635
687 280
384 508
599 396
332 52
460 503
620 455
212 401
363 570
196 393
344 291
196 164
504 280
104 575
338 513
431 704
425 630
84 337
67 693
547 98
698 267
505 101
567 750
670 168
744 117
188 165
331 473
740 641
246 106
643 745
335 592
316 350
132 529
77 68
467 748
536 353
200 404
355 49
300 113
38 342
401 165
310 535
296 637
313 52
208 524
488 578
326 745
235 132
307 237
171 642
738 460
638 522
8 355
641 527
608 579
121 3
52 132
690 123
497 748
547 111
612 469
285 74
610 396
9 701
45 358
155 1
465 715
210 425
523 656
41 653
22 374
261 656
38 355
693 286
502 718
142 412
51 28
618 112
301 176
251 355
58 189
121 474
726 59
542 9
46 71
175 710
612 711
15 492
348 372
477 28
526 415
75 479
630 472
262 76
537 15
327 434
387 485
360 382
263 715
222 677
299 372
436 606
128 490
618 354
389 531
134 12
380 482
77 444
75 600
493 359
741 195
372 69
262 197
88 310
695 722
115 672
189 621
63 253
395 726
183 318
422 600
389 652
241 259
683 375
240 34
228 734
11 736
575 549
602 652
148 216
533 552
261 93
151 221
211 272
505 490
747 252
697 660
482 735
120 90
736 93
226 257
121 729
162 501
229 33
308 326
387 619
258 734
373 684
583 265
646 550
417 727
725 614
274 678
384 321
103 42
553 507
138 265
167 737
60 345
99 273
472 555
444 456
585 203
405 501
372 324
317 388
88 565
726 327
643 558
608 271
384 563
687 335
2 232
76 181
423 225
626 96
171 684
42 570
661 53
745 690
308 689
55 243
132 692
261 348
691 161
238 630
332 228
373 0
268 472
469 233
529 284
78 348
482 172
456 708
261 469
206 533
550 343
44 471
319 410
33 53
327 5
464 276
328 644
106 531
736 469
17 230
113 692
490 413
724 351
352 708
709 228
98 74
4 641
618 46
177 303
344 480
251 289
383 179
498 129
145 536
52 308
346 526
286 475
263 528
323 542
734 113
450 354
651 344
491 126
86 306
666 652
531 693
672 174
11 657
607 193
276 588
577 250
664 175
191 480
158 303
581 406
414 0
359 64
498 142
11 549
281 144
225 249
495 73
574 137
238 188
343 241
725 306
72 384
237 717
94 668
405 301
663 596
470 201
234 190
564 65
454 193
657 27
63 308
211 206
197 271
117 19
241 314
177 558
540 381
526 483
414 242
372 16
358 81
652 299
143 156
649 553
65 502
247 250
701 191
202 507
324 204
678 436
17 727
644 559
9 85
126 633
33 442
148 392
0 265
233 207
260 569
356 277
669 508
125 381
428 153
326 371
350 728
498 626
312 207
718 666
146 440
60 400
321 212
622 140
183 736
544 449
728 41
492 30
623 513
227 513
502 223
345 505
708 328
312 328
534 441
721 267
432 164
690 688
316 218
706 669
169 693
186 108
296 505
506 49
48 403
72 531
218 585
548 460
18 231
689 207
694 514
367 156
601 323
28 690
28 461
468 733
96 336
13 567
646 739
233 341
355 38
145 457
439 446
236 346
365 231
645 514
533 44
610 35
171 631
436 111
193 124
201 510
89 3
266 639
398 529
296 518
34 747
98 8
736 524
670 170
152 244
100 54
64 360
427 412
413 285
201 631
330 516
619 353
77 70
168 188
715 586
415 65
198 67
249 527
276 401
372 634
205 457
549 1
413 406
182 473
297 460
319 707
195 183
663 288
267 59
217 467
468 49
681 571
561 240
602 278
684 576
156 191
238 1
417 3
50 475
447 111
158 8
70 124
242 645
42 62
603 358
584 116
429 471
369 191
267 180
456 79
46 181
263 704
51 30
95 73
549 243
683 243
614 409
70 245
405 235
639 173
300 478
162 248
322 237
57 720
267 530
253 366
230 648
354 189
115 432
321 12
670 425
711 426
482 603
408 425
702 643
614 530
89 379
61 317
561 603
239 323
104 135
379 74
422 710
334 597
475 307
241 140
300 720
589 594
415 670
616 431
729 308
395 728
720 259
439 246
439 17
577 210
733 198
631 187
221 23
312 141
83 318
465 383
264 393
735 15
243 41
129 205
387 729
248 156
690 501
404 669
660 595
206 159
156 567
434 23
585 192
686 732
553 617
584 721
341 734
234 379
564 254
638 203
715 386
539 197
494 683
337 211
39 288
106 49
455 203
45 39
644 627
243 283
181 637
432 219
182 44
247 439
500 619
445 683
701 380
453 278
131 227
337 332
466 742
199 627
548 286
451 619
702 201
8 278
605 39
94 52
159 447
613 617
722 560
684 268
92 393
70 634
18 178
91 168
349 692
705 98
132 465
677 265
718 37
459 42
631 563
212 579
532 520
32 648
233 638
691 55
338 691
388 283
291 579
420 464
580 453
492 340
101 189
271 112
462 582
443 340
715 533
319 533
687 700
607 182
524 413
6 716
417 287
21 58
711 239
246 176
177 305
330 584
732 69
112 590
79 184
142 240
486 13
747 54
482 537
274 359
582 246
403 15
26 28
182 541
125 7
297 528
259 236
112 482
43 611
165 308
640 601
748 171
517 652
80 614
66 716
360 668
363 185
542 416
676 416
748 292
612 660
618 411
72 157
584 534
553 201
231 150
336 203
186 673
715 199
684 657
412 198
324 85
623 381
134 190
72 507
9 195
88 488
704 720
107 501
437 376
330 21
583 201
244 735
220 149
371 547
137 380
739 714
252 330
219 153
596 665
188 611
637 437
526 606
278 504
273 160
234 434
435 158
431 682
425 379
631 255
56 512
162 679
620 96
234 555
745 505
206 456
426 725
57 104
370 564
309 325
290 46
636 454
529 99
262 738
367 37
229 332
335 462
35 695
585 610
81 582
26 646
282 343
414 499
400 564
18 4
377 580
44 636
462 395
530 566
288 215
656 382
735 675
334 102
408 51
494 54
413 395
366 54
295 110
448 352
38 225
24 290
593 218
323 357
739 43
193 247
582 59
233 585
522 459
723 449
145 472
93 16
263 693
681 452
199 708
422 457
460 749
372 636
191 295
394 129
344 537
624 591
696 696
42 172
168 311
536 478
80 198
145 593
126 314
272 405
602 280
373 191
244 306
189 370
142 295
610 400
290 193
119 311
246 123
144 75
286 424
0 67
368 234
93 29
478 594
280 121
568 524
702 524
452 312
218 145
168 553
111 19
520 483
308 75
406 610
170 599
577 199
716 543
408 427
301 301
609 417
111 140
653 194
446 130
565 81
157 27
473 263
54 545
169 266
301 422
260 384
669 323
195 669
620 138
47 505
336 379
341 723
317 137
126 569
179 432
695 726
335 154
115 676
44 207
285 333
118 156
156 448
720 490
687 313
458 261
351 135
475 430
444 326
158 494
259 546
455 192
372 194
699 323
649 731
253 731
142 671
546 495
491 559
197 341
747 485
223 744
221 146
529 262
656 74
515 98
312 35
462 208
467 323
412 387
444 568
659 493
714 200
304 36
39 519
460 549
515 219
262 564
551 438
270 159
545 98
619 47
321 619
113 212
316 46
519 634
233 277
357 572
627 433
558 562
585 436
310 231
337 334
411 283
254 565
194 285
359 618
72 588
713 621
312 277
331 290
353 49
284 215
196 331
36 113
724 450
113 333
90 578
453 401
282 519
700 278
502 522
433 688
469 345
670 106
152 180
50 398
671 745
91 170
707 173
643 683
443 329
439 624
558 575
520 283
236 524
728 232
29 460
24 116
516 578
593 273
290 235
111 529
694 584
73 8
601 393
702 216
41 699
325 229
466 168
25 462
608 517
718 160
489 337
267 224
219 476
478 407
538 458
334 399
637 171
97 486
334 170
413 463
158 173
163 288
27 656
457 240
382 66
263 640
120 591
579 351
610 455
23 658
614 345
523 715
163 409
667 171
493 284
746 235
300 414
570 238
737 415
38 414
621 469
660 168
82 191
679 181
109 294
92 650
632 69
124 602
705 584
699 15
728 716
179 245
566 654
473 426
239 259
189 667
206 82
371 186
147 670
35 200
147 441
320 369
86 202
521 359
664 179
619 665
567 475
724 718
149 487
433 17
89 207
672 528
52 554
360 670
382 429
213 135
457 495
195 724
551 359
721 16
234 423
740 29
165 552
695 552
299 552
454 197
10 449
693 708
54 721
30 98
668 126
219 34
255 482
563 369
562 144
727 477
474 260
741 375
474 31
124 147
234 544
330 23
63 662
607 560
159 141
269 501
379 144
668 18
329 552
291 31
293 629
664 542
493 431
56 393
548 101
281 511
74 447
385 568
154 147
624 96
302 45
310 165
136 278
287 447
634 491
6 168
642 86
514 611
696 322
467 499
458 679
269 514
439 437
635 83
728 274
365 222
478 99
20 453
510 317
18 114
652 437
523 515
729 620
151 643
338 506
141 635
409 386
199 576
414 501
376 209
161 55
596 212
6 181
441 109
88 745
740 634
587 163
289 469
643 738
374 284
668 502
249 518
73 63
279 397
124 294
554 107
517 454
407 582
393 684
572 161
682 521
217 458
368 102
714 510
566 346
497 512
390 120
417 223
257 5
245 705
229 697
91 467
568 163
124 415
449 700
361 62
306 126
182 356
256 305
605 459
321 700
641 641
503 411
448 475
718 336
732 5
38 348
695 352
373 301
623 183
633 642
600 465
77 195
658 177
336 126
76 724
700 588
257 18
656 518
530 113
124 657
67 123
623 75
45 364
22 609
605 701
262 69
594 542
382 134
327 198
404 647
412 242
720 129
413 652
361 196
438 416
424 481
592 65
519 489
519 260
73 668
269 314
513 711
315 201
499 547
342 75
20 24
345 309
264 384
135 499
652 237
616 543
98 617
41 83
65 440
579 661
159 75
178 88
40 612
637 373
315 322
659 132
356 94
708 253
264 505
345 201
685 535
456 446
0 203
743 476
187 29
271 666
679 491
627 301
668 73
2 212
346 22
438 550
185 104
212 207
372 196
205 19
630 720
649 733
432 210
473 736
560 661
522 140
632 500
623 680
714 81
70 504
364 685
648 215
56 340
364 456
358 153
270 40
118 400
214 108
720 505
723 251
269 569
155 733
640 216
576 726
172 636
464 27
722 551
450 92
567 677
78 220
465 629
451 731
661 275
518 492
138 271
532 161
55 236
275 505
588 736
371 738
352 459
173 228
252 521
2 346
728 221
103 169
175 274
111 518
615 280
625 739
317 623
31 0
499 105
449 513
509 564
641 683
495 400
572 95
641 454
733 686
222 470
590 637
750 626
538 447
244 0
276 218
400 513
615 401
59 220
231 704
28 641
243 529
418 567
671 747
550 686
219 586
530 744
604 693
115 236
703 635
376 277
348 178
284 688
711 1
320 116
182 411
118 655
99 413
374 581
654 635
520 406
510 627
240 537
675 694
331 655
193 425
408 350
499 239
232 124
655 227
704 348
387 412
151 135
505 175
568 460
678 66
320 358
554 296
53 14
399 422
256 602
278 361
649 533
239 140
178 130
532 658
475 124
34 122
94 432
424 307
190 140
740 18
426 124
505 417
665 369
417 304
496 597
477 318
260 320
664 181
655 590
34 14
414 6
9 186
121 427
83 135
420 723
491 603
535 646
678 200
631 125
397 712
359 420
488 305
474 141
181 562
528 377
324 89
227 385
655 603
77 626
204 667
584 659
298 36
146 433
583 205
641 375
159 372
233 92
95 387
89 572
340 154
469 39
59 141
39 226
410 627
396 729
740 273
616 732
256 160
454 441
462 265
627 598
266 390
747 663
692 727
439 318
525 321
76 229
506 42
475 729
433 732
557 44
221 324
161 44
4 326
245 452
391 506
231 288
647 203
308 737
289 229
151 524
677 311
393 552
80 55
439 439
525 442
623 748
222 404
695 99
263 213
227 519
34 390
101 114
557 165
6 291
243 463
592 388
504 504
251 95
210 57
275 452
354 745
440 748
724 278
242 275
495 455
431 699
252 468
131 407
425 625
296 740
492 386
700 335
10 117
213 742
590 463
120 285
735 558
193 238
243 584
129 748
31 176
499 281
22 356
173 525
11 463
520 340
186 235
189 240
717 625
557 407
128 230
615 348
284 743
688 338
191 57
130 47
622 509
467 635
470 115
704 53
459 222
588 107
309 692
579 287
524 351
634 748
128 122
582 63
316 587
261 651
619 359
567 169
167 464
112 528
508 528
505 459
329 4
573 364
526 518
89 251
696 700
317 115
129 64
649 359
146 4
555 172
230 412
155 238
325 649
488 118
699 72
597 290
671 239
665 195
21 359
609 529
86 488
688 593
218 378
722 177
489 649
47 267
537 131
745 309
542 246
621 539
533 655
27 29
321 247
357 429
560 300
610 646
725 596
255 418
463 596
403 316
458 252
513 713
405 362
553 260
336 491
570 429
5 391
677 3
333 193
733 83
516 314
337 83
750 252
20 147
722 419
328 34
295 611
281 676
138 139
262 434
52 624
113 311
257 733
720 494
408 673
260 509
287 612
433 437
135 743
102 566
212 209
565 327
224 34
652 481
22 48
407 155
66 91
453 271
463 730
378 622
245 507
78 101
537 386
614 81
393 378
608 266
109 619
26 584
623 574
153 396
464 29
610 83
18 171
471 153
624 395
728 452
180 620
101 61
474 572
326 445
18 292
515 344
293 231
312 281
637 41
270 284
168 236
173 351
200 225
516 690
693 94
180 512
284 569
573 406
628 113
191 112
655 216
215 469
151 713
209 166
173 472
140 295
379 577
38 284
136 590
103 642
337 580
712 457
698 559
227 708
404 341
97 598
577 3
174 64
688 514
12 2
366 234
223 185
300 634
589 508
11 531
603 177
723 508
355 341
2 711
253 293
280 167
120 703
552 360
612 411
730 403
559 521
433 116
686 67
639 221
503 589
121 295
28 67
415 476
580 580
327 363
10 427
693 457
645 709
63 61
1 378
109 177
147 432
744 422
472 0
558 3
36 601
457 365
572 352
737 648
415 368
308 242
539 111
307 542
343 236
587 596
494 368
265 545
342 11
163 534
58 252
94 663
345 245
553 194
322 527
690 428
437 19
41 19
354 479
280 301
528 137
583 73
426 355
464 647
299 543
564 60
128 432
379 14
17 601
581 414
634 240
534 302
262 368
625 191
330 14
640 728
701 415
646 479
472 363
381 733
21 427
389 594
282 202
614 712
268 38
204 548
653 374
735 184
625 312
317 196
647 71
124 30
437 261
187 315
192 430
443 12
403 613
260 564
444 156
342 374
488 428
493 543
441 87
78 35
4 86
518 307
509 487
588 551
321 436
154 30
522 197
709 23
516 382
29 35
194 331
521 497
73 41
190 626
372 374
229 325
234 669
344 46
533 736
156 749
677 192
388 89
169 688
126 52
103 334
538 262
521 618
70 682
204 682
190 747
735 547
745 740
377 344
438 31
631 611
478 103
717 385
689 552
450 41
147 3
592 619
303 516
330 619
657 748
215 403
727 26
266 634
181 1
709 386
360 232
34 742
172 706
684 329
37 518
615 458
367 393
362 49
64 355
330 511
335 589
498 58
511 522
29 519
194 586
660 93
249 293
180 688
469 296
367 514
721 746
193 361
499 404
545 520
619 469
495 699
622 511
302 304
572 165
392 692
263 578
414 747
307 584
128 353
240 594
207 417
446 699
493 222
572 286
649 469
43 430
514 281
165 127
598 652
73 538
496 641
202 194
348 248
576 112
573 366
328 10
667 1
517 471
319 715
552 657
170 363
574 187
128 366
269 76
328 131
636 18
317 238
594 546
146 127
10 495
304 713
156 549
109 474
255 299
62 133
241 364
77 670
158 366
306 264
691 600
253 374
327 323
621 541
368 361
373 439
662 313
393 125
744 611
527 88
475 423
58 549
732 722
371 716
187 141
500 372
238 372
183 436
67 490
213 315
240 152
56 331
4 141
515 91
532 31
473 619
257 735
720 496
659 257
664 601
194 157
479 555
157 504
454 498
545 91
539 542
608 147
682 96
236 504
57 44
310 224
301 670
392 34
263 149
122 173
70 737
399 158
724 443
489 317
742 497
296 447
571 386
750 617
731 375
304 42
684 263
381 225
642 266
482 48
432 456
110 405
745 687
671 738
578 281
182 281
558 568
409 445
543 445
202 115
83 689
647 502
413 335
740 693
421 684
228 289
659 741
411 410
230 335
483 515
538 451
496 454
656 443
255 99
152 415
441 289
284 571
330 687
361 0
41 584
738 512
719 233
335 536
503 349
379 579
341 287
709 454
470 172
76 541
112 235
180 635
684 397
620 641
100 117
232 236
559 402
416 582
682 701
219 711
451 51
470 64
376 402
329 61
482 303
394 190
359 169
218 193
273 129
228 652
570 352
291 708
690 188
327 136
734 231
579 357
329 182
315 247
722 113
741 126
42 354
121 647
223 429
317 64
262 128
248 193
726 3
294 309
318 703
423 719
612 655
665 481
417 416
324 188
207 606
697 470
86 545
232 370
600 537
111 80
267 593
644 314
647 60
666 73
418 237
676 532
473 432
607 432
285 381
580 6
692 247
351 183
444 145
664 414
369 725
658 599
484 712
551 244
327 728
308 486
373 615
280 424
261 145
527 35
348 558
733 369
497 129
254 142
116 437
671 430
5 569
743 535
416 140
13 201
560 599
290 738
505 663
439 309
241 553
599 32
172 453
287 440
636 557
739 12
152 215
749 205
28 445
583 438
710 250
252 567
85 161
425 495
714 369
521 728
461 448
552 41
598 157
708 554
326 260
317 669
262 733
331 338
243 454
699 505
432 390
206 572
8 99
530 669
406 108
29 158
20 338
680 613
532 449
480 30
468 730
490 452
44 402
360 113
332 280
365 228
134 561
203 166
459 92
579 157
240 462
596 97
381 172
735 441
99 459
467 626
118 472
668 387
520 223
368 95
222 529
20 580
235 468
488 685
288 331
221 341
128 113
18 241
174 0
380 334
476 567
498 60
93 11
602 154
103 470
617 691
197 68
400 693
54 56
95 57
307 236
721 519
499 406
66 524
484 283
85 537
319 475
728 643
509 47
225 288
612 697
698 508
598 533
469 419
348 358
174 471
301 283
287 119
256 540
667 111
190 186
536 594
680 50
38 583
5 140
189 715
423 653
385 132
87 475
701 109
706 224
549 240
678 125
108 534
586 307
226 1
65 312
63 468
285 315
407 12
469 661
90 76
558 181
642 589
334 473
494 425
72 436
378 250
410 431
410 202
643 181
137 309
101 615
582 659
320 659
359 358
455 66
138 130
616 428
332 669
349 84
729 305
206 264
252 151
530 361
497 184
731 122
689 125
484 659
253 726
578 257
462 82
238 603
585 418
174 618
246 723
26 454
356 329
350 551
9 487
537 377
335 162
104 495
534 493
224 267
303 560
46 675
638 321
266 678
94 157
541 617
233 501
62 390
141 683
530 495
444 455
268 458
557 332
636 625
400 614
376 28
689 259
430 493
339 109
743 724
261 455
118 635
300 154
668 321
112 332
272 321
310 347
475 680
313 93
748 21
122 296
700 273
400 506
422 265
620 509
451 737
642 39
740 574
303 573
600 42
352 694
2 581
406 176
712 448
10 176
519 53
722 678
395 512
78 576
377 643
619 405
99 635
584 155
663 448
38 396
76 651
575 106
470 53
134 629
34 691
538 453
390 60
474 697
293 356
224 522
119 240
325 574
14 712
130 106
75 170
567 107
584 276
47 71
640 585
299 292
445 117
610 450
138 640
228 533
713 282
74 66
19 130
593 631
626 579
376 633
246 523
141 12
342 2
347 346
168 603
676 521
93 200
602 343
10 431
423 600
734 462
188 703
197 28
279 592
120 10
77 377
259 125
350 472
116 305
584 410
80 611
214 611
726 5
533 593
459 415
720 190
362 482
251 651
153 79
461 195
479 478
732 658
154 718
107 606
336 200
0 480
126 619
421 15
720 540
255 477
626 124
282 314
53 262
232 493
361 378
545 724
694 258
704 717
299 668
239 388
734 596
715 317
44 149
472 596
104 429
272 13
692 370
463 547
664 537
230 16
175 80
120 144
727 593
350 606
28 555
231 389
46 609
696 196
462 29
731 419
306 684
4 319
744 92
23 332
498 625
212 268
513 196
317 550
224 93
564 427
633 32
522 430
233 327
104 442
631 602
712 32
194 335
741 733
455 376
54 32
694 392
303 507
275 674
251 88
674 679
572 143
434 438
453 451
575 148
420 274
134 442
222 289
445 38
37 738
548 459
694 513
515 282
124 397
738 556
160 579
646 738
635 320
487 156
411 575
175 335
474 631
59 389
59 160
537 687
96 685
399 457
278 167
214 182
737 223
365 580
258 454
43 300
459 215
170 112
385 0
376 446
579 51
240 585
417 218
559 567
58 285
302 645
429 457
200 634
668 739
145 698
179 282
62 700
51 16
243 711
232 293
600 460
58 177
438 398
341 465
575 403
729 52
362 524
384 54
283 416
737 586
200 647
57 598
450 529
51 29
22 496
400 119
741 183
520 709
748 573
142 534
101 496
715 130
651 411
577 196
530 121
636 251
405 355
713 471
23 24
102 317
704 651
267 650
160 258
198 550
257 605
178 83
453 22
155 365
600 715
722 412
204 715
223 728
218 384
689 235
231 94
181 502
602 532
8 22
187 24
178 433
541 256
81 271
686 610
634 191
460 304
211 731
247 425
178 325
613 482
379 315
250 430
425 431
114 569
530 484
117 86
370 495
469 208
6 218
105 197
721 200
413 84
344 213
297 138
247 546
495 382
440 446
252 624
701 487
393 371
338 435
668 310
520 146
258 146
317 726
699 562
298 218
740 563
196 207
275 500
564 374
691 149
285 693
66 97
286 100
351 495
621 90
34 559
106 398
629 210
441 388
382 747
201 672
74 631
159 675
701 729
682 221
112 334
370 629
153 631
717 673
56 698
716 219
721 334
366 106
691 391
113 451
462 339
412 747
233 516
300 277
520 280
525 624
621 332
733 573
506 116
488 742
510 501
326 680
598 348
345 693
744 402
665 109
582 340
196 570
366 227
218 63
378 52
280 160
588 47
712 342
417 165
490 643
297 514
624 643
154 465
228 414
639 214
369 124
225 116
63 283
63 54
271 232
390 183
1 371
577 238
329 173
315 9
72 22
575 579
597 109
24 476
695 415
439 166
651 345
193 662
255 116
260 423
480 463
380 525
581 515
572 695
0 240
93 431
560 577
739 579
311 546
37 14
143 144
234 528
330 7
743 176
481 139
393 292
44 138
734 356
530 297
447 528
367 10
47 328
671 421
487 600
690 434
41 254
533 716
244 613
178 259
641 20
370 429
683 660
359 536
77 621
629 131
386 144
215 33
238 431
723 180
453 90
365 206
552 32
571 82
70 554
328 324
400 200
601 190
50 316
685 598
513 77
509 601
201 256
239 511
44 501
357 732
274 734
618 544
103 327
323 101
738 545
344 160
643 722
22 109
383 88
192 557
25 380
709 258
659 666
95 624
198 42
544 679
590 566
595 681
488 555
378 683
615 330
460 493
653 622
606 547
31 50
251 319
210 281
177 104
619 220
27 345
574 743
369 45
622 262
219 515
589 85
76 466
420 276
599 507
365 340
172 699
716 274
592 733
504 620
265 109
399 338
110 235
127 404
448 459
607 223
636 695
634 622
18 353
480 155
210 294
383 222
672 96
140 464
184 507
422 564
702 618
513 453
348 120
330 746
311 467
531 507
228 698
746 166
11 700
732 231
520 577
704 169
0 53
291 525
131 536
525 692
263 692
593 338
445 174
142 402
629 520
678 116
628 524
480 397
55 662
738 692
108 525
278 411
70 4
99 705
489 631
470 352
162 236
575 405
693 626
643 280
478 472
266 64
629 641
106 600
651 400
614 747
91 477
719 534
503 650
401 639
690 476
597 285
371 238
202 429
747 229
692 293
40 367
609 295
153 15
414 285
345 185
245 247
314 606
520 711
230 649
679 475
646 298
338 182
150 360
706 349
720 247
546 360
750 355
442 10
311 722
493 470
691 714
479 306
245 139
52 727
401 652
449 134
220 311
729 417
390 722
445 429
183 429
403 432
673 27
497 296
301 421
645 194
698 57
125 195
548 261
639 645
350 542
171 311
551 303
413 73
192 599
335 153
500 486
696 132
412 373
566 22
342 543
493 712
37 432
205 16
513 132
284 80
662 669
528 440
384 661
164 392
296 548
681 130
142 81
532 266
456 685
308 558
523 446
316 382
657 446
385 741
705 194
729 551
379 438
401 197
558 440
360 159
117 209
475 671
425 325
428 559
698 191
739 192
78 217
518 489
683 31
499 210
75 148
440 569
252 747
393 494
272 204
131 228
20 626
684 377
400 618
87 158
381 339
73 223
596 35
50 505
143 696
471 269
223 167
159 677
715 629
434 616
200 449
319 400
374 336
739 205
450 102
389 92
205 271
124 575
482 283
129 690
655 211
649 396
690 168
103 637
645 691
712 452
120 577
87 400
436 288
403 111
694 583
568 215
380 393
732 286
591 347
508 578
327 237
184 454
664 44
325 578
347 337
591 468
93 191
640 589
406 422
739 339
307 645
121 640
336 299
556 568
451 57
542 404
258 645
137 355
147 548
357 129
427 602
444 17
320 476
750 60
309 58
667 291
457 710
226 60
534 176
195 481
551 345
699 243
551 116
666 66
676 525
98 548
354 474
495 184
607 425
426 350
290 718
660 288
715 187
524 656
310 138
444 138
191 712
222 25
494 484
663 707
621 710
5 441
416 12
426 471
271 597
104 191
134 299
516 364
411 82
669 606
111 86
212 138
704 600
198 728
299 551
599 254
158 548
268 154
161 28
501 133
611 493
485 125
430 189
270 200
514 597
12 615
72 629
534 431
176 723
386 267
14 395
702 15
597 487
294 678
146 551
32 449
508 378
599 496
409 372
367 375
496 31
620 326
656 20
633 265
46 734
591 268
520 324
98 106
645 504
318 146
254 619
125 734
111 570
147 227
331 573
501 496
45 216
532 563
334 90
430 323
379 506
30 352
313 152
748 80
698 488
474 743
68 55
665 45
36 288
160 583
504 393
222 643
645 746
700 682
156 60
197 61
665 166
54 278
240 697
138 686
615 345
348 230
168 528
242 514
295 340
635 445
714 738
616 166
234 101
29 635
695 230
304 345
309 689
328 702
629 630
466 114
686 346
39 10
28 117
341 348
363 107
98 590
626 746
10 248
73 533
381 420
78 648
158 348
55 664
58 410
719 415
283 528
405 225
677 684
608 584
570 292
38 697
616 408
681 574
646 287
73 654
188 641
257 246
164 18
40 248
716 531
314 716
446 118
341 590
537 236
561 593
234 235
327 426
693 749
478 595
44 74
524 711
486 190
716 652
623 424
236 15
585 169
20 131
311 603
70 248
116 364
327 547
220 421
547 587
435 80
261 193
426 526
371 590
211 372
701 236
491 426
370 136
278 547
209 713
312 131
386 80
666 134
289 147
170 721
285 671
495 252
668 180
458 370
310 206
125 426
138 365
603 724
28 493
410 558
606 241
377 381
143 214
561 727
729 540
338 426
95 668
155 719
645 317
511 88
106 268
288 16
111 383
124 322
630 719
702 70
592 427
559 250
418 311
564 365
526 73
473 735
321 378
200 317
668 193
328 502
450 199
345 671
212 556
441 150
749 266
322 724
36 330
456 687
545 207
283 207
319 160
489 83
420 212
241 735
636 510
147 53
9 614
652 720
246 32
96 502
201 555
657 569
677 255
263 615
731 720
304 387
307 163
83 684
656 317
91 279
96 394
655 92
705 438
495 628
462 451
443 209
356 698
120 458
340 690
288 271
138 741
289 644
96 515
655 213
13 746
498 229
314 408
47 64
728 462
146 43
473 172
748 148
97 595
353 521
494 231
70 169
228 526
429 516
553 57
80 362
599 698
198 354
616 113
304 521
605 634
278 239
126 599
551 105
635 742
468 107
700 642
662 350
225 349
49 123
178 8
174 532
53 13
378 298
591 591
140 655
262 352
465 186
611 240
253 532
506 712
523 127
602 457
459 637
220 126
387 532
63 408
230 585
701 170
431 309
508 4
453 68
554 645
212 127
162 535
643 350
541 302
324 75
585 345
260 548
117 11
483 68
474 248
553 312
88 478
704 481
303 137
41 137
674 538
13 304
333 245
472 589
68 499
453 310
384 476
381 730
71 16
728 20
263 186
650 595
483 189
39 441
278 723
395 76
507 317
157 433
671 654
124 27
344 30
65 615
62 317
461 551
433 718
722 592
708 428
501 364
699 608
124 148
160 330
55 48
481 385
599 377
580 135
492 22
698 356
213 607
218 685
689 536
400 433
176 725
119 154
564 541
523 503
251 81
586 34
374 151
150 672
170 92
538 259
6 398
343 20
598 44
455 261
138 554
408 149
50 212
480 25
380 87
289 457
17 264
113 497
352 742
453 565
181 106
733 619
514 23
552 278
722 726
240 457
78 395
138 446
726 616
36 398
319 457
401 267
695 219
43 293
153 690
373 168
650 742
750 680
376 439
188 159
582 278
353 226
265 342
71 742
233 575
369 170
332 517
464 444
268 532
142 393
51 9
362 396
665 168
329 219
661 692
274 54
265 234
58 170
490 581
691 571
586 289
89 8
572 391
594 409
76 712
93 127
621 512
712 630
588 106
189 360
101 247
246 342
91 468
388 691
512 232
484 399
162 348
157 4
74 235
415 299
160 9
220 60
473 240
371 458
235 597
706 448
141 181
688 579
110 602
306 248
199 122
316 707
75 581
498 418
264 251
372 50
671 346
533 641
211 361
343 517
197 197
348 366
149 422
190 194
551 173
148 426
583 125
10 492
46 186
206 138
316 10
63 584
407 128
299 366
159 63
744 716
384 181
40 371
114 320
392 5
731 225
631 287
232 541
175 7
328 249
619 721
419 138
410 318
415 662
294 372
660 695
338 415
646 531
257 490
613 354
527 85
272 61
681 0
447 587
70 371
278 549
689 120
484 654
661 21
10 734
170 723
321 367
252 267
720 372
310 208
683 719
521 657
411 31
39 388
152 265
658 662
50 254
597 652
129 318
165 729
555 655
519 732
99 146
178 439
646 544
374 85
109 605
577 673
608 252
750 601
29 87
423 206
376 131
529 373
741 552
689 362
410 681
124 324
729 663
715 499
314 155
737 258
407 383
346 144
506 96
103 386
543 429
39 401
276 85
400 380
83 673
191 206
41 676
591 325
238 732
324 506
709 317
649 37
370 622
530 611
695 153
20 509
651 83
97 463
45 273
246 34
454 737
13 735
495 509
484 91
322 29
728 451
327 107
368 145
139 581
535 29
449 743
480 93
359 32
435 579
140 402
322 150
704 215
525 738
346 507
621 446
425 571
700 510
10 63
257 169
491 107
647 620
344 582
619 521
25 573
369 346
649 400
463 395
119 356
172 182
707 526
232 233
724 695
493 45
622 684
584 163
107 467
262 112
625 164
360 647
43 482
693 564
473 295
607 295
202 246
577 123
227 10
388 638
718 513
231 129
257 303
573 539
419 301
350 238
735 49
446 175
537 293
611 242
597 344
74 303
487 472
79 418
244 714
555 347
385 424
546 527
257 424
288 528
296 352
494 596
678 188
411 73
58 709
249 11
540 483
400 180
438 472
326 2
501 3
451 411
685 578
430 59
201 236
244 606
352 368
271 480
641 13
384 357
673 194
714 3
356 258
153 195
116 542
658 596
176 593
418 126
327 496
280 421
260 671
76 96
315 378
714 124
461 432
562 255
135 676
418 476
344 32
201 249
588 658
583 314
476 188
151 620
197 736
696 191
324 548
654 194
315 499
735 533
501 366
207 148
437 610
280 663
397 16
508 261
415 33
272 21
516 610
708 551
648 271
42 727
143 513
513 83
449 556
523 505
724 495
25 494
569 392
536 444
530 666
736 505
450 148
276 261
629 379
661 331
628 154
743 666
471 207
324 682
520 328
354 36
404 382
92 561
73 53
231 639
301 146
105 271
633 390
388 559
140 228
733 742
690 106
225 272
254 744
557 516
740 637
177 231
624 691
402 349
401 390
179 48
249 750
285 178
235 357
692 44
339 414
182 696
77 414
638 747
209 570
25 749
508 637
594 640
313 398
593 681
660 213
524 581
519 237
216 465
744 355
545 640
182 588
130 169
345 57
80 540
462 642
0 288
162 121
179 290
24 416
440 65
426 167
101 599
142 637
76 17
494 530
70 239
328 9
708 230
474 63
140 712
653 65
135 368
38 701
253 360
431 366
104 8
145 9
527 74
324 11
394 713
268 79
567 412
190 425
534 235
231 197
448 720
74 479
74 250
676 584
574 536
618 350
750 240
309 238
218 379
281 664
592 68
270 17
215 81
738 122
242 184
662 541
550 71
104 479
701 469
481 200
95 659
117 189
260 497
254 194
37 425
166 81
116 489
745 660
380 10
449 140
724 79
627 412
536 28
398 552
71 194
720 603
492 187
433 546
598 88
111 495
56 559
106 151
245 495
381 90
235 36
234 602
652 361
449 490
509 541
55 105
187 490
299 731
40 736
650 665
736 439
610 300
615 149
372 428
358 493
418 544
270 151
619 268
173 218
85 105
747 719
728 440
291 210
552 214
593 23
226 724
634 549
78 331
675 321
386 447
735 372
196 323
8 501
242 439
178 683
603 152
112 329
291 331
579 209
529 388
174 160
119 224
380 265
540 217
429 157
374 221
687 681
714 555
24 337
221 622
147 407
446 740
77 348
366 222
421 683
415 343
571 627
579 451
736 694
238 158
618 150
119 466
530 37
494 343
306 63
182 522
130 332
278 230
61 232
407 640
410 120
743 37
280 47
674 166
128 407
656 563
174 523
105 689
480 337
741 341
22 425
484 456
575 574
285 246
637 405
475 114
210 597
590 64
719 703
22 546
331 69
575 466
186 654
332 708
220 238
473 418
583 61
660 281
665 359
250 117
64 664
26 372
273 249
672 749
37 238
460 112
410 483
148 254
456 370
146 181
170 538
362 708
319 72
169 542
539 112
496 708
384 238
444 252
512 652
686 539
92 66
457 716
28 539
317 413
413 121
602 582
665 601
467 128
81 321
626 121
717 239
3 667
50 190
542 652
485 118
504 131
275 308
354 601
605 183
99 311
403 493
351 303
136 378
617 422
120 141
268 268
553 666
226 308
735 414
616 722
60 504
435 381
624 317
388 306
173 381
49 611
374 142
520 196
126 40
488 658
264 684
157 558
50 432
377 561
248 676
127 386
297 309
663 137
384 722
459 78
478 91
323 217
744 210
174 94
349 620
688 86
140 217
52 104
139 517
180 555
501 610
334 204
284 612
353 217
568 142
564 666
349 741
484 148
520 330
368 202
709 266
332 279
629 502
40 107
251 327
531 610
655 151
383 217
718 436
658 156
396 156
580 731
198 400
186 346
263 566
645 631
46 43
628 169
8 690
696 569
639 35
503 403
195 287
737 341
684 680
500 105
431 234
343 387
207 526
604 162
260 123
655 393
149 521
517 688
507 0
658 398
374 639
451 334
382 234
198 413
225 516
373 414
249 644
51 134
54 405
670 408
750 108
452 414
493 452
144 69
135 478
405 110
281 532
737 583
713 226
638 52
354 293
132 180
299 357
524 704
491 527
114 540
549 468
623 188
669 533
535 341
153 10
72 314
237 647
204 470
438 408
171 293
713 347
47 486
465 245
644 476
666 6
215 70
459 696
10 604
151 314
729 62
173 73
26 548
29 65
494 424
263 3
281 545
410 430
702 50
286 660
65 661
466 712
350 537
485 173
435 86
211 607
51 389
274 663
186 25
477 497
623 551
48 320
414 414
204 604
727 645
190 669
316 256
151 677
260 620
626 189
282 379
478 25
259 661
689 474
460 422
565 438
738 366
471 251
696 369
219 444
35 623
269 561
654 143
395 377
515 442
377 508
349 675
36 215
160 510
108 320
569 449
352 451
547 138
98 46
675 552
210 223
724 444
149 213
178 685
76 408
736 683
610 544
739 200
105 328
289 637
493 144
392 506
645 686
271 216
293 234
260 57
232 224
490 748
91 285
531 557
89 175
176 100
492 565
602 208
411 640
555 96
426 211
596 622
278 232
677 732
291 696
313 455
743 39
225 342
51 189
541 53
269 119
356 7
600 633
576 47
605 748
741 114
138 50
264 189
694 2
314 535
575 576
432 2
565 117
93 307
201 106
588 515
142 694
32 68
582 700
544 179
604 230
251 637
53 127
232 358
254 117
130 347
689 45
438 463
746 579
143 20
412 410
128 651
183 358
563 579
697 579
2 17
12 476
254 9
336 307
69 192
561 654
165 425
187 184
132 248
32 310
49 479
742 177
100 710
549 536
442 181
428 246
75 653
446 300
248 315
110 85
239 495
574 714
715 424
393 410
589 56
663 5
342 593
698 228
631 238
20 313
493 533
703 77
190 495
565 372
336 549
50 192
707 196
160 323
662 719
5 449
173 262
613 534
254 372
567 603
340 146
262 721
709 134
43 44
161 265
570 729
243 334
504 375
500 670
536 327
737 317
250 724
737 88
219 391
728 497
561 91
497 601
695 91
249 499
478 93
345 732
400 439
157 681
102 745
294 686
366 37
94 103
393 665
355 373
379 730
737 438
346 324
392 440
134 670
387 96
598 279
111 686
312 447
334 206
77 55
121 98
709 497
76 584
24 165
244 397
459 322
712 273
288 211
496 389
147 235
515 402
521 153
605 561
383 219
302 523
453 692
396 158
561 225
189 582
106 584
105 625
545 631
490 695
624 695
204 109
479 48
448 469
418 38
103 700
354 282
583 105
665 174
269 174
577 290
475 279
342 164
177 585
619 472
295 348
551 274
14 69
437 172
690 352
338 166
257 241
711 411
475 400
91 703
251 692
554 464
287 120
572 747
223 593
326 48
181 367
537 231
514 513
454 233
528 182
170 703
734 516
25 56
679 580
340 67
570 529
0 413
707 9
146 467
60 198
473 367
335 137
467 293
128 598
394 717
511 70
103 16
700 6
411 132
194 134
254 185
534 239
331 139
551 408
652 460
432 191
743 349
643 411
646 645
269 429
398 314
626 178
750 473
488 473
452 550
185 435
336 604
396 655
578 137
486 548
269 550
76 155
392 132
230 70
700 19
273 440
56 671
327 676
545 81
300 250
200 312
603 22
544 610
477 620
678 610
590 497
423 91
240 384
231 564
64 158
196 314
177 35
261 443
214 102
742 487
594 323
136 448
590 618
180 720
189 45
735 713
432 446
652 715
289 626
154 438
283 323
572 197
644 36
525 610
748 130
101 53
37 563
119 336
625 733
661 390
251 492
320 97
154 330
498 103
658 92
314 282
715 626
140 395
272 551
263 731
184 209
492 325
122 526
665 216
598 226
601 726
620 739
334 153
554 385
499 449
163 500
600 272
77 231
300 505
374 454
126 352
654 508
728 457
198 228
670 452
515 578
224 631
697 326
241 46
260 288
595 278
190 229
429 511
317 41
699 106
649 285
454 46
560 213
684 508
147 532
255 331
568 562
573 640
210 588
232 347
521 221
77 473
581 272
414 95
278 234
181 530
85 593
396 455
561 293
676 280
65 355
266 116
288 400
315 237
669 469
502 63
22 658
581 393
273 240
347 226
94 534
53 8
391 232
451 283
542 401
373 592
674 291
173 9
505 519
40 419
76 76
141 471
361 245
507 299
419 186
652 394
129 353
437 240
509 345
528 358
533 702
73 717
12 707
394 543
72 492
590 189
361 366
292 532
328 189
648 130
116 535
658 589
281 602
0 589
284 119
721 120
550 238
333 240
173 22
491 597
673 308
447 527
111 312
240 197
441 187
135 669
534 415
243 202
107 607
729 361
159 474
462 246
338 476
594 136
389 707
342 595
213 710
268 380
502 318
273 495
1 36
686 664
703 308
529 192
586 726
565 603
152 205
45 79
647 413
27 439
701 420
30 215
453 318
747 536
530 538
634 366
367 251
69 557
480 128
707 319
522 310
737 198
11 94
662 24
111 446
463 80
476 544
545 149
164 686
384 726
136 624
122 689
263 436
593 311
730 316
27 573
300 439
608 326
310 632
643 24
588 88
579 268
152 689
312 678
212 740
651 144
499 275
655 263
619 569
746 381
302 633
437 40
645 743
734 34
477 112
536 692
410 58
131 643
368 327
277 697
258 455
411 697
65 60
202 294
632 107
441 576
241 222
480 504
67 106
688 682
270 694
17 514
306 351
719 520
475 160
168 417
503 636
668 740
74 230
547 450
404 630
409 745
436 582
403 176
697 394
36 648
39 128
199 117
130 283
218 130
732 351
363 225
643 279
404 522
266 292
192 114
491 639
16 117
384 284
62 233
34 171
466 353
163 581
359 227
653 408
42 520
727 394
479 292
551 397
162 356
186 713
234 232
146 348
349 182
569 185
729 174
505 695
519 364
1 667
257 364
458 354
698 43
562 182
340 69
212 69
396 644
699 416
36 72
671 354
93 377
434 118
343 525
527 80
2 195
236 133
525 7
153 364
48 82
213 415
287 364
551 639
501 293
642 3
592 411
234 703
129 421
69 141
745 424
41 308
578 18
8 131
113 184
734 531
255 533
296 534
655 652
39 383
708 478
340 82
18 31
157 375
396 657
385 727
335 381
228 255
388 244
11 257
682 196
720 488
632 604
580 185
131 93
733 427
141 552
681 8
669 671
483 252
698 177
636 494
376 126
418 537
0 549
688 132
314 150
85 327
214 212
11 149
16 493
352 442
365 381
351 483
590 728
411 268
543 653
488 488
215 329
13 609
297 139
550 319
209 255
715 615
258 147
271 86
174 153
518 717
661 500
578 502
545 325
624 618
127 337
261 566
663 317
16 735
709 433
198 217
29 445
174 274
344 685
724 677
75 268
94 281
66 448
508 564
527 577
695 390
720 154
183 215
472 89
422 497
367 561
592 679
633 680
485 553
589 610
410 113
52 405
286 343
234 153
660 261
390 400
133 744
596 505
292 279
605 739
741 105
245 167
622 679
107 233
198 580
542 390
263 746
51 301
249 582
192 48
290 354
202 470
577 118
731 33
31 359
559 744
581 274
126 596
745 345
547 626
60 242
327 357
506 588
662 347
299 295
54 464
307 644
255 454
651 454
604 342
507 409
438 575
223 421
737 642
630 516
234 516
520 644
377 70
506 709
151 252
390 534
546 522
627 218
467 0
119 714
370 296
310 16
452 594
37 352
424 532
9 290
247 118
417 529
95 478
558 239
114 491
458 301
268 140
502 78
438 588
501 119
229 414
0 591
456 605
299 658
123 661
233 304
238 648
21 650
291 245
530 527
494 604
626 235
538 122
667 532
512 658
658 712
625 535
699 484
391 368
518 180
743 527
297 181
435 374
746 7
137 717
589 60
16 427
403 607
530 648
203 253
318 240
53 723
566 76
139 497
87 78
42 601
501 361
620 312
694 261
344 148
724 369
438 12
164 446
76 333
26 741
404 135
125 720
1 159
42 722
207 264
730 305
460 481
694 382
694 611
391 610
50 317
647 307
215 613
12 25
564 538
397 361
421 718
393 656
541 554
319 441
15 444
736 500
142 27
400 551
403 31
463 82
587 377
666 441
707 213
182 328
122 691
184 145
700 439
39 693
648 737
254 618
54 264
629 495
730 318
642 434
381 164
105 495
427 509
213 28
449 564
397 374
622 721
718 429
314 339
732 98
434 441
649 329
492 611
506 280
133 449
568 377
210 632
72 173
130 151
727 141
677 549
75 215
140 573
484 383
680 29
176 267
272 729
599 629
332 514
483 683
216 339
376 328
183 162
706 203
193 584
408 280
677 670
364 173
372 34
382 227
179 164
137 396
610 616
205 567
463 337
461 227
614 506
209 457
639 270
195 522
643 389
533 517
197 302
362 406
301 396
664 219
347 512
447 221
70 234
80 656
548 7
735 99
107 530
690 356
376 691
150 348
236 122
177 710
526 635
218 482
139 189
39 251
689 104
209 699
364 307
606 335
501 53
47 371
671 235
165 363
481 74
343 635
725 700
307 712
458 356
654 2
277 15
571 233
645 182
287 474
361 423
488 464
223 718
37 299
245 477
405 466
515 72
69 251
542 700
578 128
523 192
330 63
316 128
481 195
11 17
549 595
277 136
122 262
497 176
227 315
177 723
538 177
414 407
180 240
639 525
685 641
74 716
644 603
633 185
528 657
160 261
289 146
371 710
63 594
200 74
250 420
180 361
174 21
688 13
165 726
247 536
25 423
154 308
522 475
531 66
300 133
580 416
425 542
733 658
134 595
387 21
328 609
391 665
157 498
628 83
210 95
316 262
223 34
352 444
508 432
277 270
693 185
648 671
101 44
83 670
465 735
243 622
568 190
143 455
349 560
541 730
517 144
682 440
167 260
309 609
422 257
463 258
110 399
476 493
335 517
71 673
250 675
561 271
98 281
645 679
681 373
422 378
348 163
702 661
246 152
449 740
493 258
25 678
586 220
317 32
742 733
685 199
300 388
112 337
561 392
175 622
588 37
660 142
142 445
133 625
207 574
45 512
339 464
485 555
42 214
300 738
264 290
723 612
470 395
406 639
65 346
385 287
285 349
426 96
706 150
100 569
513 738
582 343
623 344
174 289
241 279
633 574
526 448
242 689
553 285
157 56
556 327
19 351
700 749
697 451
733 108
218 187
295 636
451 166
275 169
449 56
257 300
577 470
301 572
604 115
731 156
342 115
80 603
460 107
465 185
243 72
335 75
101 662
579 701
486 473
178 128
174 652
728 6
53 362
144 480
605 57
710 110
291 126
673 191
733 242
507 653
455 234
496 6
298 21
247 470
457 14
674 537
546 537
272 234
585 465
131 29
425 247
175 301
689 293
127 260
522 530
369 22
305 532
503 22
659 535
700 307
461 550
15 204
328 435
14 733
205 72
614 11
435 497
490 204
85 384
700 428
538 366
6 505
235 99
147 215
279 371
655 133
674 671
214 390
85 276
737 202
682 266
470 87
459 194
153 676
538 487
15 217
543 602
9 668
710 715
622 602
42 27
159 612
162 92
527 513
712 495
323 454
156 277
596 320
152 572
661 449
696 672
407 569
233 682
368 89
120 741
254 741
390 336
1 295
207 629
747 85
403 46
480 266
366 393
77 290
292 215
80 524
479 41
522 677
291 744
575 274
492 734
566 683
382 108
468 377
712 737
239 59
450 508
166 749
293 524
274 282
482 460
58 398
619 465
209 567
575 624
401 508
533 627
10 357
63 449
734 388
371 336
486 286
128 578
425 47
91 696
306 355
108 636
259 280
157 232
314 475
360 591
674 229
54 521
554 578
91 588
526 516
414 46
534 340
243 127
129 291
514 398
244 537
710 44
238 463
665 530
491 643
711 417
669 649
688 699
534 461
23 245
479 296
74 476
542 581
619 10
481 305
257 597
255 524
291 181
640 69
125 414
717 60
273 312
553 595
28 481
50 240
74 597
14 317
611 307
638 410
294 600
519 718
467 299
720 479
21 478
731 345
669 662
194 140
524 15
634 412
553 487
611 657
336 489
532 135
124 81
418 299
633 187
253 720
220 543
706 702
150 484
57 27
626 413
530 476
268 210
1 95
307 138
212 544
143 444
298 89
27 498
132 551
471 17
151 564
624 259
164 503
379 428
621 190
87 256
553 729
157 729
59 194
532 377
721 313
265 33
686 26
388 369
209 138
228 151
737 257
145 382
621 82
626 426
202 98
381 329
436 36
422 367
568 192
383 375
66 210
360 391
337 673
24 213
263 495
15 393
496 437
675 668
279 439
413 668
96 732
624 622
75 151
484 319
314 167
401 550
33 154
131 689
608 385
249 452
560 85
111 747
716 561
40 49
642 383
647 727
564 729
3 396
713 34
181 402
728 571
602 432
258 393
239 114
390 512
717 678
574 104
288 501
661 517
179 450
564 32
244 579
720 279
288 393
109 162
155 507
174 520
21 49
315 230
556 558
303 112
468 445
456 354
418 99
382 405
368 278
693 563
159 104
596 630
632 58
309 48
455 102
658 690
479 459
264 305
699 462
606 271
382 526
234 399
74 181
509 338
239 477
156 708
674 176
352 125
725 636
417 520
315 243
356 244
645 118
153 181
628 703
414 222
9 173
267 697
303 125
662 701
454 294
137 587
715 298
715 69
71 233
577 593
16 68
494 595
447 520
172 315
433 585
312 295
212 357
666 298
85 23
659 524
84 64
287 652
89 667
610 110
378 541
105 123
22 88
108 128
481 373
737 70
384 706
87 190
684 180
610 231
713 652
628 19
586 22
44 493
734 711
742 535
57 203
475 716
189 93
496 21
463 73
716 253
611 725
480 13
416 486
619 320
388 424
118 563
668 478
525 429
122 682
623 735
693 242
423 381
323 443
323 214
565 730
699 730
330 604
476 658
93 102
654 435
194 679
478 209
423 273
101 222
329 86
205 316
17 494
77 279
462 615
457 271
608 669
541 679
145 679
291 733
52 222
131 515
258 556
676 315
5 110
422 435
59 383
582 158
110 577
499 389
521 148
658 382
556 371
668 612
575 384
115 628
555 146
684 556
720 213
288 327
694 749
664 89
633 510
669 167
526 384
89 346
278 282
443 615
603 567
206 113
63 330
101 585
459 330
137 279
413 628
53 285
480 389
461 110
683 223
125 161
414 35
600 454
503 521
33 343
126 534
363 218
0 166
201 156
321 221
192 336
189 590
183 516
524 580
150 110
582 521
353 698
480 739
26 303
320 521
526 626
428 54
452 411
42 513
405 336
312 108
625 339
556 505
281 300
248 352
167 693
690 468
260 362
650 288
383 698
240 124
443 749
534 342
386 178
501 165
79 701
434 111
329 583
408 647
81 252
466 588
125 524
240 245
648 70
699 530
331 134
358 237
52 719
652 455
270 124
743 573
201 290
335 253
674 473
49 650
608 119
742 348
269 424
580 57
544 363
521 645
70 709
741 648
364 661
185 430
111 252
644 715
702 168
499 68
270 16
5 499
393 352
217 126
406 25
172 612
414 640
617 474
304 14
557 194
452 666
725 7
713 707
205 237
642 9
14 440
531 178
151 674
701 589
66 78
126 92
392 248
337 312
115 199
579 74
739 63
129 548
499 81
485 183
201 653
440 669
585 535
323 498
356 446
230 78
109 17
377 734
31 97
201 545
545 318
223 267
300 258
589 132
379 551
341 30
98 272
602 71
645 670
165 33
538 544
15 503
629 662
582 321
215 564
649 267
700 498
483 729
156 334
137 92
574 93
307 503
496 439
651 84
36 683
163 495
466 267
512 383
424 270
195 447
314 398
300 500
374 449
80 231
98 514
332 452
327 108
612 735
409 672
216 277
747 142
422 382
193 522
482 396
559 616
213 208
259 95
429 506
589 495
360 635
33 277
281 113
690 281
423 691
225 218
674 273
524 514
390 285
68 234
546 273
711 340
174 401
72 124
545 573
37 103
176 447
331 55
140 524
451 157
392 745
583 47
505 622
266 111
560 329
496 573
174 522
494 463
26 129
232 463
72 245
163 629
180 44
543 96
39 68
176 568
639 329
327 471
179 344
280 396
225 460
563 455
370 289
444 238
296 111
268 12
42 460
419 181
152 66
693 686
206 302
646 574
233 176
352 127
417 522
577 474
348 651
535 514
122 79
282 68
717 225
273 477
557 7
20 68
529 174
218 312
424 646
281 597
699 356
509 461
335 308
44 132
522 171
525 176
194 305
736 359
185 485
133 66
28 538
102 487
415 718
148 603
201 466
5 554
729 356
159 469
439 294
332 131
172 667
461 541
617 300
171 479
465 660
19 610
17 12
330 243
165 664
439 415
599 367
76 326
497 585
48 493
309 534
455 359
83 487
413 362
143 501
265 198
383 190
742 537
401 244
169 675
571 655
337 488
693 123
610 354
87 313
474 493
119 265
45 87
647 421
86 88
127 385
639 8
11 439
62 670
700 432
684 424
59 372
231 627
418 719
721 491
628 34
237 378
466 201
605 545
686 204
281 155
484 26
341 206
728 615
487 260
170 95
464 313
560 250
563 26
67 88
623 40
554 206
672 427
369 389
314 453
575 494
162 96
272 493
382 99
621 381
734 258
142 383
749 566
158 327
416 622
25 737
154 622
625 207
267 499
520 679
429 332
140 458
456 169
561 222
82 224
147 582
133 684
152 697
716 510
609 384
590 105
493 438
125 42
672 440
462 630
448 695
135 235
167 682
303 48
253 456
602 610
170 687
593 561
192 217
54 512
614 620
306 467
559 684
361 174
397 622
750 215
264 470
677 676
470 575
726 272
638 159
201 158
373 642
24 525
500 225
54 633
444 293
296 166
477 241
424 580
429 695
341 582
229 112
148 187
165 585
32 241
627 158
389 744
236 7
678 352
554 582
361 416
273 303
438 636
28 472
470 588
162 472
358 118
468 744
410 308
69 244
454 580
13 349
710 277
577 421
709 52
544 244
263 2
576 462
571 118
712 57
130 641
510 108
548 363
350 644
639 518
749 124
410 658
671 699
333 411
407 131
668 401
613 465
463 706
2 82
525 123
604 416
89 724
328 252
455 293
629 180
307 129
28 714
501 180
17 67
531 288
57 139
695 130
549 601
533 68
189 29
428 311
166 540
64 34
143 327
148 671
242 306
204 14
402 258
434 476
508 425
458 604
84 363
241 606
282 607
367 422
270 489
335 618
311 32
123 735
379 661
16 609
234 14
346 255
602 181
585 537
459 132
53 676
6 335
730 366
284 545
358 494
311 382
252 741
318 314
63 24
207 446
655 313
335 631
99 620
658 318
591 328
30 520
520 384
234 27
136 687
464 489
679 377
674 33
739 428
496 441
664 254
124 569
36 456
655 205
300 731
131 693
1 583
445 102
257 280
202 344
480 325
359 264
125 97
228 747
190 226
723 726
93 293
509 208
84 510
651 328
697 444
86 290
163 739
545 575
94 639
345 221
474 106
121 513
437 224
248 59
542 277
547 621
662 342
63 279
45 639
315 234
375 285
108 695
366 465
581 390
457 583
653 229
601 39
372 216
23 62
267 688
396 573
690 525
242 106
10 537
641 111
54 580
580 101
217 49
260 419
153 293
213 344
736 348
309 52
264 538
116 411
648 6
231 132
415 707
93 656
652 391
196 111
416 114
729 345
211 419
333 116
627 334
319 181
384 576
241 527
664 401
39 312
364 597
634 229
312 178
501 114
317 293
325 117
632 533
612 66
336 656
331 312
143 261
294 659
237 125
473 661
421 471
206 317
484 2
95 715
200 14
57 194
136 487
423 22
694 485
9 419
64 89
363 651
413 243
627 697
453 315
733 598
43 151
593 66
139 384
259 715
596 71
553 667
496 133
265 200
597 710
36 148
471 305
729 600
550 369
682 488
575 133
649 82
167 79
547 300
24 259
695 198
492 135
590 670
560 10
436 203
274 141
563 15
100 25
545 375
490 439
60 626
182 323
176 20
484 136
71 492
723 418
57 328
43 393
698 590
459 79
543 716
560 131
1 396
357 31
515 617
386 732
601 428
554 87
210 277
275 672
591 383
61 154
80 167
121 205
649 324
542 198
654 439
351 667
332 388
748 303
645 619
46 31
717 724
151 47
529 673
515 509
637 206
501 611
17 498
75 439
667 85
727 365
462 619
479 34
11 683
663 380
745 153
640 625
487 154
222 637
65 165
395 565
510 552
18 578
475 36
578 686
359 90
490 573
460 142
355 385
646 268
343 496
150 101
499 743
31 409
232 399
719 746
287 106
259 273
39 4
634 150
355 735
484 620
284 37
148 176
5 356
63 334
610 732
235 589
539 34
114 528
117 45
458 109
482 466
241 111
320 404
722 155
452 294
639 386
14 297
635 681
299 695
275 109
579 520
90 63
582 525
191 640
135 708
176 746
190 415
314 710
501 48
162 582
167 697
740 293
129 405
435 182
467 400
522 107
49 412
417 579
343 630
558 518
255 517
117 287
86 708
612 0
698 40
727 741
703 118
553 588
9 232
363 464
485 161
430 225
55 82
523 187
641 408
641 179
632 359
525 233
530 577
342 526
359 466
135 721
231 429
353 126
191 64
330 408
677 223
402 18
228 131
68 667
183 654
361 660
180 356
675 298
47 729
143 437
256 314
242 416
729 534
512 11
618 703
186 26
170 18
607 19
20 488
78 429
615 139
578 486
192 716
295 134
715 491
159 539
527 669
66 82
140 31
62 606
186 147
662 76
428 663
249 432
257 27
730 476
152 270
50 488
633 543
330 542
540 86
466 137
96 375
586 202
118 622
404 427
122 512
337 437
748 237
381 443
716 204
377 738
325 548
143 571
275 727
292 142
416 437
495 730
686 261
405 19
687 671
76 746
313 430
487 88
323 623
123 40
269 94
128 155
427 451
535 250
246 147
462 674
746 204
658 320
61 330
305 727
57 625
258 615
456 105
385 161
194 630
106 517
609 320
614 664
394 166
3 281
667 261
489 669
556 430
28 45
360 518
79 276
555 205
268 700
744 629
381 577
749 744
623 339
86 400
430 735
232 225
245 164
644 398
33 281
518 30
676 616
473 516
335 57
472 328
141 457
86 521
444 229
499 690
37 107
9 274
735 149
484 567
377 175
437 226
215 113
189 649
187 51
560 562
352 118
747 388
269 349
305 43
134 161
53 465
461 290
442 48
669 468
221 49
479 344
66 700
341 639
690 527
344 119
297 44
660 621
257 645
357 354
379 113
585 218
554 639
648 237
195 706
606 277
743 511
201 228
495 180
491 704
134 403
683 645
447 634
39 543
58 593
259 583
124 129
592 234
633 235
148 486
160 311
13 298
379 355
131 253
370 535
631 347
538 119
249 16
722 465
414 349
54 6
243 430
740 482
298 137
633 127
237 127
435 371
335 433
321 535
531 116
747 643
337 479
226 648
56 725
288 65
18 204
138 535
634 473
367 358
405 650
100 14
119 27
311 197
691 189
622 355
49 722
236 548
444 726
365 433
442 653
700 423
409 476
576 653
419 669
725 187
548 554
637 74
482 200
50 543
702 240
91 86
608 312
291 605
630 71
318 479
134 658
631 710
271 138
273 736
400 548
526 364
344 387
523 618
746 367
481 621
264 98
145 672
85 392
503 151
593 310
552 272
338 20
221 438
343 135
680 723
447 192
256 395
261 739
283 498
435 626
388 551
44 741
696 667
223 447
542 200
690 98
332 390
203 505
662 265
244 277
538 495
500 203
579 267
128 331
269 41
721 616
325 616
311 452
77 285
177 223
512 213
536 570
314 457
66 392
186 686
681 665
421 31
612 565
579 388
563 151
356 50
110 583
237 624
705 729
180 90
724 742
283 740
214 640
107 514
470 337
392 683
189 583
271 622
698 726
486 52
158 452
75 683
149 632
433 162
154 747
295 457
421 44
684 683
159 44
692 278
296 278
425 163
581 447
37 54
308 517
522 217
333 52
706 563
742 220
613 106
408 640
236 119
72 654
655 746
226 340
405 571
418 281
542 576
430 106
569 413
128 707
202 656
516 294
423 66
538 53
721 174
413 58
19 656
36 71
294 366
261 189
32 366
443 166
200 179
255 640
38 117
272 55
659 464
411 133
268 313
111 595
596 115
212 189
377 485
349 652
275 474
13 474
431 721
183 656
439 582
30 148
200 71
401 61
506 77
20 369
83 654
553 603
138 361
391 541
465 490
279 300
705 408
13 595
439 703
632 603
62 716
145 256
594 82
585 528
84 246
356 439
323 262
629 305
147 265
496 190
274 77
64 267
377 498
581 5
674 721
696 480
517 249
481 555
140 262
580 534
544 611
497 536
712 195
562 665
529 488
386 668
274 198
307 146
592 544
416 547
591 319
715 614
489 537
66 205
286 437
654 375
368 18
406 273
725 255
615 383
485 539
504 552
540 209
297 488
245 32
85 568
685 75
148 99
179 203
602 306
477 274
334 491
255 198
647 722
678 35
36 568
325 442
540 101
727 422
419 40
314 512
300 614
161 684
455 673
665 217
441 738
749 625
353 625
110 638
237 679
270 627
149 566
488 32
667 263
548 46
56 109
639 201
533 448
343 553
73 692
73 463
378 510
410 233
630 502
84 743
538 684
288 738
558 333
95 343
62 166
12 574
70 286
667 276
75 630
42 453
364 467
377 177
578 167
244 587
729 107
252 411
505 628
463 631
291 110
507 408
617 51
708 398
171 459
326 104
264 421
97 244
565 120
126 716
597 338
96 56
5 426
439 395
477 421
53 359
617 401
562 465
438 695
556 687
518 166
303 241
146 523
297 167
113 346
662 588
132 359
209 54
472 693
71 120
254 241
598 14
322 641
17 5
454 531
335 314
495 303
63 646
164 432
659 411
43 142
375 652
411 309
141 714
345 480
441 188
0 711
624 538
13 421
632 658
527 376
594 137
263 532
318 239
284 591
380 70
638 594
457 24
584 65
49 724
608 422
522 419
478 312
464 414
87 427
240 440
601 648
381 379
499 142
325 255
300 427
322 186
527 618
341 199
575 137
179 137
282 558
612 433
423 268
496 258
716 490
67 81
279 260
399 554
210 389
320 32
669 149
523 620
223 328
352 738
718 307
314 217
429 204
520 551
508 497
107 153
167 204
690 208
146 81
387 207
337 615
528 146
106 453
725 431
386 736
23 684
403 151
683 205
339 395
256 626
158 91
316 677
378 94
591 616
520 672
635 659
654 672
506 508
239 164
170 330
376 435
68 53
596 438
477 221
191 618
499 505
512 444
112 739
280 323
142 618
670 508
463 444
623 396
359 94
691 567
190 285
264 234
231 57
575 621
410 288
244 750
151 293
440 167
730 680
293 642
535 441
134 97
17 744
58 516
204 570
667 331
94 698
209 685
231 178
253 462
357 519
651 737
408 750
265 701
3 701
309 219
433 285
61 642
107 529
487 750
574 409
44 180
236 121
733 173
268 302
72 427
254 175
47 599
501 52
641 291
434 227
43 76
87 119
312 237
410 543
633 292
605 230
113 293
531 52
622 399
85 194
90 538
682 184
525 237
117 183
84 6
511 73
10 20
83 535
437 538
578 248
25 301
379 533
434 240
599 307
34 535
459 4
693 171
199 602
326 414
364 669
143 670
127 433
705 181
715 603
94 27
467 538
723 464
217 592
310 554
153 607
323 493
414 648
92 597
73 89
549 18
129 664
495 721
686 23
668 649
434 482
704 77
230 423
612 488
717 541
82 30
656 302
623 88
494 203
265 151
449 726
330 546
77 100
600 141
732 260
742 719
336 31
286 439
580 657
520 377
599 670
115 328
455 662
147 509
142 202
73 331
427 563
389 79
427 334
650 83
435 683
452 98
630 141
198 447
310 688
588 373
748 362
734 198
500 31
367 670
228 511
448 743
606 134
565 96
365 745
602 429
478 622
304 506
142 673
480 668
475 324
475 95
466 275
416 683
204 504
634 88
443 557
484 558
405 265
718 496
5 294
115 691
651 442
398 225
274 455
246 393
461 281
595 510
108 688
672 501
345 106
14 6
132 227
178 343
211 291
393 39
128 522
453 53
155 625
475 337
34 106
326 214
135 646
47 533
262 458
570 345
704 574
363 281
657 462
638 220
564 42
299 525
701 505
293 710
76 187
12 697
409 104
3 648
204 638
493 512
484 692
441 56
83 348
284 109
248 415
0 350
528 698
487 697
583 405
643 456
476 279
71 230
599 120
134 286
287 528
328 300
331 305
201 461
657 475
490 298
354 703
440 477
252 655
271 705
219 249
286 10
585 572
664 636
414 461
142 2
171 703
133 182
642 59
303 593
308 708
418 351
3 72
94 190
393 523
7 716
203 133
571 300
37 595
639 700
157 660
334 64
64 203
465 547
248 549
27 321
99 426
715 429
11 313
508 365
236 660
167 72
103 545
208 598
175 421
450 360
474 717
739 5
526 126
421 598
121 306
557 378
460 711
403 140
191 257
535 67
177 322
499 373
540 145
728 610
714 712
112 378
468 13
571 663
478 435
645 612
151 40
156 155
689 655
730 427
119 502
449 673
719 497
605 661
149 152
52 448
693 481
304 669
216 556
598 621
197 48
596 548
114 50
241 91
17 383
369 276
319 684
713 86
336 99
415 392
374 620
131 633
38 442
676 433
60 164
748 538
693 602
5 228
170 332
519 449
188 615
100 502
623 277
683 328
320 276
378 217
457 510
94 458
419 218
61 281
644 336
410 169
699 43
200 625
253 451
511 746
393 202
596 561
155 330
26 408
356 54
688 564
163 679
545 744
727 492
634 264
23 110
685 495
440 398
453 108
747 326
169 349
728 47
585 35
609 392
226 331
498 524
592 159
127 59
113 161
211 467
159 277
159 48
365 116
683 691
464 95
411 3
507 465
746 747
565 406
224 113
470 583
570 521
253 585
633 52
638 396
165 472
720 465
329 580
659 455
76 134
86 593
636 471
106 242
83 524
680 514
74 704
696 229
701 344
219 304
539 282
604 640
337 296
284 406
201 637
509 524
113 524
490 245
302 194
98 135
310 314
277 137
700 240
497 406
419 715
105 296
284 298
363 591
628 71
399 248
132 658
710 406
51 733
619 22
585 640
525 360
736 543
111 720
579 71
381 86
85 438
217 365
84 479
224 489
389 68
375 133
494 84
549 20
251 363
270 605
449 607
550 659
369 89
319 497
47 38
709 423
332 436
222 564
392 487
409 656
607 146
194 502
596 482
114 213
587 662
707 498
581 130
300 605
219 680
164 744
253 264
693 307
612 611
73 333
711 324
312 615
119 449
370 31
568 541
649 614
520 729
685 79
556 194
492 667
194 744
426 84
224 623
554 498
191 446
466 385
677 605
245 157
295 274
468 431
373 342
13 36
216 624
598 689
563 439
384 208
174 398
678 160
339 465
655 442
262 447
647 29
363 270
156 694
211 401
500 275
412 391
104 275
744 635
625 391
9 159
16 283
324 170
76 68
185 240
446 281
592 335
50 52
251 42
239 705
707 56
225 578
10 653
734 684
398 469
516 461
53 471
199 525
479 579
78 235
705 104
321 407
99 65
305 170
40 653
714 338
115 9
538 112
502 189
749 66
231 369
537 641
229 525
110 308
652 399
248 538
587 233
239 718
96 181
318 230
170 66
478 182
502 539
347 702
213 702
194 194
326 579
529 184
364 605
185 374
620 531
408 123
666 418
435 485
416 243
672 169
352 716
388 181
635 287
714 580
585 695
599 593
258 71
681 174
731 520
464 176
400 649
205 410
97 382
205 181
88 10
126 265
52 87
112 138
356 498
175 423
478 195
309 652
18 439
749 658
73 146
243 557
91 429
726 711
573 203
521 13
421 600
536 550
517 308
295 195
233 549
200 372
281 31
508 488
0 18
676 72
373 263
120 608
717 598
555 11
725 193
744 206
565 729
692 16
53 29
160 680
72 42
121 429
80 162
589 305
630 306
2 737
38 431
148 37
406 561
580 485
640 499
520 434
189 563
607 322
602 244
186 329
29 611
68 273
152 681
491 147
692 137
298 735
471 663
177 216
443 601
75 205
83 29
341 324
425 732
332 504
304 442
598 623
684 663
307 447
659 81
172 222
339 399
521 147
39 107
366 273
89 224
378 98
556 370
592 27
588 322
495 94
280 206
371 324
665 505
68 286
260 456
34 150
688 674
526 612
562 40
512 448
154 740
383 563
680 261
484 386
372 145
470 451
594 746
102 55
371 445
109 445
439 320
128 458
475 502
81 346
733 272
58 628
526 733
548 226
226 212
419 112
317 330
451 559
322 674
93 585
201 155
613 99
463 569
155 453
731 320
191 635
497 153
438 741
396 515
165 582
46 402
574 521
522 331
608 105
508 167
86 703
497 274
194 236
102 647
212 290
201 397
705 159
354 639
426 744
710 274
151 539
673 355
576 688
337 177
411 126
87 2
240 244
28 590
138 233
570 644
399 237
726 403
707 124
545 62
746 52
383 0
44 305
603 3
508 180
30 141
673 476
404 59
125 644
235 250
441 126
353 13
248 485
154 298
732 9
677 110
486 542
219 427
291 532
621 178
222 432
356 432
524 16
432 427
624 597
383 242
25 305
369 78
682 538
644 17
723 347
594 425
198 196
640 312
170 134
245 722
274 191
582 78
251 473
688 245
366 194
686 135
228 489
641 658
33 250
709 533
671 12
230 535
189 497
309 599
428 550
67 19
609 73
22 276
591 433
228 381
181 269
148 92
492 656
43 564
332 438
473 148
548 736
105 661
399 613
545 667
622 658
140 618
30 746
709 546
657 90
693 309
211 269
156 333
617 728
703 731
177 392
72 110
507 267
452 331
490 623
317 143
446 28
38 728
451 143
234 374
745 324
277 744
84 615
98 513
555 200
725 382
747 141
45 623
664 372
17 561
636 44
355 556
85 695
162 390
470 506
468 433
537 38
84 736
13 38
546 501
35 285
296 326
678 162
111 280
498 460
708 41
336 398
625 272
652 375
74 169
330 95
285 581
624 47
632 396
21 508
458 280
535 729
31 701
494 462
53 460
6 119
433 223
639 557
262 341
532 165
377 291
537 280
179 572
270 165
426 449
674 285
357 578
329 516
53 352
199 406
741 460
689 270
468 567
416 111
533 696
407 291
541 520
467 342
546 635
665 586
668 332
21 521
458 522
169 419
222 245
87 57
18 186
460 339
391 468
513 165
181 658
160 535
270 178
724 348
476 283
739 104
598 128
450 1
469 14
274 4
671 643
443 227
522 291
453 420
401 230
678 538
610 111
675 469
675 240
399 305
316 536
643 702
724 361
228 423
622 350
658 7
43 148
10 200
563 120
721 477
210 261
182 428
624 544
228 315
489 356
635 410
38 191
511 603
73 377
463 74
284 597
334 189
232 141
746 133
709 480
649 200
0 20
308 136
79 313
167 197
276 598
54 256
637 311
329 195
270 554
177 326
259 136
443 482
355 598
603 434
300 433
470 319
93 103
65 270
194 680
216 439
106 567
18 683
68 275
530 77
177 218
391 147
680 21
456 276
79 326
277 570
189 457
101 573
610 716
221 675
466 442
209 557
536 686
718 434
401 498
368 321
146 208
290 630
233 96
701 201
18 696
615 686
362 506
26 291
213 383
245 335
317 211
368 442
98 581
46 391
412 219
16 219
307 691
95 512
398 284
549 453
571 212
31 527
548 228
66 750
239 641
579 746
627 265
706 558
431 353
2 176
155 455
411 115
628 638
72 420
736 171
190 412
382 582
148 415
487 635
354 749
63 573
343 627
30 130
458 577
2 297
447 684
483 112
567 749
358 346
437 639
354 641
397 45
462 174
314 10
357 646
219 187
40 710
62 469
678 701
139 423
254 410
323 15
587 290
399 239
32 482
517 2
67 705
750 698
134 466
698 279
390 126
144 659
216 10
703 357
524 126
23 598
138 356
518 577
50 243
564 693
581 108
3 131
438 59
302 427
118 606
402 136
591 72
71 531
16 595
635 344
24 190
698 400
593 118
166 539
226 590
284 531
667 3
130 64
154 421
200 537
459 10
426 62
629 650
483 367
679 13
331 727
174 26
518 590
292 247
71 544
520 370
280 129
356 676
207 553
312 606
138 719
482 492
204 255
512 142
140 499
551 70
401 540
286 324
368 363
24 324
519 266
68 330
703 612
422 599
546 140
642 602
196 552
466 147
125 83
667 137
517 607
102 99
704 433
597 78
60 102
13 27
290 564
298 684
573 623
232 330
177 394
77 456
94 625
259 204
121 499
699 210
19 222
392 733
43 579
440 215
627 78
169 395
573 744
246 386
479 328
102 112
726 205
160 282
563 672
150 274
193 644
328 280
493 384
653 336
658 451
102 233
93 642
430 35
299 747
76 180
549 629
535 502
361 578
222 5
498 583
289 180
459 628
266 462
555 336
257 642
117 339
525 164
590 522
12 582
268 242
656 95
312 56
740 466
456 478
66 0
117 231
365 67
411 412
136 244
411 183
610 100
340 239
694 471
358 293
220 588
435 247
127 131
715 530
701 632
486 707
723 391
503 122
346 175
189 191
684 170
532 530
336 655
224 414
12 6
83 475
430 519
110 312
559 175
724 471
705 229
32 658
572 114
313 119
733 476
332 132
310 373
409 581
72 730
703 304
128 73
274 127
193 202
86 76
471 412
77 256
108 360
89 81
686 71
316 309
691 186
682 366
38 301
460 704
565 720
637 71
124 489
705 471
99 661
451 66
570 17
217 653
579 251
501 597
152 443
301 243
110 675
628 372
480 245
237 487
302 616
599 610
492 484
161 613
137 27
156 269
96 669
416 610
705 484
37 25
42 140
234 310
327 272
478 441
593 428
161 734
288 546
155 431
535 194
91 446
460 20
214 516
229 87
528 383
43 634
192 205
450 729
357 272
651 490
539 20
169 221
342 149
135 573
176 611
625 208
382 221
478 683
445 506
252 340
150 329
274 624
744 573
623 512
655 501
428 44
507 337
391 162
556 495
354 509
476 206
729 386
407 106
142 626
720 566
714 263
342 162
268 176
273 291
345 396
240 114
680 386
391 283
212 52
344 171
476 98
154 47
682 166
491 635
145 227
453 114
711 638
653 404
568 37
107 645
105 47
377 469
592 165
69 353
545 53
627 617
412 692
536 4
319 6
2 299
236 237
549 697
48 186
595 584
424 702
353 4
358 348
146 694
60 654
738 340
572 48
440 417
594 66
714 397
236 358
310 307
631 628
337 181
722 517
372 404
210 305
430 345
490 359
149 66
140 17
219 310
575 174
458 592
492 405
387 123
277 251
180 584
414 522
455 523
469 192
432 539
642 120
143 436
158 7
41 425
457 74
118 608
302 200
613 587
38 356
341 128
351 587
427 316
549 13
628 306
55 444
8 598
696 477
20 608
221 598
367 423
499 542
647 477
270 719
311 262
741 75
264 150
691 254
302 442
317 13
219 673
281 90
382 142
313 308
184 423
588 247
221 490
573 612
344 560
256 676
130 79
140 501
682 555
162 260
360 504
594 442
676 252
720 258
444 94
315 209
549 147
67 144
750 137
650 199
163 606
461 34
667 368
190 214
663 663
448 738
520 614
597 309
234 257
649 499
421 83
491 556
255 316
394 623
427 571
414 80
75 614
130 321
190 335
372 83
317 147
575 671
93 402
690 392
354 214
607 394
579 561
216 509
610 665
87 624
563 553
554 733
232 453
221 35
345 330
121 622
391 217
201 322
421 325
748 491
280 386
505 733
668 202
348 749
687 215
577 343
530 497
205 737
375 394
31 584
254 333
309 40
383 743
529 43
231 120
413 97
294 405
113 101
114 703
654 159
310 120
475 453
359 507
273 467
166 112
424 636
601 40
587 105
440 351
333 225
608 164
200 110
398 354
428 233
144 474
395 56
410 593
51 660
677 156
369 3
539 451
618 744
673 414
530 631
525 287
712 113
326 343
362 0
47 662
196 233
705 110
121 59
195 8
269 711
126 137
360 75
497 575
180 639
142 118
739 108
157 655
124 478
279 123
143 491
480 113
127 254
75 64
388 295
85 486
295 67
214 142
300 182
79 183
76 437
368 57
115 365
698 457
307 306
661 538
432 715
306 81
619 312
130 121
104 657
723 406
208 714
450 247
307 427
293 263
738 650
359 65
605 535
335 674
292 75
347 11
204 191
603 425
121 422
630 70
387 312
239 148
280 186
524 546
395 432
417 191
362 255
274 371
422 306
21 191
260 207
721 602
592 717
609 132
301 16
113 719
672 417
567 135
508 723
90 735
360 330
654 548
690 205
184 370
230 486
1 626
679 312
271 258
285 156
156 271
577 264
659 74
284 722
480 368
31 276
177 330
242 725
89 217
391 30
275 84
290 621
63 201
35 102
17 728
499 731
48 41
213 374
530 81
540 503
545 618
639 482
534 200
135 454
102 277
551 140
341 559
472 490
384 148
692 264
702 723
296 35
576 318
42 384
140 690
322 438
602 492
269 282
525 208
558 156
549 565
315 398
375 678
92 97
176 734
685 382
344 52
514 729
8 103
508 160
35 465
623 635
375 570
53 519
394 583
359 562
667 449
226 218
264 473
171 282
350 513
135 588
597 619
745 517
643 506
300 103
11 0
577 640
258 106
72 653
567 632
221 224
644 586
449 347
3 1
643 627
335 474
613 455
53 532
414 511
579 53
510 219
288 106
625 694
47 717
205 108
726 746
212 296
738 571
335 595
63 698
218 720
18 137
312 355
609 53
191 65
457 184
173 425
164 605
43 315
392 240
712 410
695 12
488 702
101 27
744 133
119 81
210 428
325 186
242 646
512 241
407 713
522 700
80 89
200 420
43 436
612 364
216 364
1 439
703 482
128 251
598 200
427 318
330 651
366 308
710 643
165 25
532 721
293 210
397 533
242 659
144 87
452 203
457 318
685 182
282 731
197 98
59 659
307 495
238 136
711 319
174 380
604 193
521 195
108 551
476 718
364 211
696 721
446 21
9 20
146 25
373 216
731 126
125 87
341 614
162 154
308 208
146 146
674 265
150 36
259 208
229 265
33 390
115 688
385 512
426 321
407 42
49 334
362 565
408 681
747 147
525 34
141 337
717 204
139 227
106 50
218 291
369 689
532 158
181 638
377 284
652 260
377 55
421 327
550 212
660 609
335 287
445 455
150 507
530 499
322 735
19 697
196 101
674 628
729 335
495 168
352 348
637 746
57 171
668 96
650 685
510 153
713 512
451 741
369 702
205 42
248 641
124 117
559 45
435 238
333 456
51 541
747 510
310 472
122 192
595 641
581 743
144 705
386 238
532 292
740 470
160 420
638 459
132 587
113 345
51 662
211 651
195 118
273 711
436 180
648 359
231 714
666 642
702 107
229 412
297 287
94 187
283 123
66 125
723 395
434 292
2 598
291 472
62 649
585 690
370 536
406 193
103 421
411 308
309 526
340 364
185 490
386 480
642 177
554 64
457 131
484 234
673 429
695 188
662 11
82 190
395 421
515 486
348 80
399 540
614 236
509 708
526 123
443 354
589 408
112 254
179 15
5 91
681 411
593 527
602 118
505 414
106 668
188 478
472 8
312 544
64 442
196 598
476 652
493 67
173 614
203 722
509 11
103 555
192 75
618 183
749 666
212 727
482 322
330 719
605 658
507 86
56 150
42 252
369 381
621 602
220 29
304 666
323 679
44 32
555 19
238 312
276 604
338 250
601 660
497 14
480 370
141 150
130 486
722 132
176 373
465 210
107 502
649 556
468 481
98 682
654 671
299 443
748 306
216 445
257 217
563 489
67 322
345 266
61 507
460 24
107 623
272 727
616 500
41 40
113 145
574 274
725 672
558 266
155 556
81 341
493 551
283 741
61 628
410 516
148 516
588 559
187 215
439 436
692 616
539 145
384 500
425 272
301 502
719 749
409 35
488 328
340 164
634 382
166 277
331 344
534 215
212 164
382 575
745 398
574 516
228 108
472 505
401 36
497 269
700 103
120 53
276 41
746 744
83 400
518 328
201 392
710 498
302 178
154 51
357 639
608 221
257 701
481 180
71 282
549 580
153 351
189 8
96 460
481 530
228 121
403 647
310 419
629 172
666 468
303 416
383 116
233 586
732 4
150 588
277 363
309 581
675 409
110 371
349 653
476 694
724 301
99 478
462 301
673 713
621 65
607 130
323 371
340 540
436 248
312 478
334 237
702 404
550 535
283 191
715 602
230 530
574 74
221 481
703 484
568 296
688 590
471 592
581 235
8 602
198 204
612 716
122 623
660 6
216 258
367 656
81 33
339 557
243 620
182 610
718 590
451 246
275 20
621 428
533 315
557 672
216 379
477 154
549 259
571 18
516 82
22 742
53 92
591 670
317 138
663 546
229 25
621 549
492 664
445 552
734 426
371 374
674 146
505 374
665 326
744 619
328 152
273 216
470 501
401 667
148 221
542 377
640 683
454 264
5 172
643 200
151 226
352 216
109 495
687 206
582 678
40 395
558 92
585 195
614 667
669 337
143 227
294 396
192 385
247 92
252 399
431 630
49 336
673 163
260 519
683 622
81 288
361 571
581 611
0 565
93 527
690 517
743 609
564 378
523 340
165 632
729 445
485 85
453 281
544 399
318 93
593 32
423 109
268 235
540 694
347 565
438 683
37 339
176 683
601 152
46 573
132 347
417 745
664 622
342 571
750 396
1 12
598 2
303 579
284 337
330 453
335 302
192 519
233 291
511 235
598 123
212 582
119 125
499 117
60 713
443 222
167 58
516 471
464 281
194 420
636 536
706 43
469 130
386 361
587 351
688 174
619 303
127 366
569 711
256 251
333 700
66 356
16 535
318 348
309 528
1 375
101 313
307 418
587 472
201 702
325 243
487 241
327 23
557 714
170 76
739 233
651 349
596 184
463 298
694 719
12 133
361 21
545 596
283 367
25 597
481 611
374 485
322 295
176 12
277 552
395 544
128 200
441 660
255 12
163 423
545 488
572 591
630 303
704 252
131 619
129 21
318 711
514 357
538 485
288 539
114 157
605 660
149 380
672 421
283 609
438 254
267 601
570 144
561 553
79 550
671 196
84 665
332 501
299 553
202 391
711 497
444 153
141 381
609 257
750 196
581 424
669 271
567 489
223 679
144 157
452 273
355 606
484 491
465 212
