0 0 100 100
750
97 72
97 81
82 29
16 93
100 74
63 43
71 56
41 15
77 99
5 92
41 24
94 39
95 13
87 9
53 7
33 47
56 21
34 30
25 61
67 27
12 91
49 0
12 100
59 32
66 80
43 78
24 92
100 78
30 4
8 4
92 74
75 3
17 71
83 16
28 80
60 23
60 32
81 64
75 30
27 93
87 13
20 72
37 12
73 96
56 25
10 58
89 22
97 35
98 0
78 31
51 77
23 95
96 76
67 40
1 67
59 36
4 100
96 85
70 36
90 5
59 45
15 11
17 39
17 57
28 57
100 73
28 66
49 98
11 4
29 40
6 38
58 94
75 25
10 17
19 93
22 9
85 47
89 26
23 90
24 55
67 26
89 35
12 99
89 44
1 71
99 76
35 73
7 11
17 43
88 94
99 94
48 30
28 61
58 62
57 97
6 33
21 31
69 98
8 79
27 92
14 0
70 8
84 92
23 85
43 63
16 46
88 71
37 96
16 73
99 89
9 34
82 18
17 56
18 100
54 32
93 14
2 12
12 62
23 62
20 75
96 43
59 3
70 21
34 86
46 60
1 70
99 84
58 43
29 7
77 65
49 83
93 0
80 79
30 60
74 5
62 49
19 78
94 81
27 91
54 54
95 55
11 83
60 88
20 70
16 18
64 67
44 98
67 11
12 75
78 20
16 36
13 49
45 72
72 98
96 65
5 8
9 6
45 90
65 68
76 86
77 51
29 11
81 12
77 60
21 7
62 8
80 56
92 58
90 88
27 50
42 48
50 61
79 97
82 93
54 22
50 70
11 60
0 60
63 98
20 47
83 85
75 81
51 25
74 27
11 87
0 87
1 15
1 24
59 2
72 84
70 2
5 3
87 91
100 21
34 85
46 50
3 88
58 33
49 64
26 62
90 83
73 21
11 37
8 50
54 17
27 63
31 15
82 97
73 39
23 20
74 4
0 55
20 42
43 7
94 80
31 42
11 73
72 43
51 29
75 85
16 8
53 57
87 68
33 97
4 61
92 3
47 13
3 65
34 80
58 28
80 46
30 27
98 91
50 51
39 14
0 32
98 100
83 48
30 45
91 61
31 10
71 92
62 25
29 77
54 12
51 6
87 27
21 91
43 2
41 69
94 84
96 14
64 52
76 17
99 19
45 48
76 26
85 93
46 22
100 2
34 66
22 64
2 95
99 46
37 62
65 53
38 36
50 1
67 81
22 91
86 94
15 43
57 58
98 68
18 48
69 32
18 57
8 22
7 57
19 31
82 78
42 42
11 36
91 56
20 14
84 17
6 79
75 48
0 45
20 23
60 50
41 82
99 23
74 88
45 61
37 57
32 100
100 15
15 29
58 9
77 22
55 74
50 14
80 27
47 79
36 79
47 88
8 17
81 1
100 100
29 67
11 40
91 60
29 85
75 52
84 30
60 72
52 68
72 46
62 100
25 69
76 16
57 12
38 17
26 15
97 66
51 99
43 95
89 62
79 45
8 3
15 51
50 18
71 41
7 47
42 14
59 85
30 21
73 1
75 20
11 35
29 71
94 51
21 67
41 45
52 45
21 76
84 34
10 57
99 13
74 78
85 78
3 45
32 81
97 61
26 19
49 21
68 34
92 1
97 70
18 42
71 45
27 20
94 19
5 81
91 32
0 21
52 22
75 24
94 46
12 4
87 7
4 9
34 19
37 15
51 62
93 77
3 22
97 38
78 43
13 72
79 17
51 98
78 61
71 22
16 86
7 28
59 75
71 40
55 86
79 53
9 56
83 14
40 43
77 92
17 87
41 17
92 99
61 93
10 20
42 89
87 2
33 31
87 11
44 40
45 5
87 20
62 94
20 88
66 55
76 10
37 28
74 77
68 6
85 86
51 84
43 80
67 47
51 93
49 11
70 43
16 72
79 21
70 52
16 81
90 30
78 65
29 20
9 51
100 80
94 9
83 9
52 3
48 51
29 47
19 91
81 84
20 65
86 10
24 53
89 42
26 13
67 51
13 80
76 81
71 21
46 86
68 18
92 80
77 91
29 51
6 49
80 87
27 81
81 61
19 77
10 19
20 60
97 5
54 71
97 14
67 10
72 97
32 61
86 41
43 70
13 75
59 42
55 53
70 51
71 16
28 45
21 6
58 55
69 55
49 86
29 19
69 64
94 8
40 37
60 15
69 82
27 76
27 85
39 50
20 46
85 35
30 99
8 99
43 29
0 95
31 64
74 53
24 43
23 87
97 36
36 17
24 61
35 61
9 18
1 77
5 38
38 72
28 49
57 85
15 79
49 81
6 30
80 68
26 97
69 77
41 6
6 39
80 86
74 12
19 85
54 52
27 98
32 15
75 84
23 46
83 97
54 61
23 55
13 20
72 78
32 42
59 5
16 43
76 57
88 68
9 22
63 2
9 31
65 93
15 74
77 67
27 48
79 86
81 37
0 49
31 27
10 13
85 25
54 56
20 63
72 64
12 59
23 59
84 75
95 75
33 100
45 65
59 9
64 87
47 16
35 51
64 96
65 61
46 66
57 84
58 49
98 85
38 80
98 94
39 17
18 83
50 63
39 26
20 31
94 69
23 27
30 75
11 71
13 1
83 87
43 23
96 26
97 3
99 22
86 3
1 17
4 59
95 79
34 69
5 5
46 43
47 20
97 88
58 17
49 75
90 76
38 75
71 72
19 34
81 27
73 23
91 59
8 52
0 39
27 65
29 84
60 62
0 66
33 72
10 79
41 94
53 59
25 86
65 33
10 97
46 29
45 73
57 38
69 3
65 51
49 34
28 2
37 87
49 52
90 62
7 55
73 0
71 67
82 67
30 29
28 96
98 93
30 38
0 34
18 82
30 47
94 50
63 81
23 8
83 59
41 53
21 93
75 73
44 67
10 65
23 44
45 41
87 56
72 67
87 65
45 59
22 66
14 62
26 27
3 62
86 78
37 73
5 13
14 80
61 12
89 92
15 63
7 59
62 13
19 42
94 45
8 42
63 76
71 80
54 9
84 10
95 19
48 96
84 28
75 59
21 88
25 49
33 71
22 34
46 1
88 16
1 20
3 39
22 52
66 86
74 99
22 61
22 70
18 27
69 11
49 42
50 7
18 36
59 74
91 17
55 94
90 61
0 6
17 86
11 15
0 15
8 28
5 93
73 8
9 100
94 58
29 96
81 97
87 28
21 92
64 26
10 64
39 100
25 62
37 27
53 44
65 18
32 79
38 10
37 54
22 65
77 10
97 77
18 22
70 60
89 73
79 38
97 86
59 69
15 44
17 63
50 11
42 16
40 46
71 70
40 64
94 44
84 18
33 34
75 49
25 30
60 60
64 21
45 17
73 97
33 61
44 70
76 13
14 29
45 44
51 78
74 80
14 38
13 70
