0 0 100 100
200
90 24
73 90
56 28
82 47
60 74
17 21
99 72
17 30
22 44
57 11
98 12
61 27
86 56
1 15
6 20
81 23
70 57
90 35
74 48
73 37
51 0
40 34
99 1
3 79
77 92
46 13
57 77
72 4
82 79
15 89
25 91
59 59
39 74
22 76
94 62
27 72
84 36
6 98
85 13
91 29
37 92
24 58
61 22
87 41
72 52
13 67
44 15
72 61
50 95
43 25
23 56
16 72
87 4
99 24
83 55
2 100
91 68
1 46
71 44
11 57
63 95
40 93
23 86
6 100
77 32
86 99
38 59
1 12
75 32
21 61
91 52
74 45
28 57
19 54
34 73
75 71
46 65
70 84
49 61
80 39
49 70
4 47
82 67
39 71
2 86
90 98
86 12
82 30
48 92
39 34
84 88
52 7
18 39
3 87
79 55
78 35
29 51
81 61
33 94
46 33
56 13
89 10
81 36
7 96
51 74
96 27
44 23
37 39
28 36
25 28
84 10
60 6
67 76
58 73
3 18
69 27
87 97
47 24
80 91
25 3
27 85
82 0
54 48
51 88
74 35
99 34
91 51
94 47
49 24
20 18
48 34
72 83
97 27
58 75
23 59
24 52
89 87
41 77
17 77
99 64
70 92
82 2
0 15
22 100
8 83
39 61
90 79
22 45
73 63
6 3
88 82
43 31
35 91
89 71
53 17
79 36
53 81
90 100
97 93
10 0
79 63
47 92
2 69
85 21
66 26
83 42
11 35
46 87
49 28
84 80
33 96
55 80
18 40
59 87
66 65
57 7
83 90
71 70
39 65
68 80
57 89
42 37
24 31
52 47
13 31
67 11
52 1
62 88
44 52
26 46
93 66
36 78
19 7
53 94
100 90
51 78
14 93
84 57
21 62
59 46
