0 0 2500 2500
5000
9 1366
2020 1339
2302 1991
1209 2063
847 1189
281 2498
671 2424
1997 308
639 1425
289 1275
786 2081
2198 1237
298 48
2453 1463
1042 731
959 962
1439 138
2378 1289
1636 423
1911 2348
776 733
2417 1402
328 1280
1749 485
1057 1426
2239 2335
111 464
2320 2408
2115 1710
38 1154
969 266
1682 1599
1195 1215
379 400
243 1522
1137 2149
127 300
1271 688
2335 824
1117 2207
1591 1309
1498 327
1349 729
2424 492
1274 326
1881 738
1444 737
1772 1734
44 1591
199 1879
1689 689
126 317
1334 232
1941 910
697 1109
1516 2195
368 2331
899 240
2134 258
1220 332
2099 1203
461 2000
52 2475
2090 336
1713 120
200 1821
883 1585
1868 1162
2230 1026
571 717
1971 1031
1073 2
1771 569
2299 459
2290 868
571 20
1491 929
2465 1394
1943 1992
2302 1107
2235 1871
851 1013
1298 2456
665 557
2356 1114
563 317
1980 2261
1353 1345
658 554
2103 116
246 1549
1154 906
1997 134
1924 824
325 795
2119 1938
319 162
1201 550
2056 835
731 143
1665 950
2006 2411
2074 825
1989 2178
683 745
776 1727
1190 2239
2007 2232
782 1397
1864 1136
430 1440
2033 1359
1156 2483
2147 1875
1531 1606
1135 1377
2336 2299
1237 341
2369 1658
813 50
52 1120
2022 1550
993 102
839 1392
2271 197
2252 2133
1780 108
44 1767
2062 962
2437 2071
1499 1788
410 841
2173 978
1006 1855
121 186
1117 410
137 130
2340 273
1493 1340
540 2240
1756 1979
1654 1968
102 2243
2383 2077
1151 1347
2090 283
2377 2262
1036 54
1447 1345
639 2340
61 148
492 600
68 2487
793 942
989 359
328 2074
461 1142
1594 1112
894 886
1901 1528
908 555
86 1615
471 1722
2069 1526
920 2191
629 29
1587 1230
2113 522
1290 943
1417 1950
374 2139
2430 1626
1943 1242
182 922
286 979
2128 1409
2408 2217
539 2364
888 266
2065 831
1056 2065
2078 770
1894 949
551 617
521 1906
698 1310
2168 1868
2340 662
420 1221
917 980
2393 2107
516 407
1844 616
1171 1799
2024 1715
2417 1646
1966 1481
2114 1379
1609 2375
117 523
2214 499
1828 729
2434 1707
1541 672
616 2277
1906 275
1563 1104
752 2094
948 1740
148 896
555 991
2068 687
940 2495
580 1694
693 1342
2498 1210
1971 1141
2470 330
480 416
1653 1505
1169 1163
1628 923
625 245
382 29
404 542
161 784
1884 1788
1509 2399
524 1775
200 897
1046 130
239 2316
1667 2463
2369 1981
555 78
1418 941
2261 169
1129 838
1324 525
2128 993
209 1777
641 202
1182 1465
107 453
275 2252
2138 112
412 2486
1903 2164
998 1829
2106 537
1273 1768
865 482
1649 298
950 31
2221 2217
2126 1391
2362 2341
1515 2176
1874 1705
602 1842
486 1630
1002 729
871 1966
2199 2175
340 1283
412 634
982 2184
1169 1781
508 1281
987 986
229 1802
1810 1962
1655 856
252 1934
334 283
1349 786
2037 140
1705 1387
164 774
1852 2080
444 599
1892 661
2045 903
149 1176
751 1510
377 774
2457 847
2089 451
2484 1246
1761 97
61 245
818 1456
1820 677
2026 782
1957 911
2254 1134
1694 1211
2060 1268
2221 1896
1285 1457
1479 239
2164 867
2067 153
1241 74
22 1727
1920 2025
2156 1807
104 1244
1982 1856
2132 1571
2125 1797
297 1945
543 1183
2026 219
542 436
132 2487
476 2297
1072 372
2300 1626
2276 1040
111 334
1362 2282
1111 1882
2178 589
1448 255
1652 1482
2388 584
451 1728
348 812
108 1096
675 389
2020 538
1379 1673
183 866
1814 1601
1841 1475
1915 1424
2500 128
1252 1834
2063 1524
779 338
2222 1059
2366 20
338 1800
1630 2315
269 1700
1747 1439
601 1621
1571 1627
1631 446
2233 780
608 1516
1893 860
924 1227
581 2322
1825 1894
534 1981
489 518
812 1925
660 2093
684 464
412 5
1112 645
2208 90
651 1455
2234 493
766 947
1067 121
830 1871
1787 1615
1254 886
333 772
245 134
2387 1610
2199 1559
541 2118
873 1396
351 1994
440 1248
2145 1969
1232 696
2319 284
647 945
2149 1041
269 1258
638 2064
1647 2227
188 552
843 712
2436 2387
664 252
2216 694
1187 2242
1498 1875
2021 869
276 1015
1257 473
403 332
1757 530
1199 1929
1946 1220
1178 594
2131 2397
1267 2063
2480 107
1963 1803
450 1023
1522 2060
923 1243
453 2489
967 2481
1536 1591
715 2381
2382 824
508 102
1598 2176
1357 1067
170 982
1672 1078
796 1673
2030 5
1295 310
374 1391
2375 942
1511 608
281 705
1378 1247
2259 767
2016 1009
2445 1536
1853 1661
1163 1214
639 1968
957 291
2259 2285
1669 1022
1951 1674
2370 840
2168 1120
681 1561
1037 930
1730 399
1762 1371
2118 215
160 1825
2003 1433
733 1872
500 1112
1918 571
52 2413
2268 2118
1433 2485
478 306
1646 1317
328 776
1557 1208
2013 2013
15 1713
1352 52
1175 1816
1032 2033
1704 625
1009 63
2163 1139
1975 1613
529 2055
345 19
1484 63
806 1582
1785 405
754 1126
951 1411
231 2253
2310 677
988 138
1021 1483
1503 934
1401 1889
1276 662
1350 611
2325 2210
1992 1512
1739 1066
1238 1309
386 275
284 2250
2357 1115
1655 1597
731 1249
2049 999
469 983
1074 568
1552 1361
2183 935
2078 653
2018 373
1893 607
399 2092
1302 2354
870 1677
1560 1602
2265 600
694 404
2111 2119
1581 907
2081 1718
503 55
2490 1886
1695 191
225 2033
1056 2190
151 1818
2489 466
964 157
591 2275
23 1525
1189 625
240 1644
518 1625
621 289
1538 1681
1123 1210
202 2291
28 943
2383 955
2340 2305
521 2273
1691 1896
686 2111
718 2329
2272 77
1685 2495
1174 330
2129 2014
694 888
1179 2394
692 2047
917 408
2437 1312
2037 1607
540 313
2215 337
2108 2197
915 641
1486 1625
2413 2015
692 2289
2316 2082
2007 1741
2172 2074
1169 1396
2224 2264
422 1647
66 551
1979 1679
632 1191
1597 1348
1261 1399
2350 2080
1065 292
841 547
1794 1633
660 2458
2286 2095
307 613
1466 1804
836 1600
548 150
2064 181
1707 1866
1428 465
1741 925
2052 63
1136 2279
1069 303
2295 1218
209 842
1233 899
1100 784
1421 1364
1235 191
840 1584
453 2370
2034 1564
112 1848
1488 492
2033 292
1310 1883
2077 69
562 2434
1248 1944
2142 1632
1364 843
2287 1986
747 386
674 1793
1255 1021
1153 1010
635 1313
1048 728
709 1033
1726 2363
1362 366
315 813
1177 2306
2228 2466
175 281
546 1914
1611 2009
1470 838
2023 2182
674 867
1654 1827
1864 1371
2371 421
1688 916
1352 967
1949 957
2447 2402
1621 337
915 1380
980 277
930 456
900 1745
1102 2374
2291 24
183 118
615 529
1803 2421
154 585
2370 24
422 1568
644 183
2423 1082
1941 32
1483 911
368 2392
98 545
2407 212
132 2115
2224 1030
942 937
1058 2051
2415 1729
2470 1436
541 1007
1002 2156
539 934
1826 1105
1655 1223
311 1713
967 2283
1793 1867
218 209
334 1589
1942 620
2225 1911
370 199
2070 805
1359 1467
1890 1103
1850 1970
2056 1809
409 2234
1770 405
550 961
1263 308
2028 1050
238 1490
327 744
659 1254
1949 878
1321 1309
568 2240
2344 1407
273 1568
140 2207
1750 2102
848 1018
2233 529
1020 41
1443 144
1933 8
2101 1807
1640 429
1321 1551
252 1522
1808 134
2141 2000
2087 717
516 1689
1610 499
2155 2285
1350 1097
1733 835
1569 1141
1417 1272
745 1108
325 522
1898 269
1149 676
1513 1626
329 119
1449 2136
611 771
254 1931
910 286
658 1233
700 1873
1854 1259
345 1941
177 1310
42 1351
1522 1688
2492 203
756 1926
888 2045
667 127
940 1454
2108 213
1884 734
1655 2338
541 1075
1100 544
1655 1520
640 788
1326 298
2487 2316
801 1416
829 431
1085 2343
2201 683
1486 1640
2141 1571
1157 1815
642 2123
1960 1644
354 444
870 1492
2468 2316
2015 1287
643 1486
1333 206
166 329
1518 1649
754 2485
924 910
1980 1222
486 455
1492 1138
1985 253
1833 879
2295 2401
520 160
1626 1488
1486 1185
2411 482
1549 2180
298 1400
1218 2309
950 2494
632 1690
65 1054
1242 572
1470 1190
23 764
1738 1678
1178 35
956 1090
1672 277
656 340
1561 446
2353 2072
1097 985
1824 2482
1142 1630
1533 734
1091 2338
278 2464
1757 1381
692 1057
124 1768
180 1111
1319 1155
362 364
1174 279
893 0
359 66
522 996
986 1396
2374 158
390 547
819 2387
1533 747
2367 384
2097 560
428 2236
0 2469
2280 1435
628 1772
226 1240
2464 209
332 1895
989 475
1388 2170
2483 1619
793 2226
764 1296
2319 2450
576 1366
2291 523
2263 461
1145 1378
1788 23
719 977
32 1508
814 1480
1406 2065
315 520
280 1731
280 684
1954 69
689 1606
2320 1587
358 1506
1015 1547
2162 2169
1285 95
1129 1504
376 2435
677 1380
1177 1666
1748 2421
975 2205
1951 1962
28 1055
667 2210
1973 1613
794 221
1370 1320
752 2439
1304 1225
2442 1539
2290 1670
2049 561
1832 38
1042 407
2458 1254
293 548
681 1633
1122 817
234 126
53 1017
1115 1043
2147 207
1624 2088
2439 1483
2076 677
816 2063
104 1305
1843 819
19 2429
1908 1739
997 2461
106 38
2163 393
1917 926
683 1776
321 377
1040 2050
1716 347
1427 244
1050 2243
2249 352
2360 1617
2225 1392
1202 2233
1894 1817
395 972
1697 1128
696 2253
2465 1875
804 2429
628 2203
1106 781
1269 21
7 809
105 1152
1429 387
1286 604
1835 553
2215 20
640 2334
1954 1413
2119 1480
759 979
669 1988
267 2439
699 2096
1022 800
1342 512
2410 1585
2077 1604
77 2234
1267 1506
998 335
738 1916
1316 1664
803 2045
787 1054
1463 2091
571 1695
1374 2019
953 942
1078 2142
2326 2358
651 1516
1077 1395
2291 2485
715 1945
1335 872
1159 2336
2452 2029
1299 1858
1965 2207
825 2059
1849 167
2 2022
2458 625
1048 303
1794 2042
363 1368
1980 2205
1716 1341
1824 645
2039 533
1738 1359
1586 1756
1985 1236
1644 943
508 150
96 1145
417 1954
138 324
1948 536
2438 400
2171 581
569 2496
2353 1524
1678 1880
2366 2217
1589 310
1087 328
1448 1768
2352 2174
16 1623
1036 1716
1483 715
846 1555
1811 251
782 1570
198 58
576 913
94 1169
73 2278
2010 87
2197 2394
2061 547
1685 1199
95 761
972 2202
141 2045
1293 796
1350 1101
2375 2292
2168 13
788 1563
2214 617
1011 854
1148 1088
1201 2146
790 1528
84 585
2238 1361
657 1938
901 578
2487 2065
0 1116
1502 1212
485 636
725 1520
1081 2387
954 296
140 1540
2489 2003
863 1346
2194 284
2359 617
2000 913
1742 2375
1635 1983
1383 715
2117 1205
1795 1154
2163 1321
2065 520
2314 1490
121 722
1134 2347
2100 1911
1534 1234
723 1995
1155 420
45 848
1903 2040
794 1875
2088 1793
1840 1691
207 2078
64 43
599 1141
552 1029
203 2080
268 2438
2057 1810
976 1249
392 1198
796 1547
66 2196
364 1624
2259 1917
655 790
2007 124
1126 146
1260 1129
826 608
1815 1122
380 2019
763 1491
1224 1593
1917 1291
823 1663
308 1971
288 2258
1205 1435
2009 183
1918 553
689 508
381 2341
637 2267
1569 32
2360 9
2208 2355
2330 2052
136 1877
361 2224
1655 2142
884 50
2488 1591
1051 2149
151 2121
1394 273
1909 1362
1190 1446
1305 2150
2466 1953
2453 1196
2258 2189
1859 2443
2137 1899
456 1306
1962 326
530 1228
326 1169
2055 2476
976 2
1936 2030
213 2460
2116 1853
777 1226
1019 759
406 1956
2343 2017
226 305
1103 1103
700 1127
1693 1871
2216 1912
187 84
2150 1558
2496 1966
398 2253
1941 2387
399 906
490 1024
1429 2175
945 1604
1358 2416
2416 1569
1738 422
1486 881
1759 481
2089 2342
1626 137
1889 1005
2327 2399
754 1376
2276 1387
1802 1238
642 88
1309 1305
1601 2416
728 2262
1047 29
1342 1603
822 850
75 98
663 2254
1546 1783
1783 1467
331 697
749 2442
986 140
177 2216
537 1741
1937 2055
335 708
1558 2409
1711 436
1315 2422
2115 785
2189 734
532 1518
1655 1029
1889 213
338 2147
2036 1660
764 40
1104 108
2279 2061
1663 1792
773 274
1334 570
1184 1794
2242 718
221 471
436 359
916 1750
1349 1080
1831 2315
2183 259
782 1935
186 598
511 883
886 1992
1944 1145
2064 981
1883 906
2258 2015
162 1180
939 54
1326 1217
1106 2153
89 1311
1902 1269
2148 278
1463 1343
2204 2021
1368 2274
1467 1462
372 1232
2436 48
978 1944
2430 499
2268 2423
2238 1726
2121 2144
2195 861
1456 1690
2151 37
399 961
2402 521
1562 810
430 2233
2160 1927
351 2354
368 1769
1948 2458
1732 1113
2151 2265
1436 1465
813 2011
117 1261
2178 1580
808 849
864 1949
175 2370
431 1801
205 2249
347 2073
122 1460
738 2483
1980 1457
824 1732
1601 377
2481 167
574 1971
1463 1840
1112 2320
468 1023
875 98
2200 534
1868 2010
479 1037
2351 932
1704 367
1778 1070
1000 2200
871 2086
666 634
1049 2092
131 2461
1476 624
806 1324
372 803
399 411
1288 509
1880 155
281 126
544 994
1918 1844
486 2221
2249 143
2425 2062
1144 393
1579 550
1420 971
991 528
1190 630
1429 646
2423 43
748 1682
2346 1257
640 607
1801 639
550 2111
2255 846
321 73
135 1603
871 476
1152 1398
1446 1350
793 2219
2400 1614
1560 405
1360 1283
1868 292
2007 1804
500 546
550 2124
1149 174
170 1839
2138 1563
1966 2274
591 1199
1778 762
1437 469
275 2427
199 1614
2331 1877
852 718
1144 2287
2149 530
688 206
1032 541
2267 293
787 1905
2379 2160
655 968
2441 1577
832 106
1542 2188
1617 1544
2145 1700
73 1222
509 1789
1588 210
1032 783
285 997
2067 2167
415 60
2009 1179
248 1051
919 1027
2276 476
1278 2128
619 240
608 576
84 576
822 47
2289 1583
771 2445
1707 1608
1307 1903
749 821
2225 1948
2473 1784
1719 1029
2083 673
529 2107
1713 1399
1480 1807
1737 157
1691 1209
2334 1315
156 441
2492 440
940 523
580 2166
831 1519
1959 1145
1962 396
1778 575
491 1599
1504 1504
1517 2345
230 1945
1799 1802
162 498
287 1661
1572 1759
1264 1643
2253 171
1036 244
1892 165
104 1661
623 1731
1430 484
1342 371
48 224
581 724
144 686
713 2011
2323 364
325 2316
123 640
749 1331
2130 1632
1423 1770
1619 1187
1048 1075
561 987
1810 903
1436 662
2465 834
1781 1599
1877 1078
984 43
694 698
1523 2014
2020 834
1708 1013
82 1110
1065 2304
1273 2253
2054 603
1114 1442
1528 264
1149 1894
1985 1900
1570 1658
765 470
1926 273
1232 616
894 1789
1978 1897
281 1296
797 1627
1475 1276
1948 971
2469 2363
485 574
1164 2323
73 1532
928 2046
134 990
2155 1651
551 1278
1960 163
342 121
1763 1046
99 888
653 242
1480 694
2274 969
1183 1639
2420 1023
1765 45
1814 2152
2452 1914
609 1525
1163 879
584 1697
240 2301
2458 389
594 843
590 1138
2336 2089
2470 857
2284 623
1606 1462
709 951
1767 2319
1208 369
2359 1147
249 2363
1424 115
428 150
1473 2222
359 1484
897 76
1166 1432
1915 2459
996 2189
1890 2402
2043 1183
1502 1997
674 1845
1399 71
1397 1422
1039 1714
700 1265
133 1154
933 914
2482 304
923 1660
582 1330
602 2248
1681 2241
806 1489
2401 352
859 1086
3 347
1059 622
1673 27
663 2379
253 0
1521 158
992 568
1867 2000
456 1002
25 752
2023 1200
1096 517
1968 2432
1207 1903
316 712
257 1529
2371 728
113 60
1374 1262
2231 2374
260 487
313 1582
275 1290
1290 1793
1181 345
420 890
1971 1373
1432 1095
1887 1675
173 1134
1927 1976
464 825
2069 1800
138 1298
2252 460
123 1663
302 911
2265 2385
1661 1453
135 505
1046 2348
1476 1407
1661 406
1642 127
1944 2451
394 1789
552 914
1775 1861
1286 1404
2466 1449
1045 29
341 1899
1429 140
1136 1581
785 1243
1133 2249
1358 381
1020 2308
1720 181
1574 652
1316 1525
2076 230
569 1739
500 1905
579 2198
1300 497
2494 477
2032 1880
1486 2121
1405 2132
695 1447
868 1146
1081 2422
630 271
886 1688
1168 620
369 1398
995 2089
2290 431
1370 202
9 1802
2312 1358
916 1917
138 869
2134 2291
1535 1437
1469 854
1842 2348
1767 1945
1514 1499
1661 1963
1557 1088
1373 449
43 608
1710 1037
32 2176
985 2030
1515 798
1050 1930
2271 552
2073 42
2219 2311
1610 806
515 2000
1552 2262
771 1468
1844 1387
2322 2180
1265 2205
1089 1979
2389 665
1697 815
1791 450
1990 1333
2091 1910
714 237
1244 991
1464 994
177 557
1294 1751
1156 2275
1696 1502
1306 1990
2400 800
2429 1272
1804 2203
2124 1390
1484 535
1277 242
473 676
1647 2404
52 1851
1189 1297
1111 1872
1491 1110
574 1667
1890 1344
1424 1056
276 1192
286 153
2475 2384
1663 254
656 2352
234 902
7 1677
925 1722
2207 2340
85 2270
2461 1173
1642 316
599 2491
2226 1801
1439 1650
1003 2436
676 2078
2177 717
389 2250
1333 1789
1187 688
1068 1491
975 1034
1623 1484
2153 252
816 1684
1154 1679
469 1576
1466 490
896 108
1675 75
1548 788
864 1553
2106 32
728 645
221 585
1196 1918
1841 673
2451 1356
2008 786
1677 915
577 304
1189 1097
1543 1100
786 1646
1324 275
457 424
384 1114
1351 2098
1430 2327
721 1113
891 1295
650 186
1230 761
2379 1493
2384 1837
722 291
2064 169
2103 97
198 779
53 1364
1854 561
684 709
1989 1917
246 483
1142 769
1824 803
2118 526
1832 2384
1152 410
2408 36
1760 0
2394 811
1191 1011
1040 61
71 199
332 1960
2444 753
1198 354
303 441
1784 1646
2019 2452
1730 134
281 1850
477 742
1046 1653
2183 870
180 2478
7 1732
892 2125
2341 1577
151 1632
1625 2161
1644 188
177 2264
2083 2221
2315 1295
1387 10
1168 609
711 104
1650 2046
1201 1954
394 168
35 760
1573 550
1459 1202
324 2031
1960 2127
1679 653
2402 782
1013 563
574 930
529 1682
1191 569
153 873
1469 2011
2305 2283
2047 1493
1780 1378
887 343
95 1053
657 2
576 1097
552 2460
293 250
1039 40
2486 2415
872 866
338 1161
1183 233
1436 2076
2465 2477
1868 272
1873 387
1036 156
819 2144
1787 1781
2389 654
746 353
1195 1640
404 589
1819 1211
1421 2333
367 2104
300 882
2110 865
1997 2385
1821 2425
1989 1972
524 1943
273 146
56 377
1451 2333
1484 1692
1110 993
1726 1225
1295 2207
2138 388
1049 1656
641 2356
257 673
1372 360
1782 1921
22 1035
1420 522
1786 1518
1179 2008
1359 663
371 788
43 1336
583 563
605 2308
1298 545
895 1552
157 805
1401 2363
1220 73
2021 1519
1768 1073
2074 887
1110 1598
1464 1601
522 1842
302 1344
1234 2307
826 792
2044 1358
1360 1894
2036 716
258 227
237 1565
959 274
200 1454
766 108
1524 955
1421 39
1328 1834
928 2092
957 578
298 1696
114 1121
2405 1643
1792 1645
627 2137
1518 2079
587 523
198 1465
1337 755
1068 567
273 2053
1510 683
996 1859
1914 2429
2445 789
2449 1662
671 1402
1817 439
1765 2198
1273 1507
421 998
425 1117
1843 576
1485 2265
532 950
1514 751
2467 2362
2269 1852
639 524
1609 759
1932 217
1994 866
1959 2306
1182 399
542 1530
1328 2439
1127 1631
544 1310
610 883
930 2285
444 325
399 1077
2161 346
2170 1334
1722 649
359 1651
1209 2235
721 2417
1718 1294
1637 174
1747 534
2165 64
760 1298
1570 120
1077 2173
605 2363
149 2083
2292 226
2156 594
153 741
1529 469
1699 2341
173 1622
1025 441
546 1904
1093 316
1456 893
494 2202
509 790
443 2422
1690 1245
981 785
876 1257
739 2420
596 385
585 1724
2367 2103
2408 414
725 1209
1912 2462
1699 2354
689 734
2440 1305
1388 1674
264 2167
1153 2302
80 1528
549 2272
1003 1688
2290 435
868 1500
1370 435
656 1617
1370 206
327 358
1106 2082
1935 1146
2297 1993
838 52
2171 1359
359 2269
1904 1015
1934 369
1862 789
671 2275
1872 1211
72 1192
760 1566
858 2222
1012 1642
1886 2435
172 1601
144 1539
546 536
1458 2375
656 933
2459 203
468 1636
710 1398
2021 2192
953 136
342 248
719 1073
2436 340
302 1199
1907 750
2084 2369
520 900
915 1170
1045 2182
1939 2395
700 2184
762 783
1652 766
814 2407
2102 1231
1949 760
1687 760
1311 1641
1030 1887
1091 1079
1741 178
2121 1631
72 871
2337 697
1038 206
1079 961
1385 2465
1371 2301
1245 1933
550 388
1377 22
57 1394
2052 834
71 740
407 1857
651 2483
1475 1203
848 1721
468 39
1555 1088
1847 1196
280 1156
2250 1586
108 635
610 1785
2015 1948
1209 572
2399 1830
2013 2060
1312 929
410 303
1708 377
1178 1380
1503 1665
2497 308
502 952
503 1820
1857 2018
2039 1271
1634 1222
2053 388
2169 1731
1296 1577
1380 524
2274 212
1131 463
2081 571
1110 2097
48 2421
1156 937
1658 2087
1180 2462
550 309
228 29
131 2311
1318 1349
1274 1279
2220 928
850 951
1600 1220
2405 2371
536 266
651 778
1485 186
658 902
716 2304
1823 1349
510 1189
644 1906
1595 2394
2079 2214
1609 1016
2269 1291
307 1439
1900 1165
2115 595
1760 2353
698 664
2250 2338
464 268
830 1786
838 2135
1182 1945
1302 549
2136 2172
1403 1540
2387 478
2471 1115
1695 1419
62 1806
2122 2395
1749 2069
1241 1333
795 1512
194 1817
1986 669
468 107
1528 730
1719 32
318 1745
1524 1025
658 352
1371 1685
1414 106
1461 1615
77 720
1727 1734
1236 450
586 1765
2346 2422
1653 1677
343 1751
1017 941
616 597
1564 1339
2276 1023
750 304
37 2354
710 353
2191 1558
1316 284
72 1678
1718 1230
355 2232
1415 182
1310 654
1824 1104
17 2358
2293 1848
1011 1526
2267 398
2119 234
1141 552
344 1211
703 326
1451 714
685 952
1719 1697
1537 939
1449 826
2471 699
1919 1125
1824 70
1309 2364
1950 1872
447 2305
612 1389
291 516
1383 448
713 1148
1292 1498
2398 1365
2002 1136
2213 1585
281 178
697 2493
1501 1729
666 2096
1891 1426
703 702
16 1
1330 2032
1071 2037
813 695
930 48
501 1103
1463 282
807 880
1328 94
1266 411
1960 1502
1092 231
1742 1545
1207 743
1729 559
2121 1312
777 341
2003 1027
728 893
1862 270
1739 1102
782 2297
1243 642
234 1647
788 772
106 2364
1678 984
2034 619
1540 1279
2383 507
839 2400
1323 2449
1784 592
1892 391
2221 337
1648 704
715 499
489 193
408 1022
1698 1464
1887 1107
405 1892
1728 296
2471 1801
630 24
1987 1688
1517 490
19 1038
2080 869
438 204
343 2303
2473 1473
2378 418
2273 890
1834 1486
2331 306
2418 985
640 2445
808 43
2133 708
1466 659
2217 2284
1057 1134
1470 1303
1888 1062
1492 567
1006 1842
1616 1542
759 164
807 1632
940 2427
0 1280
1208 2097
544 67
153 2397
1796 1486
825 760
2425 196
1075 642
1400 2388
1661 214
2036 91
1487 852
1242 230
94 1830
1299 1151
2436 2317
1271 1577
2024 1326
1199 920
831 524
1423 2385
1491 2260
2050 1729
2148 803
1461 2088
873 642
861 551
1312 1241
1389 936
303 2475
67 1710
1734 1873
1661 348
2299 46
55 2265
1713 888
1922 2459
431 1734
1814 418
860 1588
889 74
1935 1876
1850 1509
32 1850
63 1954
582 2253
1096 2474
2161 1815
1965 2105
1639 2349
173 1681
873 1126
2277 1882
2091 1463
606 782
351 1724
1521 1081
1789 78
799 1325
1413 1255
1483 1994
399 1620
1457 544
2124 1990
1468 373
898 28
693 1545
347 154
1314 1663
1618 2303
1294 378
2321 181
1390 611
2045 2003
246 1391
261 1928
168 1700
2263 361
114 417
687 2036
1700 1941
1082 845
29 1807
447 334
1284 1208
2449 2473
1344 1259
1048 2429
2182 2129
635 570
2137 666
1188 224
1661 2255
2008 2070
24 1705
1240 1444
607 1531
1596 1042
875 528
116 476
1458 1374
1024 1819
141 1472
1101 2268
1631 1036
201 2277
2011 274
1628 2199
1595 2022
610 2152
1032 340
1801 814
932 365
2382 796
2029 1432
2471 1548
439 240
2452 1269
76 151
1459 1050
1515 164
548 375
402 846
367 2286
1232 1044
1440 1976
2211 1099
1142 2282
1197 3
999 18
1568 2161
389 769
377 1432
712 2176
147 2138
423 1255
963 711
1916 1568
255 890
955 1301
1275 488
1561 1461
1392 191
1041 1839
444 1620
1187 1664
1646 0
21 965
933 2013
2259 2149
387 39
1185 2234
8 1440
644 1092
2495 1113
1285 2357
306 1218
928 743
2333 1172
1839 1832
936 1772
549 2265
1559 1670
1039 1900
1405 1203
357 1277
458 1100
938 2491
2490 2179
1442 2253
1753 1657
1935 1368
869 1610
251 514
231 2225
1973 2010
1448 1142
1596 1794
1315 1781
2479 1589
13 992
209 638
1559 865
917 1627
2472 1586
44 12
1570 731
551 1506
852 451
905 1509
1306 806
1681 1851
951 1517
364 2474
2380 842
2029 90
1537 796
2444 1500
1475 1638
2209 142
870 2467
615 1948
219 1194
1375 653
1999 2439
1171 1762
2407 692
1491 168
1477 758
1144 2275
1003 2070
2227 172
2082 1511
1729 2147
1024 2129
1301 2114
2278 2325
662 2127
561 1028
127 507
980 194
1258 1370
2428 993
2111 1286
8 1495
655 1077
2145 641
1195 267
331 687
403 38
1408 1314
795 1316
347 143
1120 1786
1474 69
1792 1169
1226 492
790 339
919 1015
1720 475
2308 416
668 615
2411 1820
255 971
809 325
1318 1892
1003 1507
2444 132
2300 2339
1228 844
1217 914
1960 2190
208 2148
1383 1620
1900 1358
1466 837
573 1751
32 2336
1119 2190
426 48
2492 186
2220 1713
852 156
1706 445
1375 574
2237 2067
848 1848
618 339
2041 142
1154 53
1311 1205
1211 1792
1023 2495
1740 1089
655 756
154 999
479 301
2192 846
1175 233
698 1099
1964 2379
2342 1544
435 1362
1622 171
2019 1268
1306 874
2467 613
2162 1963
187 1189
914 471
1961 2094
125 432
202 2076
1735 1522
387 1075
1376 128
2308 337
1262 780
492 2296
1349 641
777 1647
269 911
1253 1347
2337 1684
325 1486
2381 707
290 216
123 2025
2080 981
1760 1528
746 203
1389 309
807 1381
445 2197
2363 1979
1616 244
881 549
1548 719
1195 335
737 1672
2438 702
659 1789
1242 1844
1440 139
1780 2422
1396 1493
2260 1598
28 2151
1411 606
1460 2188
882 225
1826 2245
441 519
1857 1595
1977 2414
2164 25
1678 546
2163 2052
1506 1782
511 928
1634 2196
1388 743
837 869
1232 1893
1074 2273
1552 851
84 1800
36 820
265 414
2353 82
2357 726
1660 1552
180 1215
2346 79
1012 1516
1707 846
1860 1088
70 296
815 184
1254 2446
1397 805
1100 1979
1377 567
1844 447
1755 863
1766 2486
322 1806
1536 452
1061 2145
1603 213
1171 1751
223 780
2267 2364
49 600
1004 69
1425 2048
1373 1858
2164 630
164 1489
1642 999
1524 455
1407 1856
1839 1513
2095 1210
125 1534
1558 2025
1048 1923
802 1224
2277 1631
2146 1148
162 783
1980 1610
183 842
1898 2214
2366 2090
2003 52
204 901
2291 1916
2296 45
1503 116
379 380
1975 340
838 665
1302 247
1821 812
1384 2006
203 275
2076 284
1361 2224
2188 461
863 964
782 1793
1033 1375
742 674
1408 1666
2194 2117
1345 1354
815 105
1383 562
2384 413
1201 2019
1149 1829
1761 370
661 1745
160 2217
2326 1347
619 1519
166 756
1599 1247
1512 2002
2222 1640
472 2381
273 185
467 990
1368 2374
998 626
569 183
1049 1574
1761 1551
1527 2138
1166 1341
1245 439
963 1278
1282 506
2230 430
872 1281
1930 397
171 2402
131 1017
411 253
696 1405
1854 1728
2451 1718
1484 697
1081 987
2306 805
1201 1577
943 2221
805 301
1504 1736
1667 939
166 1482
1907 1860
1976 1465
2364 1547
451 833
114 1965
1272 302
307 1084
1549 58
437 1837
1220 233
399 2484
2145 1745
2341 637
2079 1391
1740 1696
1781 1468
1524 1812
1947 188
727 1010
1800 929
52 1329
771 262
1201 2061
2086 2454
2148 1117
1766 1052
145 510
890 1418
1607 1473
545 1612
1933 411
546 36
909 613
860 1889
269 1155
1065 308
1915 1710
1142 1494
892 501
1356 376
685 2194
581 1319
2231 81
123 2390
723 1668
370 52
507 2272
2213 1875
625 2264
1844 1254
2307 1015
992 745
367 922
2055 242
1451 1030
2266 196
1830 797
1520 83
250 1276
38 639
53 1176
92 1104
1746 22
533 1520
2434 130
1567 2265
1231 2316
1213 1629
2345 731
2295 1139
492 1051
913 61
825 2163
250 242
139 145
1131 405
1183 1992
1086 2325
577 721
1867 675
1741 2256
800 2227
640 23
69 2422
2133 2487
1931 2272
2187 1969
1141 655
1047 10
2223 1104
2202 227
1605 8
683 1130
1407 703
100 2243
19 1086
1913 2497
471 2415
235 1384
1403 2395
1964 476
1105 486
2156 646
2106 825
1094 593
232 857
2164 766
1453 940
235 2323
843 193
420 275
449 1959
1927 1698
345 855
1225 379
58 2259
1253 1646
1065 2349
2017 1520
1629 886
520 455
1946 4
979 2201
1825 1175
1087 1734
1434 795
1690 492
2469 2408
1502 1424
562 48
75 2441
479 279
1463 1203
828 692
132 171
1425 1850
2428 313
60 1234
1696 135
858 985
388 807
974 2328
2039 2423
941 1922
15 710
1197 1619
2449 1540
735 1036
722 2494
1326 1211
442 1393
1994 1081
946 2387
2040 968
345 1231
1795 1137
1518 334
2047 863
37 297
801 464
369 770
1026 811
2485 308
840 2378
1700 1250
217 938
1657 385
1793 1212
879 1286
220 2404
1598 973
1119 221
508 2282
2077 2139
1225 876
1994 2141
1715 740
108 887
1189 401
185 1255
1544 1797
537 1643
113 1352
1400 476
1749 630
2392 1490
1361 750
735 473
2232 2440
1213 771
2498 869
1788 2399
506 2077
2316 1508
1958 1800
970 1134
70 1897
144 1846
823 1646
361 797
171 673
2425 633
174 2368
2082 1691
1206 1239
365 394
1321 1485
1905 2408
2300 1927
431 51
1214 433
1606 1186
556 433
704 2317
1570 482
481 1750
720 46
2300 1230
1952 1715
1801 499
2356 1246
2034 1232
833 44
1172 1496
1395 1245
10 1468
290 1751
178 1281
652 154
1616 1779
979 404
2062 1536
911 1963
1169 272
35 306
884 288
1895 1544
2268 594
1216 1929
253 1818
1366 907
1875 555
2447 2178
2242 1480
1552 2494
1349 445
1973 2258
646 702
331 1364
108 1063
2446 1660
2323 277
2225 156
2133 1321
314 1023
1728 454
2387 1093
186 2191
1528 1103
266 1891
227 1670
175 1251
1166 606
1347 654
450 372
1259 541
1294 10
254 1894
2193 567
2385 508
353 1378
246 1252
201 1775
447 1013
1378 2340
459 84
28 1029
1766 1927
1165 2461
893 2002
2304 519
201 728
1362 760
1324 239
629 1663
438 146
1052 719
1165 596
1829 1579
2430 2442
1219 603
766 1035
1526 494
2272 2041
1565 193
998 1543
86 2444
972 2308
1593 1194
1137 1557
1319 1076
696 1851
2112 712
1626 967
2067 2403
2421 649
217 806
671 2437
1805 151
2415 605
1389 1670
1114 913
744 1639
1758 2412
1054 754
692 1570
1923 385
815 1411
1124 971
673 244
310 192
308 1580
1978 1260
2358 1481
2096 1481
1461 741
463 1639
851 1226
548 1417
866 531
2434 429
1554 1319
1714 1042
2400 1784
383 10
1675 562
469 1245
1940 2028
2143 630
861 1769
1336 867
755 821
2420 157
936 344
1422 237
670 1127
883 2174
649 2007
449 1424
230 2289
254 660
302 1374
1162 771
484 893
315 1838
1261 1982
2470 1038
2408 160
448 381
2105 388
1741 2326
1685 2165
152 2490
2268 1025
2021 1333
2210 1986
1654 1805
1898 179
693 77
338 2064
758 2421
1590 1231
1132 2110
941 556
860 1651
1446 728
1261 1177
2029 756
1180 959
1484 138
1215 1182
1447 2471
165 2378
1658 705
92 853
791 2022
885 1657
1074 1327
1786 2058
2281 2000
1374 1067
1565 369
727 1256
179 1387
184 1502
1596 621
1101 1029
2042 829
883 577
84 867
1340 1432
2133 1068
175 1924
1506 152
2164 1320
1353 324
1029 1166
2117 427
768 573
1692 692
1578 1610
1579 788
1677 1094
1187 2398
622 1394
1395 334
1833 1957
455 1173
1487 1091
2310 81
818 2393
652 411
1178 2147
1716 2496
269 609
1196 474
373 2127
770 1305
1346 418
2461 1273
458 895
1664 700
304 199
1617 2345
2215 988
415 1198
1874 695
800 1534
1748 2276
1761 0
471 1251
1790 179
122 1740
1481 67
27 685
1367 719
350 2129
336 2194
368 197
676 84
874 328
197 2035
959 372
1361 2109
841 1548
1171 1194
1739 2469
190 46
2034 108
1506 1709
2325 580
1645 67
325 1439
1648 2058
2408 1517
1101 842
1818 1651
661 1738
1571 1959
519 342
2358 60
2361 1526
461 2323
724 747
2188 588
277 701
1722 2249
2151 2103
384 275
1000 278
1227 1489
1674 488
1892 2108
1156 1959
877 329
1124 960
408 753
2106 495
2099 1539
2123 1896
946 1102
858 989
2358 1241
501 2149
1017 982
1545 1367
2080 479
1541 201
1647 102
936 1030
2088 1767
1026 694
1504 1487
1110 2085
418 2272
1066 2163
441 125
1401 167
675 63
757 361
1481 1624
1159 1573
1659 1630
511 2291
354 1819
1080 233
1983 1727
1400 1406
116 715
486 1480
1525 583
147 2014
1198 2440
1607 2379
1202 344
1152 752
240 1424
342 425
1326 1807
460 646
539 1464
91 2240
913 362
1085 1637
204 1888
548 1661
408 1129
1425 244
1306 2279
1364 2220
455 2409
501 539
1712 459
1385 2279
1161 585
2130 1615
2059 688
1668 766
1520 639
348 152
2297 1499
1454 2005
1913 570
1734 73
1450 314
1007 10
1977 999
214 1505
1404 319
440 801
1150 143
121 2482
1138 843
711 1264
2452 1642
713 1310
548 1916
1291 2118
68 1171
2476 292
1349 1241
1956 1424
318 915
987 515
1226 797
1887 1940
825 867
590 1229
1348 1029
4 2273
212 2222
1060 1794
60 2353
1200 2033
2358 2356
2399 2128
821 990
1140 2433
660 1567
6 2238
512 649
378 1817
739 1042
1139 1915
2018 571
1655 519
2033 1374
2497 2003
2418 1481
1279 1171
1461 919
223 2064
577 835
865 521
1090 868
1950 1726
1377 2093
863 825
2170 453
1468 935
2240 1680
1376 1346
835 1931
744 2301
1380 4
206 676
1269 2159
1322 1002
587 1307
1166 1657
99 1489
350 2239
2071 2150
502 795
2065 120
1777 885
70 91
2183 112
2329 1627
2418 918
2304 1570
471 1374
1042 1311
1315 423
148 51
1273 2412
406 1514
2140 950
1682 2287
2413 1045
615 1853
952 492
776 266
1842 1229
2217 352
303 985
282 2094
568 1670
361 1340
1744 2239
674 339
2152 78
357 2389
2122 1404
323 1987
689 2310
1397 855
1138 335
2143 379
1225 748
1658 2064
837 2329
1174 1722
1600 1305
975 1512
1810 1788
1044 1733
428 1235
1473 1092
454 1638
1225 761
1543 1336
1116 1986
1773 566
2320 210
1962 502
1211 45
1840 741
855 2332
2071 1842
160 494
1911 1331
1138 590
718 1990
1004 1529
1379 652
903 1891
66 2185
2013 682
36 1259
1018 1814
1102 236
200 1596
2343 1725
127 559
1926 124
1887 398
1696 867
932 1895
140 1437
1872 9
1703 991
1056 1180
70 2132
195 326
2355 2085
851 896
1197 1425
813 267
2063 1805
513 500
1814 17
917 1492
1108 794
502 984
1872 2358
2032 132
1531 1836
261 814
61 2446
399 1687
814 1902
972 273
173 1051
641 1156
1597 1493
1051 2488
1725 2173
2005 2227
675 1154
1797 1783
2034 1467
2377 1311
403 1634
2449 1830
2083 726
468 460
97 1419
1645 1668
2156 157
270 1118
2205 544
1768 1738
2074 1781
2041 1604
1026 872
1053 1729
1256 1334
1772 396
2472 2056
1648 626
1880 1915
1873 973
865 631
1123 926
1405 1807
302 1191
436 2174
2281 394
2150 1668
1902 1566
2377 627
2387 1086
1931 52
518 1462
1377 2095
195 1186
2153 2316
702 236
378 2061
1605 3
235 1258
1792 1034
1045 1477
1421 1764
1910 1403
931 1119
389 247
2065 2216
1925 1913
633 378
1615 704
243 1849
1234 1012
2214 474
1654 817
880 376
2213 1454
1426 1303
2324 467
691 561
534 89
646 1084
2337 2099
370 1149
509 2018
717 964
1572 1478
2057 2230
539 2126
2036 1060
1143 25
1776 1658
641 2258
1620 2350
197 295
2186 775
2213 878
1167 1550
229 1038
1598 1773
1964 847
1888 2286
565 2155
286 1922
1373 1547
1992 1296
885 1729
1442 334
863 2384
1114 1966
2229 1653
1298 326
431 475
2091 2177
177 595
1697 974
1394 1956
1440 1843
2357 1020
1781 1089
2414 773
1947 2024
188 2043
571 2454
789 1630
532 2462
1850 34
1211 47
1020 1233
811 76
1301 2155
1790 104
1708 974
1075 1061
2279 1729
1315 2211
1110 1284
1299 1220
2086 1041
1187 1881
2087 1680
2374 919
2355 677
650 1713
1868 1047
2188 271
557 1485
1806 354
1386 1983
1510 1524
790 380
800 1593
2202 290
598 1378
1317 1065
1461 2278
136 795
36 1611
522 1770
1256 1994
1820 1578
2150 2207
2315 1520
2031 714
1406 1645
2041 1109
511 685
2041 62
1664 2061
1965 2403
1562 478
2226 1168
2467 1459
199 1335
189 647
209 747
34 1389
784 160
1754 1415
553 1459
2191 140
328 1233
1971 1305
1551 453
315 476
87 60
1004 1452
981 1505
2040 1260
1702 972
1726 1329
1349 1379
775 1521
904 2160
1038 174
560 815
1449 913
2035 2205
2331 1035
772 176
1532 1850
1136 1621
2137 1435
1232 1100
2141 2079
2287 2133
1537 2086
568 2453
1642 1348
862 2405
2082 1391
571 1704
1938 1612
429 2294
2201 2251
979 2172
927 1524
1252 1809
357 1896
1633 1915
1814 529
1051 1001
1168 1586
1921 2089
1991 1330
2121 1854
2190 227
1014 2287
2277 2101
983 1661
733 732
1956 2396
306 1153
2000 1456
1876 1878
1297 481
2288 1859
872 783
1656 828
1699 1464
1360 1998
71 734
2025 2388
901 666
1706 541
961 2410
1339 784
1972 1185
81 1048
1360 1193
214 1927
357 286
1284 151
307 1862
1349 2468
1414 382
1735 208
905 1673
2092 711
1161 1141
230 1800
1520 2471
1608 1537
1799 610
985 2083
25 2041
389 746
1311 2253
1548 2425
519 1758
1153 620
380 1865
127 187
1469 331
1646 1950
670 2048
2080 606
1353 277
2232 1377
2125 204
1517 1287
149 1945
1596 119
2086 2198
1917 1608
771 127
2211 1560
1015 753
1741 2321
913 1644
2270 864
1758 689
1560 704
2289 325
596 1186
864 183
1290 2277
2057 2153
949 1947
744 266
638 779
311 2370
316 499
1441 874
2339 2024
387 379
2474 1394
289 746
1640 1878
1731 1996
1699 472
1866 1403
911 1705
683 2484
3 2496
60 2212
2340 1178
127 1744
722 1136
1344 2122
2455 2333
1744 1009
1274 831
1088 1607
147 1578
529 1091
1837 2112
610 1955
2436 1128
1732 1012
2440 725
244 706
1840 437
2139 733
137 1748
228 883
1267 1972
1719 1315
1015 2431
110 2288
43 837
2338 835
2171 658
2460 532
2033 2185
1761 1726
2309 1531
2436 323
954 1862
2420 2301
1630 2145
66 1171
1242 1511
399 1236
1777 1791
2318 2411
1258 179
671 648
1490 1505
268 1426
558 478
2321 615
1584 2271
2040 2322
2248 1268
1327 400
1152 813
649 2407
497 589
2106 1979
302 269
1797 177
298 1547
2378 1620
950 1244
2406 672
2254 1032
2176 1378
2175 1153
2379 2380
1155 13
339 393
1553 2045
1283 198
1125 26
1567 1125
496 498
2473 1641
1812 2161
1946 929
865 72
1271 1248
241 1147
1156 1712
2107 473
1695 1697
910 1427
2135 949
2064 2237
1477 1245
1017 735
2381 1126
851 1197
49 2495
1833 1523
1830 1777
1501 784
928 1151
2175 240
1151 442
940 1656
2406 2095
1585 145
74 229
1225 1559
1440 1605
1376 2078
2155 1816
267 1684
2297 2165
1796 1883
2222 1991
358 2216
1524 377
2487 195
1601 1270
2126 1357
1711 1034
107 890
1383 1168
1613 1630
2498 2252
418 415
1667 1048
433 1935
553 2000
1384 1928
90 549
570 1940
2441 1610
942 765
1262 1938
515 432
516 1596
2114 1629
324 837
1809 1289
809 2343
2440 109
1720 1446
1794 1395
820 2357
1336 1227
1551 1115
158 1191
1596 1531
1942 1387
1729 1279
602 2292
633 558
1080 1772
634 1951
37 1143
1618 1532
1112 677
967 2016
147 1688
855 499
2381 1181
397 1607
515 808
28 1215
1604 1526
153 2149
1593 1367
2281 950
1265 1013
498 1514
998 1837
750 2489
1858 2466
1636 138
1073 964
1513 970
1390 2068
418 1154
1608 2412
1923 1255
923 94
592 2438
187 2389
2161 494
578 1227
2184 1646
1244 270
537 408
662 817
1806 1205
2496 2177
1694 506
575 2097
1837 2477
1911 440
2277 1729
933 529
1579 906
728 2460
1089 2210
1782 2137
263 2397
1674 96
119 1305
2311 387
1251 407
232 953
1093 2450
1809 405
1051 992
1848 518
496 2352
601 1587
596 2411
319 1608
1055 2171
1158 1360
1225 367
1462 51
1216 547
1552 1930
611 1901
1084 364
2133 1912
934 605
278 1203
885 420
254 2014
714 723
1937 2158
1408 1777
869 1765
535 199
1729 2394
543 2009
986 1532
609 1316
1402 1181
1586 1527
2491 1633
691 1843
1148 1301
1208 1315
1005 498
955 2074
1667 553
2342 355
2429 2229
956 1602
72 1353
1997 320
178 2274
1236 1427
1896 948
867 1035
630 570
1765 1367
1051 334
901 804
1809 915
668 44
1232 2072
483 227
827 2023
1853 1372
184 2038
1274 1372
1047 2147
173 1125
1757 1785
1707 2193
2410 364
1155 633
1471 2330
992 346
1868 1737
1871 1254
926 1749
1860 341
989 2034
2004 1783
1851 521
2124 616
107 2060
1540 336
1910 1101
711 2174
272 1346
788 2165
72 1958
760 2332
2414 1250
1438 2166
518 476
2119 2500
415 203
2352 2442
2263 2141
1912 342
792 2297
2287 2205
1478 1807
2109 627
505 254
271 87
1874 989
1171 1246
528 93
791 961
803 2018
1607 766
786 1556
2107 1577
2382 1287
463 1546
1939 946
438 1489
388 1897
2236 2401
1568 1942
1791 1233
564 1076
1694 1300
2449 644
1271 379
1018 2185
1006 899
1723 954
1917 2
2192 1927
2359 872
1066 1852
1298 1192
1423 2355
745 454
77 1752
2360 2450
1730 2246
598 700
718 1785
2170 74
1392 1729
373 1750
2064 321
2180 1701
877 502
144 1634
1269 2009
1166 339
795 1860
758 1978
1475 801
346 987
457 939
474 354
594 944
2161 1664
1798 1612
177 2053
2462 609
168 2233
469 1178
2320 1428
1679 1139
2155 1068
455 233
119 2233
1043 403
100 5
688 2390
1144 1209
2223 2141
2312 907
2202 2432
1321 2454
1152 696
286 2467
1279 2457
955 1579
545 1186
1382 2326
2197 2475
404 1412
2398 2384
99 1486
813 1472
2382 1329
952 355
307 1371
2288 913
1500 1126
500 2180
851 946
2212 2086
2007 405
1783 1680
1298 1931
960 1118
320 263
1916 2209
1095 30
788 1536
533 263
1468 2463
468 1302
2011 1170
2353 2102
945 1375
2357 760
225 2483
1596 1601
1390 944
884 89
1807 1232
2121 2102
1549 1647
691 798
935 1424
2122 462
979 2433
437 1332
542 1735
1650 2466
1820 137
289 1060
1632 611
1828 2472
504 2382
1973 86
2117 1299
489 2030
1679 1302
480 749
178 1350
845 581
1700 1132
1318 276
23 1412
1597 859
409 2387
462 1230
1140 512
2001 2497
748 927
2214 1329
684 1171
639 1923
687 651
2361 36
883 68
1895 916
1389 290
1488 1989
1818 2389
644 1075
697 184
8 605
1541 805
1926 2336
1695 454
478 2476
402 1663
2430 1317
396 1131
1597 67
1106 998
872 831
385 1201
1766 1044
1831 1173
1445 1632
690 36
490 1668
2014 1523
1305 1063
515 678
848 595
371 1424
1161 1176
1766 1286
394 1677
337 914
218 1451
1441 183
1086 1941
901 1666
135 406
1507 658
1068 2008
470 1564
2404 122
60 1400
2235 2235
1708 540
515 933
2072 1719
2013 358
2123 2179
1030 561
154 1156
840 437
1916 1593
1257 725
2425 1470
1116 1917
510 158
878 584
2066 2476
1799 900
1507 2189
2254 1480
344 1293
2326 831
1302 1262
8 2283
385 772
402 2402
2069 2077
1021 1922
83 1639
2371 429
1290 2312
2477 1350
2429 1602
2436 329
918 2440
1312 1576
415 1065
1096 2446
1860 1795
1820 2433
519 75
502 431
815 891
195 1183
533 1178
712 1409
529 1702
1119 750
1553 978
2318 1720
421 1997
75 1360
2184 1905
2294 1511
225 1304
1221 774
1841 1916
227 1084
240 794
1059 1651
1943 880
706 72
621 1654
984 1477
621 1425
1385 360
593 1592
1255 2465
1836 1693
210 1561
806 774
1563 487
701 2185
1895 2165
687 2250
2241 1984
1534 2122
1372 1306
2351 166
124 982
1299 949
39 2335
917 1557
1345 772
331 1396
1963 821
273 408
1728 954
1205 913
869 964
220 518
1040 28
2241 950
220 1686
1961 2064
2301 2398
1723 206
2208 1941
1499 1481
1794 2072
1441 493
131 72
1395 1545
650 1576
1888 1828
1387 85
2484 132
2441 1482
1975 147
2000 1372
364 781
1967 1195
1811 160
313 2398
1411 455
2407 2140
1708 2139
1424 1562
316 373
2051 1431
1115 1746
146 2113
493 945
482 2476
105 540
413 656
1122 1641
1588 2343
374 435
1252 2101
268 682
393 2111
446 954
1628 1863
2030 1614
782 2071
1854 1159
1651 305
878 2304
2190 290
2028 1689
1056 361
713 1190
269 2196
141 2425
2021 1915
666 2017
232 1267
719 1614
773 1362
350 2427
1869 2167
253 279
2019 2111
2258 2164
473 1679
1421 2421
1333 93
1195 1849
1733 1232
1702 1882
189 873
1291 1530
720 2495
324 2266
1652 2475
673 168
1234 501
1646 711
405 390
1421 1495
808 743
518 1435
1421 2434
1597 1842
2399 1069
1773 1775
2199 1129
1363 628
398 242
1734 800
474 466
1559 1442
1257 848
987 1108
112 2342
2068 164
1399 2486
743 869
46 712
1551 1042
2297 603
299 2060
329 2168
1123 2443
1828 1737
2017 441
2473 455
911 1742
2480 845
2208 157
699 1068
1913 734
170 1249
44 615
214 501
1937 2030
1558 1445
488 777
2227 520
964 477
2311 635
1331 355
2337 809
938 1363
913 781
1706 417
656 1879
1130 2472
2258 112
2012 2042
654 907
771 1492
196 2015
101 694
1909 345
2275 1634
1497 1303
1435 425
2369 1232
1286 2288
1997 1131
1773 2406
2326 1572
266 1333
489 1082
744 1860
969 258
1795 71
895 2029
1056 900
1573 143
2417 239
1871 1005
1565 898
236 2450
1039 559
1443 2369
194 2224
560 1793
1728 1077
189 1062
748 797
340 1460
770 290
9 1626
1436 1319
2456 180
250 1459
299 8
1060 2092
191 2168
399 131
1610 2495
736 1702
696 583
2181 1035
1340 2082
1713 112
0 772
1390 398
1763 872
710 639
1190 458
703 599
2037 330
2092 2252
36 321
1672 1400
1929 1736
716 1477
1746 797
2181 230
1126 594
448 1433
2044 1164
1078 1048
1997 823
2024 926
1666 1218
616 2414
621 543
779 1654
1768 182
2492 2199
174 497
2035 1694
1501 1760
2251 43
1262 431
2124 1106
107 564
2027 1173
869 658
223 1678
226 1195
1735 2233
2146 1804
787 1262
277 1914
860 2006
522 964
1542 1774
2139 1764
17 1731
917 1493
60 2330
619 1799
1902 1299
1563 1833
1668 314
625 2489
849 167
558 449
1055 501
1430 149
526 682
1281 2241
117 1386
1356 614
1791 542
1958 1473
860 1201
1353 2302
1627 555
2404 1644
1351 391
2364 296
1412 2064
187 290
2275 2173
314 2051
1735 502
669 707
574 1867
2468 1292
2070 2414
119 1997
2111 2186
450 1279
1535 2255
2120 959
518 1679
1194 1962
2169 851
2425 548
464 1335
1214 335
326 1630
355 116
217 1579
2311 1321
1454 1929
2219 1732
1812 1085
2404 731
1374 859
482 197
2176 1483
2224 1968
1845 1154
2478 801
418 1875
1464 1691
478 428
2381 868
1 2489
1437 1036
2070 454
1786 695
1245 48
696 543
775 836
2325 680
778 2302
2438 2018
1564 996
2421 159
984 192
280 76
2237 981
1074 85
943 1588
2221 973
542 197
1744 1987
429 1717
1131 1006
2189 2108
315 154
444 2025
2288 2087
218 2436
323 1735
951 2472
1518 2290
908 560
89 2443
773 601
1420 2169
1069 1417
611 2259
188 850
1249 1469
865 311
1646 876
1174 1820
2413 1048
664 1489
529 1035
1788 1898
339 874
36 873
1204 1847
1952 2006
818 2077
1774 1182
2335 1515
1423 430
699 1567
1306 2245
1472 736
358 227
939 1441
483 1161
1704 1244
482 936
351 453
1297 1085
1673 618
1756 1555
357 877
2358 428
828 2448
2376 711
1304 2148
2021 2240
898 2140
516 1809
2149 439
1913 2414
1424 1203
1133 465
355 2157
1124 1436
1883 670
267 1226
565 654
2332 267
1191 1345
1996 318
896 939
2186 1610
1021 116
1315 105
1707 1383
1163 465
97 670
1478 742
1195 1356
2160 281
2313 1314
255 1000
1942 2310
121 1185
1483 978
612 1651
142 1473
2434 1725
935 1109
83 2061
397 1470
1687 1387
252 32
1702 2449
1595 1569
1407 2272
443 539
2399 805
2462 107
2084 1854
2063 748
1082 1815
2068 826
1641 1513
630 1654
2185 593
550 1136
562 2193
565 2198
2292 692
1297 1824
830 143
1876 1945
666 1203
342 96
321 1205
1759 2299
320 1734
854 1375
436 1801
1843 842
1558 1878
1964 2300
1086 82
580 210
683 860
1719 2240
1915 1132
2236 1941
1950 1584
1425 1204
525 1213
27 182
2480 1520
1466 2181
1922 209
2166 835
445 1863
1768 1728
4 2386
1460 565
1754 1537
2065 1133
1508 1481
2159 135
1760 2375
2312 902
952 1155
1953 1723
108 2456
1574 909
1114 2385
295 67
706 870
2442 1133
1148 1969
1788 343
124 1417
2451 2121
1851 813
2243 2357
1774 566
526 1289
266 1887
851 1759
2220 508
2287 2255
2077 459
678 1013
2292 384
781 2454
833 1826
351 1005
2474 1448
1766 1334
2203 1335
370 1139
1731 64
325 1662
2182 1168
1229 1250
1485 947
1212 788
40 567
1306 1884
593 1948
1442 432
310 1101
1287 558
1743 1363
483 1029
1782 537
2057 476
1395 249
980 1956
2219 1184
1465 722
948 2418
943 2074
712 2141
1008 742
221 103
1145 2437
2167 1933
760 2074
475 629
1506 2308
1617 1321
85 299
1847 1554
1172 2139
477 594
2044 1839
1007 1025
856 1795
1568 2260
2167 310
1762 2247
1355 1334
383 6
602 50
328 713
1936 1730
816 1470
2197 1249
1969 2028
2468 1483
1024 537
1479 1117
763 1701
1480 524
635 469
275 1883
271 2407
796 831
1262 72
1308 2174
1254 1120
1357 575
18 1668
9 2114
2162 221
515 673
1165 526
2247 36
984 1417
1753 696
244 560
1086 1815
1045 1777
2328 1048
596 1658
2337 50
671 2246
12 1378
1872 135
51 1346
954 1608
2420 2047
419 1449
1802 2119
1103 132
1089 2183
1591 889
751 1141
2450 1522
2293 1804
2437 536
1265 315
563 568
1678 898
1282 669
702 2080
705 2314
443 2314
1368 1611
2009 1119
1536 441
1427 1666
534 631
2174 957
1790 2243
384 1855
338 692
52 69
2235 1546
2250 2349
1709 978
1459 49
777 1678
825 406
1945 437
1174 1085
1164 1040
1530 868
1563 2442
1504 1081
752 1217
1862 560
191 1409
1526 345
855 177
478 2405
1293 1571
1517 1464
456 2242
1423 1802
426 121
1546 2101
1035 1168
100 365
1346 535
711 253
392 1476
89 206
1496 1462
993 353
1190 638
1006 817
562 1069
2399 1909
2032 2152
2090 1568
1844 115
1739 587
1283 307
1874 2209
753 263
1878 638
1546 2114
1556 587
234 1361
2032 2273
1768 1409
149 2485
1162 1306
2380 1909
1859 1419
1821 2332
2102 773
2470 1694
1052 20
592 264
1913 2271
1044 1593
2096 177
1017 2133
418 1316
898 492
1849 1468
913 1029
890 2065
1831 1828
1679 10
509 387
877 554
2419 951
729 1558
442 1501
2294 138
1151 1143
1588 915
844 1437
1126 2318
526 44
1856 1605
2317 1182
1267 1331
1019 2434
1167 1100
320 2167
865 1967
1120 530
2105 602
885 1158
1200 1
397 1340
1911 507
864 1220
1407 2142
412 1059
1456 48
1609 2276
1232 340
399 1534
821 476
2037 215
2243 320
723 584
2196 1147
372 1000
1182 2037
382 1193
2285 2387
1259 944
261 1842
1045 1658
1554 754
55 2087
527 2082
2060 2282
862 611
1437 290
270 2133
1049 1376
1484 1533
1248 768
687 206
809 1889
821 960
946 1369
108 1024
80 696
1545 1405
891 386
1106 311
1052 1014
2083 707
586 689
168 2098
1214 1951
503 2088
1220 719
483 2375
1646 827
488 275
1487 16
922 2193
406 879
469 1164
219 235
1229 623
1386 1775
2303 2120
85 127
1798 672
2111 2071
1985 1437
1432 672
169 2053
1420 618
28 653
666 644
1932 729
2290 2423
2011 1022
574 1055
1670 500
1415 1671
412 764
957 298
2015 619
1140 1853
1167 2215
2223 2490
1579 210
1448 922
302 1427
1845 2315
1798 2203
210 606
1970 1263
669 2123
228 660
746 2343
1219 577
2132 507
2047 1631
1475 1405
2459 1841
1452 1687
947 2225
1454 1467
1088 2349
1060 301
1509 127
2492 1321
1769 697
1079 2236
1681 584
1140 1169
944 62
1238 2000
119 622
2121 1041
1437 2331
