0 0 1000 1000
2875
291 441
985 629
150 996
992 259
731 75
858 179
355 53
46 795
127 454
284 29
747 168
158 707
406 692
639 751
76 637
705 696
175 387
654 879
487 473
732 569
208 420
487 738
600 944
811 453
936 750
339 723
723 377
732 834
530 965
287 978
771 911
860 202
53 402
868 880
477 55
219 434
555 240
186 28
928 336
387 18
496 828
278 111
617 709
846 303
440 518
207 316
871 67
22 679
716 193
852 728
296 510
648 812
993 587
816 954
475 512
908 134
582 458
483 107
64 532
685 62
630 126
787 747
484 975
79 926
910 854
594 468
902 441
837 195
964 910
32 850
736 637
386 295
785 944
587 56
752 767
336 294
752 129
568 308
42 607
907 640
32 68
731 680
724 555
920 350
107 327
992 226
628 587
140 275
595 410
123 680
153 968
624 882
173 946
848 447
403 505
426 983
656 542
542 291
537 850
159 230
629 933
858 905
815 943
964 514
690 274
343 841
134 847
897 869
140 661
728 157
844 863
8 362
644 423
314 368
300 470
955 959
92 441
398 776
548 455
843 260
29 650
213 996
434 61
61 453
617 820
327 752
546 122
957 739
52 404
456 228
716 304
607 626
746 821
378 425
983 239
389 440
857 279
97 411
119 170
759 796
348 667
389 705
27 581
179 337
216 633
645 630
14 498
69 205
420 957
269 230
229 14
495 313
359 389
925 949
444 496
333 516
274 201
427 443
822 564
900 892
780 567
647 303
118 856
169 4
230 774
87 316
43 538
508 229
874 57
223 96
481 620
779 85
386 648
440 619
940 942
21 672
775 200
238 261
179 700
1000 547
280 752
241 266
555 462
159 233
896 117
481 921
445 181
348 657
423 422
688 991
691 322
377 46
816 502
883 263
808 498
707 595
392 440
219 103
251 172
471 175
782 854
560 24
939 429
399 744
198 425
183 940
810 315
130 556
652 781
92 938
806 201
743 490
107 837
915 373
407 949
920 451
570 189
631 205
522 527
195 132
931 317
275 12
583 128
633 623
7 835
187 802
520 862
313 798
104 804
950 824
917 647
149 955
509 35
990 259
925 13
408 806
286 780
797 767
706 320
420 780
614 502
965 171
681 412
184 131
545 402
817 681
476 159
198 294
691 721
524 693
260 763
151 856
323 294
433 691
478 842
114 974
68 678
457 639
452 295
766 491
523 355
381 500
770 461
831 328
193 449
379 576
666 669
59 77
637 871
868 395
804 868
860 391
289 273
507 761
587 641
552 912
371 837
360 827
63 986
137 935
227 334
217 406
904 24
985 772
304 294
155 580
876 865
354 560
431 743
771 174
381 922
812 700
32 100
811 884
251 175
853 243
731 254
340 103
36 515
259 35
355 497
47 344
111 774
632 625
990 190
296 447
88 647
699 306
381 634
466 858
340 453
773 112
897 407
191 510
556 114
344 752
286 747
457 220
126 529
254 306
240 371
552 637
759 707
391 311
690 607
344 199
890 260
300 129
375 43
786 660
670 485
458 77
790 550
230 973
957 169
222 474
656 852
481 734
941 310
836 782
554 804
547 945
307 289
481 325
640 498
921 597
125 169
597 393
347 776
747 746
311 673
339 97
136 412
733 173
48 299
890 731
637 285
547 657
946 137
437 934
607 442
813 776
623 795
288 662
209 289
449 350
949 816
120 440
747 867
76 662
756 278
128 709
225 233
793 425
992 634
181 684
652 306
63 845
468 485
851 515
69 888
722 401
743 195
901 781
689 224
288 554
791 729
660 17
844 512
481 194
693 459
873 655
728 300
450 472
10 20
820 154
323 925
433 239
76 230
583 592
3 17
116 977
440 543
462 302
871 92
202 900
395 886
118 83
678 600
50 214
825 619
441 773
453 747
970 628
54 629
21 681
55 328
762 944
759 530
273 636
228 256
418 8
796 448
975 679
115 724
769 202
738 852
994 549
357 257
347 887
146 568
389 475
147 267
57 639
872 34
681 503
631 911
814 209
231 266
563 218
139 299
67 280
791 225
310 1
296 103
613 713
553 582
297 742
726 510
398 150
388 631
505 362
946 513
421 628
782 899
759 278
421 399
694 786
102 8
99 348
853 56
889 653
42 488
235 766
876 799
11 500
539 656
473 36
64 920
385 826
768 893
818 485
124 791
916 462
473 301
296 754
675 256
985 598
302 159
348 126
364 250
737 761
794 249
234 406
519 947
909 724
201 229
209 907
562 765
67 414
519 803
641 500
617 292
224 477
488 178
691 766
246 7
258 210
3 249
134 440
725 499
483 328
165 656
697 437
674 304
915 516
272 1
480 933
497 119
5 294
453 570
269 749
197 235
756 873
268 295
67 391
849 835
827 933
430 968
865 371
540 345
191 48
488 829
107 692
392 187
700 303
506 697
702 758
140 231
798 88
55 681
564 824
12 985
144 201
161 290
133 457
368 360
849 547
60 881
136 611
81 446
417 481
232 844
401 393
778 114
132 119
569 120
512 489
769 2
171 196
870 871
394 762
211 906
184 660
149 931
578 699
564 801
894 447
821 722
739 15
733 84
467 230
30 192
65 70
736 763
111 940
981 42
623 68
207 913
418 459
691 468
174 736
930 979
625 114
116 911
210 689
585 981
306 397
66 7
781 398
174 772
946 614
108 269
905 433
945 240
494 304
246 239
804 121
933 760
418 580
453 43
700 149
559 964
670 157
363 6
737 67
926 757
743 901
224 156
913 558
376 290
322 90
770 100
498 544
924 832
987 214
380 854
899 101
255 36
546 886
383 859
285 436
70 219
472 528
204 219
653 45
627 847
161 257
813 183
478 867
515 489
930 439
406 582
485 354
265 85
520 949
14 323
342 454
318 1000
193 474
508 486
746 803
153 109
7 958
203 375
632 372
220 693
198 525
850 451
45 432
473 464
191 257
889 299
108 488
468 651
817 539
451 73
724 985
907 612
949 429
910 358
73 795
932 934
517 692
735 97
331 681
340 92
595 202
49 968
793 74
41 210
847 948
554 466
794 713
596 957
834 340
290 276
607 706
877 338
956 976
275 498
376 401
236 12
843 690
634 696
122 139
96 941
133 5
506 101
87 563
301 672
750 727
247 701
189 165
595 853
550 473
413 59
925 499
433 562
613 758
843 546
984 405
29 707
850 850
419 892
899 68
246 183
307 13
543 964
213 6
835 318
780 382
29 334
537 246
517 417
387 716
432 867
797 471
947 904
688 564
466 451
909 383
760 669
323 551
364 174
154 450
652 89
197 820
823 465
368 150
237 484
759 709
724 602
278 256
824 689
977 114
83 17
890 491
790 287
822 356
76 157
591 343
712 978
817 277
113 161
946 162
422 13
159 277
960 591
93 740
343 214
355 188
671 982
504 805
498 645
286 762
517 515
845 460
407 643
218 856
468 510
666 903
788 600
162 732
491 642
916 111
449 725
137 230
888 278
783 750
306 825
734 894
466 814
403 120
742 489
964 273
581 392
653 411
696 867
362 204
631 20
580 283
285 249
239 807
152 659
875 874
902 599
189 806
912 118
525 612
842 468
211 336
956 835
213 611
51 612
252 602
191 443
743 956
535 927
919 773
655 992
558 7
876 582
195 104
370 859
994 574
408 68
468 873
407 597
420 716
971 410
239 375
275 972
195 863
127 808
27 870
696 62
113 910
832 660
567 1000
164 875
556 204
825 212
358 597
143 672
147 822
19 902
485 409
769 168
318 152
415 493
880 413
195 81
111 347
138 221
889 269
864 850
469 549
10 938
914 707
313 338
534 306
7 640
819 555
919 642
211 964
880 305
633 19
214 444
956 560
305 599
548 469
203 551
691 634
510 479
706 125
983 662
956 645
527 531
566 230
178 5
537 432
65 622
853 143
904 225
983 518
527 387
340 677
186 768
670 323
254 494
54 994
866 872
628 326
588 110
876 19
50 880
162 38
316 96
494 182
192 146
180 846
139 399
355 289
21 35
826 957
363 787
876 140
637 761
122 495
30 986
245 831
331 834
114 82
603 884
660 372
554 125
492 150
697 668
448 601
799 41
754 793
313 413
363 679
500 10
517 328
77 959
734 851
580 384
627 990
178 898
139 641
644 139
729 363
655 563
483 42
971 125
637 774
739 642
176 565
397 384
684 477
954 301
559 37
64 503
438 830
384 859
942 592
421 103
890 173
404 279
449 430
928 19
164 855
822 532
672 624
329 779
822 303
121 750
551 563
605 683
343 534
958 47
447 771
734 684
908 720
361 93
596 750
61 555
426 159
857 754
62 965
280 370
457 820
661 61
852 532
242 114
749 439
282 824
800 521
772 688
966 782
316 557
600 87
4 816
961 66
185 482
381 128
190 597
112 269
229 525
79 995
947 396
407 711
274 447
605 287
422 431
803 531
311 972
317 903
197 721
180 260
495 415
657 68
855 434
159 996
324 160
920 563
661 977
22 87
874 38
161 282
383 66
434 526
30 436
806 843
867 673
211 368
768 322
933 618
162 512
909 935
60 55
340 863
213 679
656 611
137 949
271 949
145 544
736 225
673 663
96 688
594 141
608 799
637 368
77 0
465 899
939 181
611 953
503 782
106 817
699 428
937 745
77 36
257 232
894 295
110 33
398 845
719 522
834 509
849 372
185 63
572 100
354 960
616 551
758 226
6 362
828 550
419 531
361 181
375 839
643 919
935 124
667 718
430 891
858 169
330 724
729 55
958 27
885 797
461 878
515 95
540 942
382 505
926 340
61 270
548 766
574 1
689 742
53 415
734 664
933 873
929 494
230 493
928 120
469 509
243 17
671 464
681 923
414 430
467 585
316 7
911 153
138 266
136 305
68 924
612 5
458 850
536 949
714 318
313 648
150 999
832 44
438 499
682 859
691 41
166 305
129 832
497 670
268 352
796 737
458 598
543 822
534 99
575 625
250 11
981 230
446 889
168 350
408 368
659 853
235 934
282 637
932 782
894 527
90 287
581 790
591 983
877 294
726 799
264 359
948 354
146 569
110 795
500 572
365 527
545 723
823 179
921 336
316 491
626 159
34 284
989 736
252 735
198 615
405 456
2 331
561 29
680 395
579 492
413 51
686 60
436 34
511 702
225 345
223 564
607 181
37 819
721 23
478 790
49 384
399 237
371 26
986 479
545 62
219 715
730 373
840 770
106 100
117 295
313 844
224 766
683 526
956 572
997 573
766 969
652 166
910 690
314 21
305 58
335 638
865 575
802 864
925 589
158 304
975 526
111 192
749 857
706 29
892 119
810 86
755 150
900 388
404 975
814 959
351 969
125 248
640 577
528 107
897 90
348 814
483 630
873 407
311 258
316 373
958 743
417 276
477 61
459 538
156 729
383 628
836 79
940 582
831 675
409 128
700 978
971 160
15 646
268 826
233 51
511 404
793 239
36 31
855 888
494 580
294 555
578 988
514 186
714 131
803 697
981 66
454 400
574 465
581 361
347 194
741 84
767 222
214 338
823 797
431 681
229 812
975 516
960 802
818 718
398 95
487 698
367 553
542 405
123 830
803 180
507 38
119 945
657 620
236 972
43 577
891 823
272 931
727 163
292 909
15 106
85 430
641 239
992 991
895 384
384 583
426 171
86 660
954 61
704 444
443 260
974 39
578 39
464 957
500 385
38 211
844 195
760 461
108 535
47 668
175 445
367 795
707 189
215 926
563 32
741 447
119 958
507 954
109 356
935 169
780 295
119 549
309 301
19 53
715 165
826 527
855 590
10 498
514 297
69 175
589 327
702 353
723 147
369 552
267 541
858 600
322 248
53 352
392 950
720 895
840 848
925 281
61 701
241 668
618 475
687 983
584 104
505 863
28 789
934 631
792 776
578 438
236 180
470 496
210 945
297 196
710 594
670 292
268 361
118 453
990 648
524 58
764 830
381 912
44 998
225 27
135 362
409 373
71 872
986 534
186 593
194 39
617 142
305 401
898 12
504 201
269 69
716 529
91 706
919 974
197 458
363 756
879 672
741 64
375 730
315 450
38 816
483 34
716 385
76 433
2 255
442 756
284 319
626 348
222 487
913 670
820 213
437 332
797 495
919 192
587 356
229 648
226 234
612 678
748 984
545 130
957 712
274 161
438 907
63 472
44 193
551 555
536 575
753 15
88 830
30 294
460 967
776 529
201 298
852 259
729 417
301 156
487 17
290 375
171 949
675 711
14 62
890 901
787 134
643 535
340 348
152 297
372 566
378 460
903 345
427 7
658 514
838 481
887 257
570 401
725 195
753 931
853 609
368 717
840 118
527 853
815 762
265 704
674 494
670 115
356 68
273 299
956 329
815 353
218 363
753 378
805 425
972 602
612 30
175 932
231 338
938 954
147 604
667 985
946 549
94 40
240 14
452 916
608 526
285 430
497 695
980 663
452 278
220 795
916 907
917 643
367 585
519 862
980 928
477 865
695 41
190 134
368 586
781 984
210 866
946 297
596 264
751 58
60 24
234 851
947 378
28 337
470 453
380 825
29 976
406 697
874 802
404 853
21 972
748 434
565 312
378 980
405 854
399 514
480 210
764 643
834 213
710 672
569 696
694 956
641 801
23 788
660 671
758 977
939 6
561 54
357 404
228 897
804 864
862 131
754 189
537 191
462 426
292 918
943 650
470 201
946 130
499 344
55 596
91 290
385 93
251 99
810 651
96 225
847 124
741 780
700 519
763 130
115 354
61 383
238 165
486 1
257 178
357 116
79 666
163 925
767 774
668 423
854 513
729 927
649 818
831 566
121 290
685 103
694 560
998 154
817 896
832 759
863 783
612 792
256 828
371 437
58 355
542 139
778 824
328 853
192 26
893 482
275 469
475 494
950 378
13 60
215 683
428 827
947 983
699 881
948 719
612 95
629 35
212 390
520 128
875 325
902 953
919 368
689 580
320 597
1 880
68 641
959 849
980 643
692 505
598 461
649 772
540 865
723 349
20 606
309 480
603 512
537 158
9 713
875 711
120 809
625 536
66 429
986 435
359 44
173 820
66 694
199 549
549 24
583 840
206 853
394 644
331 475
970 202
142 545
150 320
141 729
649 641
547 859
815 673
555 225
273 884
458 292
485 17
301 574
241 523
890 560
447 399
317 698
124 532
897 864
888 141
789 19
476 691
689 835
495 704
735 951
79 646
893 76
455 259
435 15
778 912
721 378
692 351
446 933
313 669
10 631
549 122
180 176
612 736
615 67
881 223
426 582
178 251
454 6
647 321
951 58
32 17
365 306
765 685
50 825
282 982
6 144
510 846
168 551
207 808
811 428
127 141
47 32
394 634
36 926
964 378
466 510
860 815
746 793
768 323
735 146
644 107
882 573
749 309
108 658
787 192
43 3
844 583
103 957
58 577
506 438
75 746
343 826
734 302
735 267
641 74
222 270
652 269
440 349
461 143
633 664
204 487
437 838
245 30
167 605
331 707
946 980
973 705
518 390
792 513
324 933
4 434
259 544
263 694
902 501
528 174
610 738
732 498
337 234
616 552
496 407
304 57
590 908
800 489
261 769
706 73
516 92
777 362
753 413
521 701
612 294
6 255
827 893
468 137
985 18
907 327
969 159
257 102
159 470
893 20
405 382
714 463
315 717
259 148
384 408
953 479
736 481
608 561
685 256
233 275
39 144
611 715
862 297
142 502
211 107
7 457
465 252
87 566
38 710
711 393
971 240
918 988
273 432
539 439
464 674
839 700
438 127
566 950
239 555
348 233
31 526
269 843
503 256
575 132
337 489
319 26
772 417
381 495
642 536
198 410
541 633
299 462
674 339
665 519
125 691
815 872
486 553
607 434
517 806
574 28
77 125
236 149
877 969
253 467
412 640
469 91
888 340
913 891
418 540
681 276
851 687
659 337
956 740
856 802
652 69
531 862
11 152
440 149
294 998
530 717
6 222
672 657
136 188
734 897
341 328
59 350
698 157
971 315
935 249
645 330
558 33
968 17
170 940
586 918
288 29
755 547
969 656
57 425
936 250
247 671
512 825
529 240
793 695
132 949
875 239
205 790
440 427
779 796
976 407
156 259
185 960
166 718
407 744
594 750
273 664
617 474
991 535
665 630
76 6
703 513
74 82
334 158
769 315
854 273
532 222
418 386
549 311
704 334
6 212
964 410
65 118
677 762
81 471
673 117
111 988
440 669
826 67
525 893
289 91
20 232
245 579
195 987
811 87
295 696
694 405
501 47
418 507
224 901
811 581
667 833
133 374
749 606
843 421
313 341
951 332
583 839
149 89
39 366
284 808
538 953
370 731
75 405
533 200
542 923
148 538
294 183
923 242
947 599
297 603
571 577
704 612
262 87
788 462
419 70
384 378
562 793
922 53
527 835
90 654
628 329
591 856
981 633
475 990
140 920
940 452
489 665
941 151
87 127
957 504
753 854
287 301
48 693
782 243
743 926
803 711
131 956
429 241
604 93
163 616
889 491
233 186
744 890
69 343
586 224
7 368
396 329
137 743
911 137
790 368
774 131
366 77
357 108
536 488
570 72
734 589
838 826
700 596
634 93
385 26
128 141
160 173
736 369
774 661
777 178
108 428
921 42
195 316
224 230
750 834
558 484
115 323
813 365
783 602
994 148
4 721
957 638
935 965
694 902
431 937
893 65
469 146
153 26
184 279
887 579
85 794
815 819
236 963
673 964
22 774
10 391
625 286
774 0
295 231
702 655
325 668
892 895
910 275
337 642
358 436
472 458
804 28
179 730
887 291
662 847
807 936
356 246
127 948
954 726
15 856
861 647
842 405
391 469
47 430
263 320
905 690
597 574
809 344
550 4
650 91
368 113
866 469
116 157
508 910
168 841
121 995
206 953
830 817
966 183
235 113
978 157
715 421
359 265
625 384
495 274
466 476
112 164
645 627
208 626
669 984
443 529
154 655
293 584
737 481
932 540
973 200
217 940
481 375
677 961
740 635
886 689
546 361
54 424
181 528
542 507
503 170
606 757
3 607
102 729
773 296
531 354
103 959
84 717
45 460
534 508
981 819
808 482
637 600
789 914
652 271
377 295
527 877
503 291
648 609
780 11
625 662
368 103
308 955
217 279
718 710
38 951
894 298
572 247
715 784
866 50
274 175
314 211
530 775
522 920
913 396
24 414
318 632
672 715
850 227
638 48
379 462
183 407
740 998
369 942
185 367
598 914
470 994
199 122
13 935
390 98
341 471
89 744
846 872
274 826
565 444
569 972
85 630
66 388
923 683
921 902
151 575
554 700
571 115
970 678
80 960
362 121
697 111
356 864
103 684
881 457
612 561
572 525
540 801
112 131
915 455
48 604
367 995
757 506
898 402
989 520
848 401
503 137
19 927
961 314
225 803
291 977
714 851
333 336
613 619
896 562
513 123
28 374
744 693
840 289
592 187
860 267
482 693
760 0
937 450
862 685
219 728
173 203
758 893
397 622
623 668
719 227
605 391
396 397
447 708
920 137
244 757
326 418
304 808
351 511
109 569
947 127
395 288
883 600
30 949
86 850
3 178
500 984
857 727
338 693
546 871
703 260
400 488
424 845
544 761
457 384
314 155
814 478
32 97
697 896
635 18
1 747
99 761
351 79
343 749
543 923
268 718
399 155
755 284
447 168
645 561
286 888
592 406
767 29
159 704
194 396
535 546
1 1
2 720
387 302
37 269
925 880
872 87
215 949
269 691
324 627
579 737
852 603
498 254
208 272
678 221
28 750
54 888
145 252
295 685
562 949
951 910
582 598
631 411
956 696
464 908
962 739
161 870
412 452
456 787
742 98
767 271
146 598
353 811
724 309
967 216
59 450
731 205
695 660
577 784
390 549
957 22
883 976
744 552
228 407
125 660
88 104
86 323
996 773
977 531
911 257
169 995
941 428
346 893
352 787
632 841
837 227
580 422
601 216
118 211
821 219
669 908
901 248
236 203
617 489
323 271
570 228
400 720
188 312
158 549
505 922
627 619
779 896
178 527
215 674
813 629
401 721
611 265
36 34
949 669
815 818
245 702
42 639
422 106
322 922
292 405
743 12
830 309
468 747
950 899
37 789
48 44
955 834
688 490
977 364
957 120
161 595
627 102
213 642
468 603
516 5
574 504
730 114
860 718
666 587
528 882
548 860
934 258
801 897
175 880
494 102
995 533
305 172
806 603
858 793
507 715
339 722
398 808
695 506
444 515
468 580
747 144
255 207
609 210
454 7
478 135
996 210
448 521
754 942
168 58
234 269
850 272
414 236
782 366
612 629
321 831
381 696
621 943
870 744
514 588
360 493
827 819
673 724
550 16
566 598
641 363
476 67
808 540
731 702
833 304
435 294
669 610
930 502
438 943
463 133
598 815
385 967
745 605
27 325
388 304
138 458
949 371
84 487
278 581
592 628
937 891
187 579
778 638
749 840
930 623
979 399
895 665
60 129
937 253
659 803
893 741
592 484
506 66
25 782
225 956
185 883
818 567
499 930
293 596
329 110
635 482
297 981
68 743
953 382
264 129
765 182
647 950
661 619
415 298
707 735
299 123
116 267
20 708
628 936
934 225
362 179
481 508
199 301
69 600
927 860
920 735
646 432
839 747
529 850
38 878
978 676
199 795
669 744
294 538
851 492
478 884
440 592
54 822
98 254
384 468
523 626
610 631
562 883
630 609
272 901
53 597
123 921
340 361
838 0
734 437
159 206
184 150
491 450
742 935
87 217
90 780
646 818
988 847
196 618
25 916
449 569
425 361
389 524
621 910
573 604
996 69
598 288
993 409
307 341
497 996
740 866
971 241
615 48
206 29
680 443
198 25
963 8
711 839
706 352
858 629
154 513
352 986
787 160
166 896
604 304
330 101
887 18
670 249
565 492
411 812
743 764
314 501
903 865
419 294
112 143
108 518
818 943
731 646
75 341
327 934
390 87
530 247
886 174
236 932
492 629
974 552
107 558
750 515
66 148
190 821
260 242
477 914
821 166
470 237
126 427
103 938
458 757
824 994
295 730
346 58
252 14
984 952
175 176
788 748
633 874
470 93
284 577
446 410
768 281
394 628
575 231
753 417
360 980
8 449
308 561
361 716
104 911
922 869
748 424
305 263
14 608
610 490
153 623
130 2
257 106
406 952
304 941
377 925
618 988
813 409
190 52
471 825
715 282
766 742
12 805
860 377
196 68
974 133
608 421
150 775
595 451
437 14
999 800
647 269
688 270
535 28
60 701
739 352
724 452
222 205
675 596
958 539
443 210
629 71
186 962
304 280
977 0
233 665
322 185
496 221
262 808
779 689
456 822
57 30
167 576
25 572
217 513
688 18
545 198
444 295
195 265
986 206
432 586
708 341
671 868
84 254
640 206
827 69
125 551
845 611
244 916
774 816
555 549
958 408
320 237
206 215
526 342
546 320
465 246
911 678
245 63
772 483
838 199
942 665
938 286
272 462
95 420
716 996
472 901
901 898
375 968
237 360
396 124
956 312
413 33
367 591
473 572
610 169
535 404
656 285
861 717
408 857
26 526
248 81
964 437
979 300
614 553
580 411
596 764
213 883
802 869
937 419
705 936
587 306
900 537
330 650
110 381
148 673
467 655
336 989
224 748
644 696
661 111
229 454
498 233
732 171
569 522
266 521
197 650
177 443
950 250
626 275
490 265
691 255
174 523
0 258
254 403
406 680
533 721
817 480
588 428
157 470
975 279
765 469
199 961
196 169
199 732
417 137
327 472
980 888
767 515
146 842
622 771
306 943
333 668
781 944
113 256
658 34
449 879
252 334
546 143
362 322
843 366
12 209
742 463
398 653
579 585
24 183
15 363
104 966
612 353
26 372
171 876
643 606
431 686
41 766
963 812
616 359
920 96
678 828
644 686
725 760
912 766
587 152
354 853
180 588
280 675
868 171
267 327
930 262
905 992
388 882
217 326
177 253
311 253
641 653
553 15
668 756
350 855
674 421
261 23
365 718
446 334
690 923
555 326
325 538
920 747
163 476
262 598
547 93
107 724
456 612
477 406
395 224
10 382
10 153
708 46
375 660
161 142
175 980
4 195
285 357
133 983
734 40
315 465
235 356
724 255
548 587
58 580
20 733
214 827
693 124
936 31
936 705
369 966
367 139
376 224
708 697
694 762
30 224
536 999
772 718
474 121
66 821
369 593
206 944
222 394
871 840
911 733
437 468
552 40
956 884
215 126
639 719
88 845
518 429
71 118
85 919
434 844
329 233
745 211
26 869
779 469
20 566
498 190
598 277
33 356
120 95
637 879
61 454
479 213
749 37
375 650
571 296
209 209
69 952
319 340
295 886
188 6
200 654
114 56
218 522
429 68
617 39
872 0
185 345
81 553
64 55
468 670
677 435
841 12
298 667
938 210
104 393
790 195
146 884
478 225
797 994
274 166
762 478
92 275
366 398
70 107
892 444
60 471
301 534
994 83
297 155
489 505
604 77
643 154
679 336
474 870
39 533
119 413
438 804
755 331
101 624
209 572
168 534
180 774
577 324
570 285
206 646
415 411
808 751
896 226
385 239
513 16
917 923
453 559
135 887
553 646
989 390
556 917
461 908
976 191
861 353
915 181
960 332
578 1
40 1000
91 328
817 957
318 456
973 567
31 951
170 966
763 577
236 911
996 699
467 435
666 644
514 138
418 579
977 277
459 202
471 405
481 598
810 545
507 507
261 186
339 285
201 846
286 130
823 75
365 917
602 372
127 896
921 497
326 59
167 35
718 583
885 660
420 889
439 759
816 480
634 440
965 280
536 17
98 200
327 288
795 393
469 866
237 480
652 350
758 102
560 761
720 713
507 340
204 339
333 978
206 528
500 746
655 769
198 524
323 933
72 268
694 431
227 587
424 872
79 200
614 444
306 62
934 305
342 430
40 208
101 38
259 661
857 201
291 693
756 155
198 7
436 702
969 793
337 845
31 244
842 572
502 912
195 761
966 638
778 816
486 150
417 545
655 108
173 593
403 381
621 460
298 444
871 77
790 152
836 119
860 742
131 187
84 112
746 985
