0 0 500 500
3000
445 499
172 75
130 115
96 122
275 353
435 305
47 80
206 482
273 392
70 329
411 362
120 415
355 318
211 453
393 201
292 298
215 423
282 104
342 155
193 404
146 180
300 238
294 78
426 234
110 406
445 247
247 3
458 186
330 266
196 37
88 95
500 448
292 419
123 461
298 313
218 204
352 284
379 158
451 412
33 424
283 190
44 433
275 186
18 115
486 369
318 413
357 484
304 249
350 216
275 451
214 355
260 322
475 247
335 236
156 350
346 102
137 108
81 356
33 136
322 10
374 200
83 402
176 450
209 398
309 485
1 332
176 221
68 93
126 363
442 191
456 238
133 259
44 410
319 349
258 110
392 110
255 221
176 77
403 119
54 51
11 89
393 191
199 60
218 73
420 28
291 143
101 391
210 69
202 214
464 71
25 289
407 354
443 48
467 405
268 159
285 477
343 455
229 433
243 102
384 227
175 233
241 407
329 291
207 185
99 94
447 283
5 50
105 174
144 245
270 470
56 132
176 463
157 184
29 35
411 100
230 25
409 256
257 42
129 122
345 500
240 218
17 326
441 208
43 427
158 36
15 365
161 190
125 124
375 119
254 9
246 5
105 295
63 149
292 121
472 88
384 204
358 66
85 316
177 399
219 136
50 215
365 190
142 298
121 95
340 133
270 483
419 197
426 93
472 438
493 3
377 200
234 8
454 11
199 50
494 47
499 162
61 345
138 40
444 375
410 233
476 35
372 472
386 141
471 365
168 327
337 105
92 454
487 309
252 326
189 386
446 48
358 164
332 26
492 15
474 375
27 64
37 374
261 2
243 442
251 74
108 254
80 335
54 283
162 374
377 33
496 399
495 25
84 311
358 285
463 487
351 17
359 137
119 39
75 378
479 202
149 147
81 12
408 178
167 201
245 300
125 55
50 61
35 161
450 31
496 376
400 439
151 372
53 215
428 92
85 18
42 322
317 261
161 422
238 117
362 412
358 33
162 387
95 68
121 206
348 248
80 168
441 296
292 353
357 333
376 203
315 336
362 268
374 242
219 368
71 241
91 448
82 479
123 251
5 295
241 14
113 94
440 452
133 72
361 79
252 401
39 28
201 472
121 363
275 421
338 32
154 360
65 431
493 500
55 237
477 375
247 444
167 335
64 322
199 138
31 145
398 347
117 334
82 227
277 57
92 277
319 319
355 13
177 464
193 63
299 81
269 318
399 168
0 459
62 254
340 378
48 90
443 211
12 433
407 288
183 171
234 482
309 396
148 213
214 387
374 376
319 440
238 372
250 426
82 204
310 211
365 147
485 100
7 210
464 306
175 23
180 367
440 177
385 241
29 234
437 437
355 484
301 284
23 419
366 413
84 435
90 329
451 457
336 241
193 341
260 102
372 429
257 362
444 188
25 321
386 363
79 212
430 406
216 446
62 388
311 189
183 269
372 56
377 134
348 336
214 256
0 4
110 284
217 118
245 100
264 113
81 257
153 362
479 303
156 287
347 4
159 33
343 379
263 270
292 68
42 122
370 216
294 486
435 196
73 109
476 5
232 282
432 456
223 462
101 436
148 288
454 331
275 100
434 273
346 389
405 475
51 355
138 131
379 157
109 333
399 135
405 66
288 155
346 425
42 279
392 132
470 51
86 205
38 165
317 483
160 499
121 428
349 435
47 213
86 470
168 94
59 224
199 347
139 67
86 61
38 250
447 40
128 323
358 111
160 355
215 62
251 250
331 93
396 488
248 95
295 27
387 439
165 326
279 348
440 265
251 106
485 44
142 199
470 293
99 237
7 419
47 226
431 72
487 498
480 459
299 447
476 80
496 58
284 404
130 346
464 371
437 417
182 127
356 163
94 14
307 158
118 371
463 146
176 498
256 341
390 12
477 80
132 391
443 24
306 427
130 238
210 81
466 7
29 155
22 30
99 479
409 147
254 273
482 280
362 480
499 40
229 216
128 133
301 241
341 277
272 443
40 20
30 235
264 322
249 459
317 185
397 65
134 329
34 391
460 499
412 422
266 139
402 408
314 295
108 47
316 225
71 394
166 137
454 46
270 374
333 250
291 433
332 434
248 471
115 207
289 472
424 288
257 31
94 4
319 122
380 367
42 488
306 152
137 231
420 174
305 44
230 279
21 285
349 379
370 173
374 323
401 426
25 255
415 95
3 416
427 298
350 460
217 196
55 426
134 427
221 495
472 77
227 389
21 141
328 212
394 386
466 262
29 410
88 496
259 198
289 220
96 91
47 49
48 14
299 270
192 144
137 208
184 140
129 353
202 337
314 249
281 72
73 43
341 123
50 325
452 219
464 459
432 161
201 494
405 409
367 382
192 301
218 402
478 478
474 99
211 134
426 59
297 323
390 136
203 130
148 343
468 321
399 370
137 221
427 23
109 388
218 29
432 138
483 449
202 350
60 495
271 41
359 5
122 61
153 165
442 39
74 21
178 487
99 194
119 172
59 158
18 120
398 261
216 370
106 498
465 171
358 45
483 76
296 70
300 220
30 359
18 205
236 464
233 50
383 483
133 457
100 280
389 154
482 116
23 176
51 158
177 234
222 385
122 218
293 445
315 204
86 381
335 182
252 413
30 71
170 231
468 419
407 323
11 94
380 455
167 82
371 486
355 398
247 227
180 137
199 150
206 9
91 208
270 439
499 33
9 255
242 377
361 477
322 77
434 318
38 318
51 400
266 325
145 444
125 57
432 357
30 48
274 445
267 406
167 468
209 56
342 91
184 408
193 111
192 232
311 332
485 76
308 443
111 423
326 348
461 127
3 481
387 327
252 282
130 293
21 386
355 411
159 356
139 112
440 189
358 156
269 78
55 118
437 40
407 277
493 466
190 428
345 73
314 494
376 326
242 475
27 321
442 271
362 162
209 298
239 320
375 101
158 332
250 186
8 164
352 462
199 369
66 105
493 358
61 435
184 97
490 432
103 172
35 117
478 49
133 460
60 210
4 166
368 183
152 64
72 184
244 147
270 285
391 166
235 327
389 242
407 290
274 26
191 257
410 444
202 415
69 151
272 367
488 220
50 403
219 95
21 376
49 29
469 386
74 351
120 318
255 134
173 244
145 411
415 6
420 121
79 57
493 191
142 113
469 242
429 26
486 151
257 99
409 313
169 215
214 366
348 217
414 428
415 127
233 7
21 353
244 16
195 389
241 356
417 173
254 295
184 496
200 95
30 172
499 242
500 207
444 455
372 58
208 444
5 493
87 154
6 458
172 112
198 250
124 450
193 55
257 485
255 412
314 461
349 159
299 338
307 13
9 356
222 463
406 55
449 362
349 424
22 29
200 481
290 109
153 220
154 185
182 18
487 245
294 79
400 97
170 309
266 17
317 328
82 196
362 479
114 148
186 402
186 173
2 352
79 47
303 429
68 297
337 342
156 1
465 82
1 127
282 226
8 23
167 425
202 117
207 232
153 112
228 26
27 265
325 453
82 317
212 167
73 497
21 307
25 457
154 342
427 500
31 500
150 228
330 424
195 379
436 176
407 378
36 471
186 150
75 170
95 148
500 462
353 263
278 498
278 269
440 2
399 150
41 442
292 24
137 1
417 284
418 20
481 448
268 75
17 350
77 364
125 112
271 86
344 70
340 445
92 380
199 326
220 120
67 27
374 178
251 373
36 219
343 227
363 205
55 52
146 207
166 185
499 474
360 279
112 214
158 410
3 307
69 252
131 47
290 220
136 162
148 136
11 247
37 385
482 161
373 254
465 337
432 160
418 262
479 92
389 464
415 107
272 144
76 232
498 370
83 128
457 189
226 442
232 107
271 364
43 320
28 48
433 362
214 58
197 414
170 397
31 202
356 407
69 85
41 252
120 167
254 396
320 341
137 76
356 34
293 94
406 120
229 195
36 29
369 318
275 311
374 24
279 52
257 442
280 17
244 323
405 277
325 168
231 124
54 199
166 260
339 331
360 125
292 256
471 487
405 133
267 199
73 68
310 160
298 6
94 356
107 475
174 385
494 97
320 210
346 348
113 491
108 147
166 417
193 254
166 8
78 124
112 37
492 29
278 69
316 361
456 484
15 104
315 216
276 145
395 96
301 318
197 489
71 121
150 414
82 130
48 137
65 455
52 107
338 92
222 289
236 44
216 215
369 79
41 134
107 308
166 394
147 115
128 102
333 242
119 282
193 231
433 329
488 36
76 320
19 460
39 438
195 48
32 170
331 317
109 390
459 94
36 140
121 364
297 181
343 148
421 247
253 254
309 155
30 325
89 411
325 279
338 69
278 167
468 444
355 158
241 136
141 198
474 258
78 258
245 435
405 244
110 210
405 15
396 424
315 350
134 275
123 0
462 369
320 56
82 264
8 464
410 358
19 473
456 474
369 177
326 481
263 16
6 274
332 295
442 283
193 365
421 80
240 68
440 93
211 270
426 195
466 231
278 180
364 183
120 497
416 230
316 292
340 500
92 435
396 172
187 407
133 207
221 320
165 10
104 0
471 202
28 270
118 163
452 188
299 95
491 445
270 68
490 71
93 255
193 342
429 61
192 234
97 225
303 101
437 330
350 33
120 245
96 37
470 98
227 191
447 231
125 180
269 453
478 218
135 373
445 270
471 179
497 317
442 381
160 137
419 397
271 419
177 226
458 245
329 360
437 42
268 84
388 37
485 464
68 175
159 479
487 424
300 189
192 476
257 376
343 416
124 112
244 28
15 205
391 47
92 425
333 222
238 219
90 55
302 383
296 160
354 430
59 104
158 226
243 413
370 374
47 358
60 477
26 335
416 112
106 444
208 83
19 296
173 354
45 205
351 397
203 233
318 220
150 227
439 101
24 496
184 485
388 135
49 440
318 485
498 415
110 190
465 238
222 331
55 74
483 143
160 127
141 34
365 416
9 489
198 239
472 399
10 188
378 206
204 90
358 148
445 116
103 416
134 111
435 102
292 468
434 372
39 22
217 374
178 37
410 423
2 485
366 273
159 60
256 221
497 55
214 224
182 308
155 440
483 385
19 430
214 489
301 494
165 484
162 70
192 358
456 22
159 181
125 268
425 300
390 193
127 228
363 325
462 218
419 485
359 62
15 401
405 178
121 419
141 397
260 348
242 71
321 364
179 131
332 373
286 77
345 163
371 301
110 409
217 243
385 199
363 446
370 76
145 403
167 162
215 318
61 260
47 96
94 28
4 400
20 228
224 403
326 271
174 57
90 323
111 117
104 78
56 1
337 200
93 477
174 322
73 90
327 6
69 385
425 398
424 204
187 377
382 436
323 121
283 85
329 52
367 164
18 10
243 357
135 186
310 38
451 163
340 326
198 471
373 243
136 416
389 453
304 0
176 80
141 122
466 407
71 143
491 500
270 352
315 274
13 467
132 418
74 68
24 476
58 209
257 189
103 396
257 454
299 42
189 399
37 122
446 61
179 471
457 70
259 500
285 372
58 330
277 139
189 26
169 197
7 135
152 373
374 157
471 126
428 393
334 386
299 428
400 331
478 250
101 263
271 186
422 355
234 155
99 110
273 375
9 302
386 23
109 389
446 74
486 110
188 453
143 36
295 250
377 203
346 481
470 22
393 184
491 490
101 384
349 406
436 374
172 444
153 202
254 254
414 243
244 469
380 250
251 365
292 366
157 321
286 57
54 345
209 368
385 444
309 46
146 19
216 492
399 119
311 235
296 372
54 201
257 35
109 402
201 485
283 29
333 146
144 359
5 164
191 291
91 353
350 464
8 355
69 185
418 110
483 90
345 385
368 109
295 384
36 44
187 442
422 345
165 274
454 148
186 217
38 90
412 151
239 488
242 5
154 121
495 185
20 41
328 157
110 114
222 255
227 370
54 70
248 164
448 338
480 407
56 488
452 488
321 154
433 66
284 123
201 354
328 458
55 34
152 461
191 160
264 293
136 373
229 272
199 429
106 201
159 213
124 255
299 107
115 286
365 52
490 312
451 241
141 344
113 362
302 32
100 163
339 408
206 144
225 194
460 326
197 95
369 287
350 45
319 466
496 248
286 289
392 456
404 281
385 2
249 407
498 208
422 335
402 91
305 424
469 1
399 351
466 112
366 174
332 32
485 211
82 86
15 96
1 161
375 259
34 195
470 2
173 124
212 381
374 114
39 273
159 226
110 333
460 74
88 431
268 361
113 195
88 22
192 259
172 15
4 59
213 53
298 11
102 185
416 232
54 145
485 368
111 41
317 375
102 450
24 122
38 57
48 250
228 446
458 234
20 417
458 5
69 44
6 253
246 351
212 358
125 61
296 437
106 456
442 262
457 125
273 453
165 362
480 374
11 75
117 471
292 94
306 257
439 378
460 172
372 59
446 8
28 249
423 104
283 130
155 210
45 338
132 306
226 499
310 83
235 318
12 426
335 405
436 79
31 259
65 172
404 392
39 34
295 485
117 219
104 100
348 460
468 4
393 239
445 429
118 34
129 458
390 313
135 352
132 463
422 302
91 431
151 296
424 491
109 336
431 121
92 283
495 142
0 20
273 178
394 59
404 369
278 293
142 369
189 35
382 350
126 424
139 443
175 137
191 261
55 220
329 231
139 479
208 170
287 463
381 241
273 299
16 265
272 191
264 479
299 208
142 490
228 413
15 40
316 117
235 43
385 247
481 184
433 144
338 172
124 212
171 144
398 186
485 191
370 353
291 60
22 164
1 141
442 229
11 271
453 387
265 187
117 209
432 184
196 173
93 489
215 186
265 452
308 5
163 32
472 113
352 456
330 29
165 221
367 176
342 3
248 484
169 340
304 156
370 101
416 68
146 64
399 164
296 417
371 182
277 138
122 264
436 311
227 317
85 233
97 436
118 1
43 236
62 106
343 205
74 98
327 260
487 249
36 462
131 205
485 325
203 310
355 215
39 387
321 451
240 377
25 160
328 81
83 430
82 285
140 146
325 457
461 52
98 149
64 7
406 36
202 386
74 57
158 316
443 40
172 214
489 156
299 175
350 257
285 11
243 94
88 257
362 231
129 29
295 406
430 222
163 107
336 178
208 258
343 74
396 229
48 40
232 386
253 180
420 177
43 190
332 64
68 134
485 14
290 67
85 452
374 326
105 287
91 123
83 119
393 461
346 120
183 471
204 265
490 393
336 335
491 358
129 500
409 405
165 453
340 305
13 325
90 279
419 189
345 240
82 275
376 264
410 140
160 194
146 296
37 389
146 67
389 468
371 5
134 178
347 471
44 284
489 146
280 152
426 206
235 409
102 145
465 197
414 497
100 221
146 188
421 127
79 247
332 198
202 497
278 227
42 216
344 172
381 319
111 86
352 112
425 282
229 307
10 3
80 327
361 117
198 90
89 412
458 315
109 247
451 276
162 173
382 405
323 90
368 278
387 111
56 91
325 136
183 232
444 7
188 167
348 119
334 221
140 90
191 172
292 224
385 37
162 294
456 475
179 463
45 383
376 74
355 51
71 112
197 251
324 292
262 88
48 128
381 188
306 423
56 477
420 36
124 123
153 37
360 250
331 452
441 95
80 461
356 365
281 222
475 173
319 334
345 243
317 410
338 204
268 288
322 116
23 457
58 335
399 219
176 327
277 193
451 495
12 304
146 155
112 391
420 278
292 358
273 79
190 81
106 347
253 137
42 448
230 419
102 462
436 487
303 223
274 425
249 23
447 353
442 9
105 15
88 420
162 369
435 378
73 291
327 436
462 252
347 451
41 79
293 294
453 432
325 283
109 250
403 431
140 466
214 415
18 211
361 205
205 303
145 172
264 272
212 82
257 233
274 173
214 271
20 177
12 173
126 158
419 411
4 169
236 146
341 348
148 182
146 109
204 379
90 357
150 408
453 180
311 325
297 427
83 89
490 327
248 385
135 99
369 37
140 214
240 301
4 61
205 51
305 138
107 302
437 177
481 363
394 215
221 180
90 105
285 164
161 394
183 153
368 464
11 306
489 116
474 216
182 453
143 116
33 330
401 497
381 253
73 137
186 343
333 213
328 18
189 348
271 158
69 23
85 376
46 305
206 28
379 185
209 448
134 125
132 344
491 17
387 454
144 318
244 405
83 308
104 102
406 58
250 156
302 495
140 433
296 43
59 216
285 442
125 161
54 137
169 87
141 25
43 356
204 310
110 37
342 280
44 208
259 282
38 134
311 63
168 243
469 91
345 321
50 373
182 443
486 180
55 222
487 490
488 226
36 474
101 454
129 293
147 341
114 393
162 61
307 150
32 360
346 407
393 339
372 316
150 352
290 246
492 317
54 91
322 171
462 65
118 255
371 292
209 150
207 369
253 336
347 349
119 76
417 444
143 204
323 400
155 444
297 119
394 51
399 395
96 394
382 342
60 291
235 143
165 344
106 258
356 24
212 425
487 215
285 409
237 369
15 405
498 373
439 95
327 491
293 349
383 279
296 131
4 368
347 362
199 198
336 203
387 434
320 344
359 43
170 27
289 356
376 132
193 159
10 303
91 377
479 373
250 401
438 192
451 311
429 372
6 189
185 420
141 5
167 143
165 33
364 242
285 98
245 62
62 206
133 266
24 359
401 166
460 252
177 272
394 41
144 95
238 59
324 62
194 361
224 240
377 482
474 6
108 65
416 181
342 381
323 102
173 14
458 183
1 87
47 54
112 40
28 306
127 428
50 65
248 309
20 451
248 80
51 438
496 151
124 279
304 246
176 326
376 351
175 361
442 296
341 393
487 447
375 126
204 424
250 391
291 392
236 456
325 305
43 61
243 86
155 388
201 355
196 11
349 253
340 284
206 204
131 439
238 422
299 252
295 398
290 432
444 261
465 55
363 273
437 222
152 498
420 169
386 27
249 287
174 113
482 0
244 208
351 420
271 311
264 186
211 260
157 60
22 244
291 140
263 307
150 21
363 165
279 431
482 265
57 467
420 290
137 347
237 434
397 423
78 32
339 36
76 71
262 198
107 324
178 384
86 121
251 225
331 297
231 130
238 26
215 122
268 277
380 375
98 360
39 45
238 291
296 232
253 499
333 379
315 65
83 353
343 429
16 34
358 63
484 59
448 365
440 361
258 470
338 350
130 321
82 244
171 93
258 61
382 276
20 189
166 243
137 445
151 114
292 239
109 383
336 425
332 46
486 104
220 479
201 237
27 313
8 71
335 200
441 218
499 159
386 102
376 354
223 224
436 368
442 299
146 386
312 418
353 190
75 362
129 482
453 48
479 186
423 285
350 301
223 260
14 495
134 268
337 102
100 275
80 31
320 278
46 75
430 446
155 476
443 385
270 48
255 185
448 463
39 444
125 484
428 485
461 253
327 173
361 86
332 288
259 304
400 14
295 486
275 428
67 399
0 309
395 164
63 365
272 130
312 166
359 98
14 472
150 253
464 300
362 23
481 123
65 65
23 148
466 80
138 135
397 246
420 113
369 147
220 433
86 353
469 5
341 85
247 78
91 59
417 80
389 18
3 211
237 149
356 478
229 145
462 496
369 268
376 164
369 39
340 470
476 22
368 80
449 413
227 449
19 420
321 233
287 91
78 97
291 241
312 35
43 139
432 329
459 54
150 122
450 234
312 300
98 340
65 163
83 68
47 374
93 490
95 42
195 129
180 266
192 240
112 131
22 466
16 243
10 83
15 198
268 378
370 246
297 33
199 364
309 7
305 382
90 457
371 327
217 269
256 489
237 247
430 413
284 179
413 64
278 19
437 421
364 22
349 308
1 119
107 137
494 168
52 201
78 110
339 114
269 315
296 418
430 269
142 131
128 196
52 57
9 361
478 165
350 245
498 143
135 91
454 482
415 145
24 489
179 134
89 469
223 60
128 88
195 227
360 65
243 383
391 318
262 433
154 491
190 148
165 500
292 461
164 275
380 165
138 223
379 200
88 402
411 152
21 83
136 33
309 141
359 487
494 266
111 385
388 105
118 244
432 440
175 406
398 69
444 414
88 258
376 167
455 460
247 431
497 48
496 232
465 244
383 291
40 446
260 220
126 369
138 380
218 223
325 206
264 339
142 350
475 410
8 270
0 266
18 314
100 353
427 482
280 320
4 236
24 214
391 416
406 279
123 107
356 458
117 33
294 483
429 299
235 168
214 374
470 71
198 366
348 45
57 247
110 402
55 466
486 15
343 232
449 213
193 436
446 244
364 25
289 260
80 266
146 477
147 176
133 278
309 95
279 332
261 18
91 281
346 13
304 245
223 171
289 116
160 231
396 99
494 256
315 25
233 221
484 477
108 306
391 20
228 371
0 135
17 453
282 378
296 133
375 426
335 353
186 410
447 302
205 360
64 384
42 482
38 103
344 438
420 168
17 309
290 467
149 199
215 144
408 459
211 439
387 256
378 287
273 5
115 322
376 363
227 383
130 487
400 82
397 422
311 153
490 384
196 23
300 489
386 183
212 296
103 389
124 183
378 179
244 99
270 237
479 231
264 306
102 244
161 330
196 288
142 317
13 352
363 56
387 413
41 5
455 139
120 414
381 189
302 45
264 198
284 113
304 91
437 126
233 476
253 305
294 306
389 315
221 93
477 162
78 273
204 269
135 169
235 256
307 361
234 148
90 283
163 353
303 247
324 41
356 402
290 48
31 462
322 117
197 494
317 447
387 17
423 428
325 42
136 255
471 96
410 229
456 345
299 398
210 320
403 226
261 142
130 333
404 307
151 90
357 195
343 297
263 188
188 423
465 57
147 385
301 480
420 400
447 125
192 164
108 430
95 460
376 330
360 385
74 28
19 92
274 53
130 454
460 100
109 251
143 127
202 213
288 253
363 167
242 106
67 25
345 378
245 440
399 498
357 352
65 64
433 82
405 249
376 222
333 260
473 383
405 285
149 179
210 9
39 456
232 213
43 426
85 14
381 421
129 206
326 342
165 159
394 360
98 218
331 191
271 326
297 464
409 376
87 96
239 193
493 375
400 147
398 366
85 135
271 411
311 218
231 109
461 422
21 7
403 72
414 347
301 290
294 165
255 439
457 308
490 305
25 242
152 346
274 43
483 37
394 108
406 82
248 399
350 38
11 343
360 460
326 355
286 282
287 247
400 304
213 69
251 181
136 343
369 316
472 149
391 75
382 255
90 492
270 459
347 154
310 495
70 105
342 304
474 374
32 407
198 290
379 222
362 398
472 41
80 154
57 436
368 69
144 175
171 49
140 470
87 315
59 482
421 340
327 296
45 318
220 170
2 356
189 182
293 419
141 291
307 174
354 26
164 274
424 350
106 449
296 201
271 28
122 48
140 182
352 361
57 413
136 477
47 399
244 10
74 93
333 204
24 272
250 206
117 91
457 239
384 26
214 23
113 57
321 235
8 449
363 497
120 361
249 246
403 304
288 174
19 278
118 400
266 155
57 161
102 312
277 164
234 468
283 244
148 199
481 488
334 326
87 40
267 236
133 156
330 441
285 24
311 162
476 495
14 55
389 118
463 67
246 298
38 269
91 195
68 291
223 85
274 396
475 386
216 46
275 132
495 364
132 312
134 93
88 126
258 308
203 372
280 67
399 167
156 260
1 386
156 31
227 320
249 79
66 223
170 460
171 425
207 82
440 55
56 438
45 20
115 344
241 340
108 76
106 295
187 369
118 269
457 229
249 200
255 131
429 167
476 99
341 54
43 360
334 15
306 96
263 400
40 471
220 438
221 403
29 53
25 199
93 217
53 181
352 328
456 40
166 58
77 358
43 216
410 418
492 79
392 141
438 108
170 28
340 210
282 89
335 15
178 297
313 113
34 289
279 465
434 488
459 432
291 210
289 249
47 78
155 26
43 373
161 365
316 388
418 256
457 98
268 311
388 264
105 470
332 332
230 321
493 57
161 345
242 295
174 160
144 397
50 390
460 374
364 400
479 387
406 137
43 85
235 435
150 68
475 124
179 211
414 114
419 192
453 105
410 143
362 103
327 374
146 299
483 213
225 363
373 261
206 84
288 419
274 484
40 317
348 433
235 147
241 78
347 474
24 458
19 114
133 136
186 291
404 450
101 412
101 183
281 379
335 499
334 391
32 318
47 477
68 271
409 421
461 431
361 493
461 202
19 6
151 125
182 378
183 343
490 494
329 168
31 474
166 290
113 135
152 355
272 308
118 213
341 142
304 260
469 327
389 75
475 78
166 146
394 153
339 217
225 232
43 75
377 100
136 123
215 38
278 472
166 2
224 123
304 381
133 499
427 451
489 283
85 193
357 472
332 70
459 111
50 92
362 178
207 304
259 351
50 357
399 245
347 55
362 443
358 64
79 420
121 8
145 365
360 253
131 430
286 75
332 420
372 264
473 130
183 477
280 1
499 39
235 487
215 280
416 270
470 161
214 55
17 301
272 262
347 176
157 195
21 271
195 307
395 332
47 143
260 287
26 120
315 223
460 498
18 116
171 215
445 189
161 430
431 25
496 420
31 320
313 155
143 381
269 228
268 412
141 457
108 131
360 495
210 407
111 56
137 194
304 371
61 464
56 120
25 398
354 457
91 492
420 402
206 64
84 453
117 401
378 256
303 491
252 180
359 14
283 433
464 216
388 306
114 66
452 470
299 377
204 405
164 332
466 225
203 31
318 18
21 140
496 433
276 21
53 92
84 345
459 222
320 27
456 216
71 491
349 90
200 147
156 449
486 324
353 60
3 127
491 439
229 290
19 480
369 184
376 80
400 437
360 364
144 331
325 263
264 167
297 201
257 128
234 261
299 390
372 460
49 444
319 39
406 107
432 245
338 89
403 447
94 366
214 431
476 288
119 279
145 417
233 301
258 474
413 268
373 195
51 144
131 24
449 270
195 274
81 23
37 362
317 416
197 234
304 446
464 435
264 144
271 40
349 368
490 78
73 284
473 254
272 350
394 110
421 329
166 368
313 387
367 129
239 172
252 291
16 280
457 431
129 486
498 432
108 363
149 135
484 125
455 98
203 371
465 291
250 74
323 207
194 322
11 466
346 456
180 244
188 19
468 153
39 39
104 105
62 288
177 89
281 326
15 176
147 66
22 480
259 164
115 379
169 499
160 301
114 154
146 223
139 98
137 174
438 251
255 166
425 52
324 265
479 288
316 410
357 33
188 490
473 244
474 209
286 9
352 183
144 154
318 227
371 53
430 139
422 284
147 79
265 71
289 428
258 32
102 193
101 228
152 279
393 113
17 91
169 368
410 165
257 72
202 136
0 38
219 454
326 288
351 381
500 95
178 44
277 166
249 104
140 426
235 169
360 429
319 19
439 350
358 276
74 337
337 73
468 493
148 57
174 195
273 317
433 306
145 397
141 18
395 14
121 40
311 429
303 425
363 476
36 81
350 128
403 283
450 215
287 337
79 308
138 394
414 149
137 20
108 222
48 320
155 303
74 229
448 290
58 370
253 51
219 58
241 342
300 428
276 220
435 207
227 178
298 467
144 0
162 463
429 398
369 118
239 417
181 67
224 374
75 431
434 104
249 467
371 164
268 480
396 486
261 441
113 314
262 28
403 116
328 351
349 145
20 6
466 172
378 59
95 265
114 278
489 341
307 35
332 357
204 437
473 67
458 353
88 262
303 150
120 294
215 37
