0 0 1000 1000
12500
711 618
694 974
571 86
292 671
736 153
894 776
765 854
691 676
677 778
484 612
176 496
181 574
83 39
406 921
726 145
523 274
15 807
348 687
119 864
585 142
996 908
989 720
356 53
980 900
223 692
130 501
942 379
694 277
374 861
377 341
938 674
621 967
690 572
198 635
555 384
679 679
154 40
159 384
384 502
692 389
348 579
678 454
475 391
366 633
925 331
870 395
644 577
759 564
532 107
542 795
616 744
979 567
798 263
757 225
481 290
436 813
558 510
637 803
442 335
378 579
942 392
568 151
642 100
876 38
93 824
93 595
354 636
724 169
646 744
949 516
995 632
654 339
986 849
907 290
375 695
595 927
874 113
304 226
70 813
925 573
956 677
350 867
207 293
205 220
284 284
499 172
528 873
354 757
533 988
822 862
789 685
214 188
687 637
475 983
492 169
516 526
34 523
483 349
856 860
414 515
708 467
611 763
831 803
158 0
889 219
531 511
421 639
324 706
778 122
286 185
379 413
750 814
571 583
896 114
137 62
505 229
680 755
446 588
570 883
721 527
702 285
922 517
476 467
266 886
159 760
990 688
267 293
781 514
203 537
533 183
982 46
543 642
385 19
221 591
562 884
940 278
188 414
823 925
50 709
644 953
224 596
829 181
321 943
259 65
321 714
746 183
281 83
57 604
864 175
585 989
365 491
263 709
51 35
956 932
702 527
583 835
784 825
975 127
639 178
365 841
611 79
645 895
240 846
964 877
549 140
810 181
782 82
355 540
718 363
811 554
859 73
217 835
982 638
612 610
997 946
780 423
133 841
37 904
558 81
174 384
246 489
284 781
967 20
590 33
213 83
171 315
820 495
715 967
787 318
336 153
19 446
198 448
812 82
285 336
899 495
950 955
67 379
783 320
34 202
894 831
317 261
828 965
129 210
24 682
784 141
340 918
238 382
959 667
995 324
35 282
558 323
613 259
814 20
105 792
977 721
96 972
306 516
516 97
273 339
906 23
983 206
448 865
608 854
465 280
822 554
522 262
959 788
785 901
367 913
838 498
516 447
741 565
340 221
584 847
854 442
262 567
845 393
509 444
514 559
863 447
25 102
417 855
71 218
978 922
389 793
774 863
347 567
483 162
383 978
138 393
279 103
181 763
430 272
643 565
459 744
913 160
393 390
167 47
508 111
609 917
332 114
645 345
889 971
405 629
97 476
587 340
661 289
685 683
205 46
432 237
41 581
707 176
65 709
206 648
911 437
863 689
696 283
692 807
62 640
217 285
828 173
2 360
576 861
411 299
700 173
433 812
378 876
56 825
940 91
625 753
974 641
960 743
533 935
935 915
882 823
899 992
663 227
709 343
381 248
23 540
680 810
367 350
229 645
773 220
467 702
26 959
180 874
488 761
785 459
725 179
501 700
799 128
857 69
974 654
430 527
72 28
454 884
762 1000
567 7
94 312
401 469
814 638
593 410
328 893
557 487
505 297
417 184
248 900
917 241
3 315
311 431
495 777
625 69
859 7
728 719
236 782
179 248
662 136
684 649
954 244
290 264
931 526
893 5
623 144
12 256
96 893
526 477
242 718
830 888
300 659
537 77
456 152
877 411
528 257
552 385
328 906
579 488
904 773
298 734
243 798
110 683
416 955
289 914
889 421
507 90
407 906
842 80
374 729
79 552
5 337
657 34
266 378
307 675
907 145
893 247
444 155
922 948
989 480
89 452
125 146
806 773
455 21
240 96
553 327
787 265
895 27
286 737
520 675
2 978
437 381
103 801
299 447
373 396
156 627
813 668
491 388
749 912
860 191
865 306
214 982
811 972
971 961
28 334
854 147
726 376
850 671
831 429
426 380
505 673
417 789
469 979
307 917
252 227
35 229
642 907
21 331
482 689
950 794
843 668
925 212
918 24
443 963
80 645
553 340
754 330
0 393
781 958
271 856
811 46
995 392
119 987
664 787
12 632
411 341
356 176
717 155
409 39
226 332
484 856
624 112
682 282
357 522
632 461
636 580
634 507
890 204
928 459
938 918
704 751
286 992
339 64
456 649
330 510
542 689
572 43
835 911
753 872
393 566
324 695
709 277
697 977
315 646
172 826
497 394
639 743
380 223
368 923
745 644
905 862
187 582
187 353
462 521
434 459
257 826
577 767
346 346
24 66
213 985
650 757
180 579
395 238
918 279
78 531
460 633
92 466
477 11
515 303
86 126
248 713
867 462
457 298
765 414
930 518
214 311
723 454
742 467
962 699
296 875
921 698
857 942
239 75
53 888
958 994
748 218
189 254
39 724
505 231
560 167
245 829
969 631
745 886
41 770
349 657
490 367
266 888
627 867
352 662
849 714
508 650
644 16
984 121
15 488
507 950
796 824
431 137
534 824
23 837
890 688
202 85
670 419
284 649
289 727
209 475
410 199
437 73
387 481
29 773
561 139
450 537
469 550
476 940
966 309
602 527
960 6
179 195
222 794
934 771
552 669
643 70
268 681
216 491
706 355
422 596
928 956
303 904
705 884
429 720
602 648
817 78
882 436
467 194
923 999
246 491
934 74
438 432
405 255
312 27
429 612
867 20
621 553
60 220
582 790
269 330
439 24
948 130
543 81
273 220
433 209
345 325
589 951
345 96
983 87
735 22
336 276
107 453
850 726
60 341
596 846
874 36
571 264
765 803
400 153
909 259
97 115
513 30
14 346
602 782
868 901
113 96
753 685
505 849
288 851
799 801
930 89
613 153
348 636
967 385
134 384
58 803
144 577
880 911
78 223
152 172
859 559
341 862
624 396
858 334
362 921
725 744
319 56
539 325
392 275
576 621
190 814
510 38
644 755
293 3
984 860
146 515
641 457
522 277
486 583
613 624
816 229
931 970
623 817
282 524
191 931
628 932
216 170
947 914
885 36
983 571
568 100
946 460
545 116
691 170
285 714
756 565
168 129
899 873
322 44
711 822
136 591
244 124
827 216
925 751
596 283
658 932
601 398
155 52
946 810
540 122
146 757
774 60
930 573
355 113
570 1
828 525
29 586
213 932
20 537
629 352
446 874
785 340
162 886
771 176
623 12
716 240
31 137
513 406
955 751
936 509
151 956
209 409
415 248
585 925
828 417
368 173
179 8
805 699
698 573
426 114
271 240
973 512
725 181
637 68
191 476
432 602
215 833
726 820
912 7
335 898
209 301
451 63
611 15
208 830
497 704
354 130
483 769
838 179
611 954
349 954
824 15
884 66
344 610
872 995
407 895
522 882
677 527
176 245
682 605
847 938
649 428
630 186
0 19
602 353
263 658
385 89
496 600
105 715
160 910
242 949
60 972
130 479
715 903
410 267
126 508
864 474
580 715
184 715
883 487
487 487
411 906
979 424
409 833
385 210
813 657
832 670
133 898
472 364
362 492
207 618
587 839
967 77
485 828
677 998
75 435
374 731
448 680
508 960
69 95
888 952
960 74
657 36
51 455
161 852
63 317
684 664
343 371
733 260
344 973
256 860
631 20
540 390
424 444
78 36
85 978
99 95
159 146
340 975
706 544
343 492
692 609
434 85
893 370
819 192
222 165
573 917
633 968
256 981
772 80
562 270
639 490
140 806
88 616
331 108
284 262
924 622
607 686
622 28
178 280
467 154
431 460
150 447
408 971
664 668
521 619
805 149
903 684
311 809
956 547
190 748
942 383
419 342
102 406
826 208
299 920
891 566
734 848
13 334
300 98
646 506
458 684
978 979
816 163
640 166
134 331
693 29
892 912
138 450
387 925
36 173
280 799
170 927
412 460
539 501
291 399
582 871
497 275
777 558
181 941
64 127
499 55
531 273
187 463
665 761
214 71
792 48
324 697
847 509
277 356
442 689
356 649
590 587
194 587
903 818
483 232
264 831
205 224
17 173
313 989
688 112
748 917
266 877
550 407
159 751
751 397
402 243
932 701
976 744
186 359
7 882
970 175
172 720
180 810
170 122
10 133
390 125
560 48
92 697
362 63
840 856
749 472
785 166
322 930
105 407
320 66
130 171
204 120
806 454
352 772
159 643
654 356
387 241
850 2
681 459
277 598
552 308
636 945
180 702
82 130
340 654
474 654
596 351
551 874
130 292
715 945
734 995
553 129
801 2
727 53
369 79
136 780
497 759
538 531
101 264
21 12
102 903
981 54
609 182
853 542
493 236
228 719
481 899
319 837
696 595
369 200
775 888
778 368
962 714
456 88
487 192
836 80
610 757
414 882
758 655
20 726
637 365
293 555
922 763
628 316
8 608
839 765
383 485
718 475
176 192
84 603
772 711
331 968
95 203
876 768
296 193
857 260
213 195
672 709
617 19
584 596
911 762
534 21
787 201
649 725
126 684
607 499
335 40
803 145
252 271
161 678
59 667
64 974
241 378
733 86
860 127
485 775
199 381
746 550
634 80
842 258
167 843
556 426
845 263
406 859
55 107
982 763
596 956
577 448
526 897
600 846
860 19
125 324
130 668
787 672
634 201
759 610
253 738
308 445
745 446
786 972
899 620
847 430
403 682
976 86
236 276
865 255
823 258
102 461
790 44
993 669
485 199
506 810
523 225
643 556
560 787
541 508
835 726
150 394
642 856
543 325
207 110
568 89
470 749
532 395
181 875
795 805
344 115
877 844
8 166
569 462
385 641
519 870
233 513
598 934
971 213
30 184
582 926
169 528
131 236
174 872
520 48
439 389
982 79
125 687
372 564
88 805
427 234
831 849
812 570
745 580
151 824
968 854
761 524
957 170
755 975
712 110
973 151
689 392
732 991
151 945
187 410
424 57
164 655
310 480
728 239
590 763
287 762
58 939
478 64
259 929
925 524
28 996
152 308
769 213
898 98
917 111
41 706
3 185
873 41
990 626
200 470
687 817
341 180
62 765
98 193
681 285
543 580
226 873
505 59
787 940
102 837
64 316
480 231
471 411
760 285
476 526
990 976
80 260
90 719
723 403
943 635
883 355
437 9
728 710
664 991
623 953
884 994
970 243
285 140
161 599
455 817
987 412
534 881
940 108
799 132
391 832
265 427
996 646
287 186
399 427
815 76
173 838
438 126
302 494
387 538
487 247
189 553
474 951
338 124
780 240
147 327
587 599
113 945
655 245
259 16
429 656
333 719
847 940
726 125
676 533
850 420
690 431
280 304
371 193
500 78
68 384
646 132
475 250
227 148
242 951
3 440
806 764
503 726
405 191
470 549
451 307
864 476
998 705
681 769
676 425
550 20
858 136
250 253
935 127
150 86
26 279
499 728
793 946
328 92
634 135
314 682
295 440
565 264
630 659
740 36
776 484
747 197
315 503
482 680
370 210
939 367
204 672
894 890
545 736
273 277
135 572
947 487
157 331
679 672
536 98
546 557
879 208
576 436
600 793
645 41
703 211
204 564
245 336
498 516
267 849
551 379
406 927
891 447
8 100
911 133
799 858
701 323
343 615
558 503
709 147
257 575
381 870
384 616
286 44
874 214
265 924
164 347
700 98
194 226
207 165
331 460
749 219
737 919
821 324
938 909
325 157
108 159
137 860
32 578
968 788
849 571
522 213
558 624
546 570
981 727
7 521
263 447
246 803
103 229
29 51
736 630
741 745
763 504
610 33
787 632
212 401
484 860
327 876
542 801
485 267
146 572
225 865
705 41
880 42
178 524
558 516
631 506
3 937
885 93
904 106
933 807
932 582
285 1000
560 976
808 812
770 520
902 676
809 219
21 698
420 178
585 511
483 463
777 681
125 755
452 884
634 632
9 809
59 172
358 697
936 445
609 50
996 459
382 825
891 931
46 876
946 638
325 291
963 807
572 168
305 578
76 718
131 425
819 799
850 112
516 761
896 228
115 188
82 11
656 512
202 76
26 79
666 705
521 58
762 938
237 299
89 135
233 823
577 892
767 464
194 831
137 68
477 136
683 241
330 877
320 189
870 67
99 715
121 474
952 402
687 885
998 518
74 133
404 533
120 774
445 305
161 546
460 879
769 402
196 769
55 793
564 936
900 885
545 657
488 123
27 960
839 646
988 180
556 294
248 141
492 767
184 422
192 17
142 425
288 479
348 493
67 251
967 13
917 421
39 152
300 718
470 375
938 480
272 656
487 544
248 33
253 377
354 429
674 370
832 727
701 244
469 675
692 424
618 246
193 511
989 647
96 844
461 262
490 734
777 10
997 13
737 840
83 87
709 778
203 906
602 423
323 971
469 796
123 388
40 390
637 380
237 675
154 906
405 488
111 270
584 719
258 963
215 98
137 444
916 145
21 498
571 147
144 568
825 966
732 738
372 432
47 635
723 955
682 917
789 491
276 909
305 378
582 915
687 214
783 676
91 863
961 719
441 158
570 797
754 389
391 337
974 392
891 623
588 622
247 558
173 343
178 458
761 284
838 733
950 974
394 985
750 620
824 569
645 338
125 568
221 47
56 468
33 979
427 115
499 220
179 804
330 448
354 805
77 2
665 926
797 328
95 810
847 674
463 977
351 507
203 343
576 854
631 561
717 564
686 985
973 261
223 995
956 617
207 233
381 120
661 174
886 521
877 967
858 688
803 752
789 854
438 102
388 510
255 920
921 515
103 526
15 413
180 746
342 579
323 300
171 926
190 939
904 282
83 813
496 228
157 533
821 284
285 947
691 174
682 583
300 289
90 708
613 520
112 238
809 166
786 182
82 66
818 400
730 516
859 926
521 113
72 21
540 126
242 698
527 830
121 179
878 121
179 120
626 580
354 121
631 924
748 48
782 827
501 814
391 942
578 768
707 424
256 488
261 832
127 603
567 121
149 133
948 981
57 544
351 762
561 306
979 65
136 837
423 601
323 663
808 183
417 298
642 645
40 82
953 12
942 119
658 360
551 234
219 727
76 907
919 172
860 989
354 363
645 835
478 658
841 481
37 952
835 178
54 367
799 484
895 946
587 830
518 996
623 258
581 527
884 299
242 832
168 617
667 72
378 198
484 594
129 137
76 799
728 725
449 78
855 537
464 881
373 497
973 758
818 884
49 144
59 832
353 784
86 440
485 711
669 266
493 306
713 309
2 971
781 938
673 910
913 74
555 137
156 391
949 27
675 956
114 623
67 319
53 384
471 897
760 771
460 250
85 861
993 713
826 307
817 487
607 677
827 946
770 146
701 312
832 795
747 428
324 96
114 515
752 543
819 304
852 481
279 848
559 902
688 787
127 979
512 790
171 497
589 781
360 921
859 376
382 680
198 859
745 503
284 145
876 20
891 328
976 372
577 626
687 269
164 228
835 433
315 626
991 909
838 438
366 857
827 20
923 482
584 787
837 213
262 736
730 87
294 688
657 511
13 446
192 448
610 961
188 972
995 506
293 988
241 569
838 559
263 328
788 967
125 623
956 551
636 344
226 446
620 336
353 221
212 282
107 754
515 54
666 452
294 580
836 634
830 560
899 919
618 677
272 40
800 388
733 398
24 167
712 275
304 221
45 226
754 457
628 52
886 347
872 449
137 754
486 871
966 47
203 290
466 929
997 565
922 162
729 750
183 991
718 103
477 943
81 943
360 129
924 171
425 524
164 483
800 401
53 881
232 883
268 540
684 226
73 301
111 593
716 407
702 509
666 586
740 535
14 660
559 460
834 399
237 180
11 591
486 884
29 645
910 165
750 930
855 229
172 953
901 574
122 607
560 52
431 130
940 273
766 120
931 453
964 401
458 4
482 361
666 707
377 833
554 237
361 71
595 9
438 62
102 76
140 368
71 534
426 173
901 466
832 595
338 60
546 238
823 812
18 378
391 889
955 931
692 63
652 930
237 422
302 780
677 694
770 885
314 605
608 823
668 874
864 520
43 556
979 12
827 638
557 777
211 140
679 245
18 499
501 882
871 415
229 948
12 196
462 661
768 179
62 956
156 554
385 148
940 407
439 125
995 77
771 598
637 369
475 307
750 246
347 307
870 82
157 146
795 662
574 434
803 28
357 436
744 616
81 272
807 901
966 665
845 375
514 541
10 513
63 376
701 138
18 862
117 87
912 321
801 719
842 491
212 95
960 483
583 496
817 434
280 495
657 216
712 906
481 219
448 42
613 375
950 963
117 208
301 554
296 210
48 337
134 148
31 693
438 788
937 206
42 559
904 29
983 93
248 398
449 388
49 683
677 23
178 339
398 571
57 278
351 496
360 50
921 383
361 689
650 563
584 734
212 337
341 976
105 211
181 758
647 265
652 380
855 968
822 791
944 488
82 981
443 206
863 563
426 562
930 324
651 909
811 107
682 222
131 119
599 224
346 44
884 851
502 520
846 330
273 468
730 155
367 103
895 451
334 155
960 617
399 284
583 630
237 222
127 350
872 504
435 237
132 465
156 822
704 102
1000 918
346 394
711 815
925 744
538 106
794 32
307 173
969 787
496 109
680 684
979 751
449 522
357 933
747 859
852 912
814 391
203 466
43 248
387 58
698 445
211 61
89 889
732 995
424 879
582 233
358 525
74 766
990 738
849 762
238 874
145 646
878 2
893 805
487 117
656 569
899 61
491 7
124 708
752 48
375 61
215 597
60 723
567 231
149 243
801 169
467 818
319 654
195 130
410 18
948 862
93 82
879 991
134 874
464 520
400 764
491 128
656 461
348 308
740 832
927 924
457 480
952 459
470 190
98 318
502 896
651 467
324 72
859 352
800 711
473 316
409 826
431 319
689 880
472 128
1000 476
31 385
581 529
600 542
328 83
624 899
443 824
763 11
66 837
687 955
704 370
951 476
13 193
607 437
748 413
847 126
983 953
766 201
838 306
444 150
34 23
672 539
591 843
37 28
704 720
372 18
520 670
597 365
940 704
40 676
114 625
866 260
217 80
587 845
907 32
67 321
237 961
801 774
791 86
928 320
699 497
575 956
129 381
965 653
929 959
170 907
640 856
795 730
588 666
803 325
679 555
104 324
775 263
150 211
781 14
380 902
122 112
77 864
3 915
834 843
999 910
23 335
988 492
537 327
485 137
318 963
10 810
297 86
113 265
371 789
137 622
646 728
109 560
885 781
838 669
535 668
292 910
149 861
73 48
532 333
950 92
826 322
807 43
132 628
321 564
371 681
109 910
844 376
453 225
585 610
530 674
819 548
318 37
884 677
992 210
135 818
933 798
126 998
377 580
561 926
941 393
757 572
233 572
838 911
998 146
198 56
617 454
336 929
18 125
14 649
633 169
335 475
536 465
52 123
10 126
617 575
969 734
790 237
666 696
466 113
779 344
132 762
677 562
624 470
252 827
742 691
16 587
492 287
698 621
968 216
505 226
689 572
596 344
69 827
380 460
375 116
994 390
127 539
440 999
407 593
658 175
742 812
503 301
451 111
164 835
589 341
369 72
10 368
478 473
997 809
804 643
264 958
988 989
680 873
766 122
783 291
986 162
738 814
292 239
844 981
742 933
680 55
11 485
498 78
539 870
757 9
423 658
109 239
885 460
143 789
611 894
449 832
567 299
99 719
553 135
195 427
336 137
869 637
542 242
5 266
951 410
982 514
170 599
101 499
978 772
458 19
358 835
922 877
246 365
210 671
227 86
416 776
777 1
680 68
754 17
998 643
308 196
392 833
817 73
376 825
684 712
274 548
790 842
475 309
677 938
873 584
66 784
97 97
405 250
532 25
869 879
449 256
776 422
970 665
588 371
791 959
560 538
106 856
703 846
766 377
117 197
301 543
535 481
86 389
163 838
166 89
283 674
11 969
418 81
165 618
404 900
170 733
459 607
684 954
813 839
706 713
422 954
381 916
68 456
687 205
62 382
53 562
292 844
22 983
409 197
166 210
603 736
195 682
322 723
644 737
936 128
518 140
430 256
330 318
929 906
588 842
271 906
142 792
868 667
431 629
104 500
912 673
764 546
645 329
908 968
736 218
395 154
689 143
121 854
983 324
410 691
878 796
570 680
105 92
647 375
704 909
322 615
927 200
839 87
720 624
651 790
976 321
478 44
433 796
958 681
498 925
596 36
666 509
79 978
449 511
834 93
426 793
679 973
868 909
486 807
766 861
52 57
40 757
29 339
263 277
172 647
202 1
871 96
945 45
298 234
592 452
537 516
798 786
46 693
445 927
541 635
219 584
145 406
698 555
505 160
940 88
904 394
138 632
326 454
854 802
587 458
895 345
105 226
793 563
905 804
129 583
979 982
108 231
278 117
863 807
481 705
808 871
200 463
11 298
737 173
410 7
938 163
258 404
497 686
576 979
72 951
171 930
109 52
28 881
790 413
224 527
12 119
394 184
471 404
457 240
985 625
522 635
849 764
145 648
47 76
76 777
392 525
822 338
404 350
968 163
560 109
235 312
205 635
917 346
466 181
273 15
686 184
875 120
0 122
676 405
332 366
244 482
459 407
411 659
712 587
203 481
235 433
97 957
890 630
97 728
255 119
444 18
432 718
416 710
567 354
820 534
677 751
94 430
218 200
520 538
728 716
162 76
473 426
318 589
409 707
510 759
627 112
450 479
178 20
78 836
166 949
515 837
274 482
191 713
764 117
898 346
430 995
58 369
777 56
696 885
658 364
718 415
644 429
814 877
776 585
277 901
671 74
146 189
812 13
24 492
406 557
717 944
626 826
882 257
412 79
940 464
936 988
260 439
857 429
182 785
218 442
209 888
94 672
956 179
66 839
33 662
102 267
420 842
382 321
84 893
588 426
698 823
123 326
491 493
618 534
563 598
701 74
482 673
991 779
356 39
218 563
180 79
913 896
400 82
534 311
737 899
635 888
518 74
377 98
203 965
877 650
495 319
404 726
462 142
753 614
1 750
128 791
780 488
539 133
351 311
888 21
62 208
31 629
801 776
629 26
964 16
413 142
616 730
468 603
578 209
201 259
610 952
904 904
687 381
577 509
444 394
191 968
210 981
337 39
774 794
58 624
791 209
120 41
937 263
229 442
167 796
957 915
399 99
275 558
46 506
882 741
775 615
756 373
715 335
288 793
272 260
208 504
461 684
227 517
478 99
712 37
815 687
78 394
331 345
281 753
47 586
372 383
614 145
220 743
638 502
757 453
46 627
182 222
657 515
149 45
830 443
814 435
461 805
700 333
323 117
837 567
639 848
534 566
840 838
181 936
294 813
110 238
514 853
373 877
173 523
603 107
200 168
420 400
198 58
115 289
232 874
777 674
97 649
207 292
565 754
138 458
255 40
499 171
306 5
177 120
321 808
880 277
902 561
164 595
200 289
136 762
965 92
487 53
640 295
910 156
813 223
823 911
54 171
138 579
790 468
721 405
382 939
994 500
600 344
94 243
453 590
759 108
525 695
907 760
382 121
122 719
956 918
935 41
133 356
771 347
790 360
688 349
60 780
130 287
686 239
990 916
787 62
742 814
453 711
575 408
654 701
411 714
239 193
970 183
882 299
445 298
548 719
381 542
133 477
721 876
86 365
25 651
116 15
833 824
511 773
422 701
744 486
986 285
246 475
922 758
755 352
316 948
75 593
913 709
961 457
797 763
258 714
387 599
552 666
789 350
120 780
249 665
574 425
431 147
4 834
983 889
945 597
389 416
683 368
127 904
961 578
980 591
930 999
407 958
190 206
434 832
387 720
387 491
230 773
944 116
703 956
340 904
95 319
370 258
764 414
972 592
683 489
26 219
669 554
655 656
411 30
722 417
923 178
840 409
704 777
957 957
845 487
998 766
592 78
542 486
910 653
738 132
710 299
440 438
385 502
142 781
178 438
197 451
835 479
235 743
389 658
585 304
898 535
77 800
631 191
526 663
464 14
873 707
551 427
644 618
754 261
368 720
358 32
941 87
984 723
767 725
598 916
417 612
742 143
716 908
628 795
361 680
829 785
521 669
655 898
879 377
493 607
806 838
685 548
776 895
821 143
415 687
127 220
550 323
388 261
426 553
99 158
737 149
35 631
508 326
16 389
824 562
526 905
428 333
254 446
328 395
218 523
992 146
212 449
699 567
205 32
19 808
124 107
24 923
806 141
849 740
949 678
90 459
945 973
236 284
506 108
265 985
464 148
610 202
307 164
363 739
821 156
738 616
377 408
523 462
944 492
715 632
635 380
272 328
169 644
554 980
698 436
777 729
829 919
667 857
390 54
161 231
777 500
596 159
983 568
570 924
243 529
105 336
671 747
724 573
168 355
63 864
999 283
128 993
305 626
893 796
664 973
676 44
934 568
547 159
122 424
736 812
656 331
334 280
647 511
243 421
535 41
60 714
545 463
237 118
858 694
176 108
314 301
313 342
984 281
857 994
356 712
354 114
736 933
359 983
266 1
376 398
543 575
857 176
31 134
316 761
33 180
7 945
406 425
165 70
925 761
923 917
782 941
510 519
890 740
837 648
205 637
303 943
790 307
494 245
41 943
143 725
961 391
438 350
355 352
434 645
625 176
162 186
107 250
74 73
860 982
275 63
514 345
767 525
786 538
978 708
577 135
922 813
251 645
330 938
724 828
782 15
305 881
217 997
487 363
134 999
863 125
596 764
885 638
904 651
147 443
269 140
64 674
659 66
628 487
394 320
738 884
120 17
512 541
667 186
226 184
825 772
620 74
943 993
888 828
960 179
220 369
676 420
557 957
109 538
744 783
558 364
67 312
531 941
736 141
85 854
387 667
748 646
115 733
500 544
159 251
813 775
178 264
282 321
163 895
483 82
779 898
880 950
653 493
135 567
121 669
331 213
281 621
570 495
85 975
245 210
229 202
253 559
690 560
715 324
696 82
216 677
109 551
670 847
692 606
318 136
12 618
210 862
975 665
450 26
455 141
980 780
374 970
811 971
377 450
630 667
129 385
578 211
160 223
373 745
495 213
539 256
747 434
594 155
287 678
361 627
989 721
89 693
851 262
947 953
584 901
697 24
143 404
55 291
184 967
187 218
627 719
49 513
384 503
117 388
444 517
516 622
731 547
884 789
139 635
846 268
488 560
87 216
610 28
135 930
405 562
105 41
143 296
980 204
11 342
940 842
305 331
103 345
273 756
278 871
651 150
730 214
564 447
397 270
980 325
209 219
99 347
701 681
663 389
398 643
396 45
458 694
575 47
833 571
604 748
98 122
521 979
988 859
931 325
231 651
237 402
349 643
321 810
302 302
338 750
379 751
489 394
971 397
861 0
112 407
728 410
860 566
934 515
230 399
309 692
433 987
390 122
923 851
799 61
647 687
664 102
499 523
339 305
932 819
803 934
710 743
641 872
880 400
747 810
179 289
370 823
442 928
693 510
750 815
767 230
92 815
386 767
279 412
377 947
793 633
719 418
335 950
187 823
796 113
572 405
732 357
470 357
222 780
538 757
803 8
579 529
309 705
386 888
78 772
377 839
838 2
53 190
213 179
347 179
961 338
167 477
19 313
915 865
24 428
46 187
538 878
423 662
373 316
789 231
156 318
808 244
918 641
224 947
334 590
394 604
770 891
277 958
129 77
349 80
225 310
832 951
500 249
973 698
524 606
990 113
761 24
458 252
604 306
554 714
939 296
824 80
600 601
471 716
667 362
512 717
355 770
525 952
332 786
932 27
51 278
519 383
221 955
935 298
384 424
205 947
604 427
34 82
545 786
722 190
856 419
984 833
225 781
643 540
874 961
187 260
872 134
598 797
780 774
496 786
236 152
659 255
600 843
383 845
199 270
400 260
240 42
804 84
52 974
102 337
690 736
163 24
789 715
780 666
472 550
399 974
918 78
947 779
848 248
793 312
399 156
853 97
389 902
981 548
2 227
492 91
725 33
479 566
699 798
859 787
138 502
568 86
262 568
368 964
955 266
807 102
927 433
449 394
531 204
151 700
897 261
664 962
869 199
208 682
39 644
791 279
185 698
529 508
873 843
293 231
878 921
64 179
69 523
380 156
499 107
798 669
867 503
991 44
438 97
195 110
379 685
747 852
690 52
623 816
612 398
372 682
891 981
421 574
206 649
715 755
49 931
80 244
238 867
319 526
486 703
286 349
544 873
79 56
258 287
896 278
626 454
791 750
712 228
882 114
741 929
235 303
240 647
618 41
606 741
298 588
64 421
711 232
683 170
707 527
449 757
961 151
746 226
154 351
407 760
484 226
21 990
183 5
207 362
389 339
413 696
716 468
783 0
504 585
540 242
834 460
595 178
333 932
402 537
999 527
42 2
947 108
0 5
387 414
982 331
23 891
780 116
463 180
592 819
633 820
554 527
36 830
292 527
58 360
650 235
359 59
37 8
997 50
713 291
701 991
429 532
448 545
919 396
671 65
32 78
395 884
474 948
486 19
298 951
936 979
733 125
948 50
986 342
187 891
493 409
553 194
434 768
451 183
308 363
874 774
165 314
411 784
239 263
175 773
739 815
830 179
763 943
155 535
705 938
452 263
842 189
685 471
231 35
368 535
714 943
901 998
491 605
916 74
990 60
436 669
108 840
851 130
801 538
961 527
446 310
680 248
993 479
143 43
449 315
514 481
464 889
641 256
670 957
393 191
6 977
890 997
711 729
380 895
772 187
340 35
441 87
23 99
662 729
946 259
335 105
577 621
508 33
384 492
585 482
659 431
320 736
576 433
796 665
414 600
311 916
180 204
195 970
47 577
518 428
93 693
41 274
242 264
913 203
398 511
315 742
420 41
984 83
304 95
479 850
842 673
703 100
532 447
573 219
652 549
299 919
724 388
982 949
168 170
930 264
305 441
618 672
139 637
89 816
675 388
224 452
298 401
322 795
12 44
27 352
560 852
577 755
62 575
855 211
547 95
796 799
598 289
142 46
739 36
6 414
69 699
587 396
895 283
924 984
449 691
416 285
385 935
701 912
715 581
921 915
589 213
356 648
514 39
92 575
598 181
601 681
59 398
912 48
12 57
504 519
397 393
875 166
820 230
830 918
622 511
66 522
861 2
981 858
571 694
538 517
266 58
106 594
898 271
499 525
251 460
810 158
5 956
636 5
261 653
173 769
765 415
875 58
825 466
85 656
866 992
649 240
184 635
38 352
478 587
822 397
175 586
736 882
598 652
192 1
128 245
909 810
472 55
431 17
105 756
587 530
377 949
375 122
812 877
554 353
8 823
894 687
531 635
875 408
149 533
558 997
423 772
194 949
552 428
328 949
758 762
923 866
9 940
568 638
852 168
647 931
783 297
991 475
30 962
131 785
649 482
673 839
368 469
929 765
423 893
538 880
641 69
400 946
515 896
749 834
117 69
64 731
568 530
576 125
966 539
759 475
9 14
864 528
131 906
468 299
332 667
684 826
756 177
142 543
818 826
379 190
68 328
964 880
871 652
106 849
45 610
535 474
614 767
315 205
623 321
553 491
0 315
836 550
808 488
481 93
744 961
926 709
307 731
513 836
394 848
497 303
136 95
342 200
471 839
698 64
648 206
933 604
69 270
401 780
363 259
547 834
531 72
247 313
151 339
730 955
986 881
888 309
771 956
943 16
58 791
347 665
483 31
880 899
451 493
802 13
960 599
363 380
354 560
25 321
352 450
954 784
236 504
217 262
907 443
893 545
464 139
801 956
276 88
648 219
47 753
415 920
284 437
845 504
51 872
954 905
899 969
431 635
632 625
898 781
972 730
581 845
157 517
969 432
845 625
237 217
762 856
896 856
211 753
701 846
384 910
828 392
659 620
851 790
144 699
452 815
684 155
730 271
336 869
358 628
181 995
396 920
179 922
270 286
963 967
416 340
321 746
512 48
228 289
902 728
35 877
503 228
35 648
714 677
575 104
241 982
361 818
323 526
199 985
679 161
975 977
211 56
548 644
317 977
17 456
669 116
523 587
999 516
980 274
335 536
176 220
589 389
373 239
189 418
326 918
923 679
680 921
931 503
955 631
91 297
220 936
462 698
873 269
61 125
714 919
382 180
244 475
827 567
617 986
768 926
9 874
403 10
141 239
796 170
493 169
94 423
770 935
990 975
589 631
897 747
718 287
761 886
186 655
229 59
907 940
635 518
597 226
454 177
249 711
703 652
646 118
725 411
804 704
788 696
592 821
330 821
806 750
433 10
345 126
916 881
976 932
60 142
874 655
817 121
268 845
247 5
937 940
221 770
496 709
325 827
77 725
292 650
171 360
226 67
873 403
608 886
501 6
685 352
387 658
729 129
216 547
44 26
439 296
804 717
318 6
136 29
925 189
359 303
636 86
531 824
345 139
969 232
360 905
998 933
776 591
261 145
247 247
677 60
772 886
151 273
775 366
123 440
156 617
71 21
16 85
871 599
678 433
479 489
207 30
317 427
556 709
124 32
745 379
5 569
531 127
524 905
610 945
489 130
687 374
250 373
613 196
687 145
764 594
898 823
301 604
279 845
566 84
549 440
939 366
545 964
237 848
278 620
923 358
42 609
314 802
740 156
602 717
46 728
564 425
261 387
808 785
538 961
252 567
899 903
40 913
439 430
119 977
585 484
852 599
898 715
91 915
562 500
717 145
135 921
176 959
190 628
23 222
179 964
143 287
253 684
867 318
523 279
209 89
302 51
799 857
126 54
599 503
29 387
306 695
829 736
636 570
130 964
350 967
823 433
253 805
335 578
696 557
302 172
388 212
792 36
122 470
318 153
464 436
386 516
114 57
353 110
979 801
182 228
321 572
809 326
678 809
122 591
813 216
942 855
529 457
524 113
947 970
787 981
403 52
364 878
298 524
465 930
936 552
788 388
36 524
741 47
911 495
990 788
825 455
665 991
618 916
563 980
38 341
673 586
294 1
244 180
538 398
389 46
348 8
683 227
158 113
891 930
72 73
256 419
880 512
75 115
388 575
319 704
71 639
16 703
759 222
632 935
360 476
19 183
308 57
286 527
514 162
216 239
964 627
45 586
537 819
330 755
199 6
980 571
775 876
66 416
107 417
322 342
654 815
363 114
181 137
492 524
442 932
208 765
557 882
674 235
920 705
918 861
483 704
161 653
560 170
417 350
441 707
936 915
22 723
696 933
842 233
487 530
29 655
887 420
367 650
269 78
40 255
939 287
595 477
461 248
605 936
889 466
550 1000
985 928
732 482
374 774
140 607
0 304
612 831
863 413
440 81
756 58
197 323
816 72
678 138
834 880
691 831
168 790
92 14
671 364
437 197
927 61
194 964
99 138
882 547
417 713
665 549
197 444
596 715
727 646
400 22
914 472
606 356
429 723
243 38
148 444
103 967
11 146
200 82
614 890
600 955
15 36
956 590
823 475
317 603
685 770
561 963
242 200
744 855
324 269
403 562
814 133
86 855
967 375
189 44
163 846
75 962
992 139
221 33
102 570
47 634
630 726
401 903
413 203
597 549
941 322
468 664
738 259
344 332
404 908
209 144
724 95
674 503
443 82
233 272
90 452
164 401
291 442
246 965
879 612
595 853
146 734
583 506
108 213
894 368
720 740
613 614
800 440
516 681
794 137
956 724
390 47
736 455
813 150
625 853
280 855
963 848
211 984
195 222
374 453
346 391
420 340
654 278
122 417
323 407
796 856
483 396
89 994
474 576
496 335
372 565
666 746
294 874
275 632
812 571
44 699
457 114
305 511
967 859
654 399
676 158
860 733
356 705
137 109
70 873
436 405
78 697
596 394
694 700
725 50
895 690
974 983
692 102
375 166
416 463
622 568
434 746
295 173
511 700
488 982
417 284
680 923
567 228
378 63
517 407
434 638
556 335
759 169
520 412
757 59
538 466
151 20
266 7
689 864
78 710
114 367
711 357
40 189
391 941
358 764
191 587
946 934
884 56
223 539
536 770
481 834
258 533
478 536
734 462
935 223
472 233
324 69
100 590
353 770
81 82
912 239
975 295
806 752
374 829
97 26
30 790
953 950
189 554
813 647
601 993
515 724
986 575
967 296
559 996
306 550
810 349
113 946
168 616
971 940
28 313
905 586
485 0
459 765
951 473
762 308
660 526
197 499
362 603
539 236
838 532
950 773
361 378
297 888
273 265
677 880
983 132
344 145
941 135
798 352
421 365
115 847
841 722
803 201
739 711
118 98
546 545
615 904
747 306
95 380
609 830
320 727
392 78
86 560
466 781
591 961
264 566
33 899
757 206
949 376
381 858
530 658
62 324
315 504
406 97
497 252
48 160
304 86
595 558
223 915
75 788
498 854
451 550
19 627
719 35
206 453
945 792
475 843
392 320
948 309
576 666
452 630
758 148
314 925
694 392
501 263
270 330
127 281
314 107
769 953
464 88
887 154
340 281
598 51
334 207
243 577
410 754
950 210
265 107
757 798
848 199
407 456
692 854
310 523
987 213
133 338
386 518
859 967
105 505
964 495
826 790
509 854
344 292
545 282
555 741
467 857
646 859
990 669
692 975
776 151
34 746
232 990
593 215
414 738
882 52
6 647
97 765
446 919
606 679
14 767
456 883
41 641
292 223
89 123
118 824
672 215
658 51
300 343
747 803
217 574
764 972
29 752
93 13
805 744
356 652
846 745
660 97
376 338
106 477
935 36
422 454
735 685
568 508
315 62
260 126
430 574
581 218
574 996
825 578
24 529
136 770
946 50
679 231
618 221
441 588
298 768
243 832
544 6
752 221
661 591
241 234
633 758
302 658
388 698
300 814
121 354
681 691
798 44
275 3
165 131
629 760
348 481
642 470
504 765
750 3
736 68
880 756
696 935
639 401
644 479
310 899
423 776
194 953
505 586
469 892
968 347
689 932
785 640
563 527
804 653
659 235
260 489
339 782
325 884
265 604
764 288
774 710
466 594
595 479
590 135
633 771
452 430
111 137
443 647
102 317
322 586
919 576
592 181
387 715
886 133
818 938
959 877
651 761
866 420
394 610
898 409
915 53
433 309
746 769
916 951
131 910
96 135
924 546
299 723
624 254
464 827
49 319
252 153
780 538
742 17
296 425
587 897
136 207
265 846
122 43
994 992
268 97
452 672
209 951
419 495
414 188
787 662
980 828
909 130
451 484
401 892
570 435
202 911
147 975
481 97
384 659
747 482
716 903
819 358
120 320
719 908
414 309
856 654
823 477
773 885
205 135
933 608
143 452
382 505
373 914
127 215
882 791
784 256
426 548
811 93
174 970
217 145
912 670
962 262
258 146
810 659
120 441
595 734
617 264
64 280
234 728
624 388
560 898
197 580
599 331
260 865
855 28
810 780
204 970
667 731
875 909
340 336
758 95
656 84
320 98
666 506
237 100
63 967
517 383
283 216
999 157
291 565
236 629
981 783
81 755
444 807
934 442
48 349
130 913
326 559
529 393
350 916
417 152
205 269
683 42
206 871
27 411
677 493
641 799
919 26
905 91
442 855
328 753
882 107
665 109
553 871
675 568
785 211
611 812
124 465
688 507
688 278
975 42
56 1
608 514
398 704
957 402
962 746
277 643
602 211
571 861
459 391
474 928
343 216
909 627
661 525
894 733
655 222
466 57
113 693
531 452
44 822
448 646
575 458
594 471
492 460
621 345
753 464
777 858
199 881
937 810
326 922
665 351
128 412
128 183
785 453
205 632
587 697
969 799
307 414
12 237
526 458
595 63
719 358
388 753
173 828
214 600
425 820
456 133
728 592
566 530
533 582
593 404
290 595
371 291
739 458
54 355
532 882
783 464
31 371
196 704
227 17
872 987
297 756
168 605
897 751
83 9
396 469
902 866
426 348
216 538
659 61
810 459
325 710
834 816
774 536
994 805
634 4
718 641
859 351
19 374
416 10
376 648
857 426
287 310
894 988
796 416
171 364
952 929
165 549
767 883
528 372
767 654
968 644
1 855
285 385
519 552
830 185
472 477
940 582
417 541
598 845
450 718
701 300
462 18
604 367
800 13
356 36
920 78
873 757
823 182
468 708
518 71
280 657
10 796
844 470
954 601
379 370
343 713
433 377
992 75
116 670
741 493
479 493
952 942
336 444
284 254
935 709
541 553
527 389
920 91
221 319
820 907
684 80
964 363
909 427
322 896
644 681
993 835
327 974
821 85
148 514
8 211
114 866
604 730
635 80
332 42
466 796
889 899
753 35
245 797
396 966
14 635
454 678
784 553
894 196
22 1
385 807
949 620
374 160
415 161
692 735
494 979
301 850
795 153
304 330
199 802
366 979
777 550
498 869
45 106
69 463
903 100
817 851
816 626
575 271
84 448
299 107
612 338
651 266
102 990
413 623
716 166
710 846
178 985
383 222
935 964
355 389
350 45
976 736
520 456
962 572
46 48
648 870
754 808
568 389
265 351
416 749
784 916
385 941
424 115
916 806
797 626
527 765
828 693
126 192
643 159
818 685
78 646
678 116
843 449
275 931
757 934
732 352
11 592
453 937
126 542
668 862
709 634
527 886
916 698
511 878
0 174
879 816
192 115
376 690
101 485
813 462
505 346
147 601
238 2
582 529
298 770
585 46
130 405
206 952
952 513
57 829
776 516
888 757
24 423
717 875
505 467
835 342
544 129
865 221
853 655
488 5
741 185
503 771
27 24
280 241
656 986
365 19
439 5
48 83
650 417
366 658
306 378
777 0
42 534
4 13
668 996
446 129
878 540
960 350
831 465
84 945
841 887
467 188
477 610
833 245
692 306
991 831
260 612
953 310
718 938
639 416
928 253
489 886
850 828
542 483
473 612
280 483
373 674
352 322
935 414
608 19
530 594
986 645
70 609
378 725
39 276
168 915
309 137
97 217
532 145
869 999
936 6
60 335
930 420
825 138
985 127
916 27
733 549
637 612
7 445
787 785
966 787
451 607
977 128
583 726
93 633
537 381
113 548
478 969
803 500
481 220
723 248
971 84
668 312
585 543
838 723
337 212
796 726
684 256
529 382
97 459
446 384
110 398
793 428
127 338
605 148
517 35
434 495
486 685
976 549
324 623
742 382
907 449
781 81
478 272
566 156
423 107
616 916
339 113
826 497
233 626
575 97
126 5
337 683
356 696
767 267
409 330
887 103
56 700
147 293
105 562
790 399
124 575
377 755
664 31
666 629
540 224
462 570
701 852
80 239
21 864
709 447
690 168
767 388
698 554
772 503
414 795
106 642
598 350
229 749
421 919
77 126
209 282
935 911
453 871
742 745
300 400
556 326
24 236
294 60
368 46
343 218
553 994
926 273
633 465
397 454
913 748
171 111
806 393
565 1
415 242
428 935
10 193
502 884
963 47
244 360
629 696
863 109
670 468
83 937
852 216
119 365
31 481
58 355
476 868
335 892
228 766
429 527
162 183
671 289
313 581
798 101
879 992
695 417
428 827
63 177
32 73
49 242
343 460
178 127
40 422
427 602
67 296
974 1000
370 68
394 425
903 302
199 186
796 176
278 479
806 635
668 930
754 179
828 882
759 294
850 641
662 361
973 748
271 476
940 571
67 417
967 179
783 358
516 243
182 892
562 130
975 299
176 589
460 119
704 708
69 197
148 261
710 230
299 430
417 651
444 259
397 938
223 785
383 774
639 471
331 318
176 481
52 903
537 194
965 641
258 779
951 477
87 897
711 724
866 369
981 356
310 380
315 495
208 140
655 600
405 425
88 718
382 670
473 788
490 203
299 672
743 420
68 739
12 844
103 208
58 960
414 595
175 84
249 33
512 901
975 662
846 23
340 151
884 544
741 724
415 968
36 154
344 270
182 208
354 729
500 554
271 731
491 963
467 377
985 303
147 924
632 444
544 331
29 151
617 550
856 832
364 858
732 796
468 952
633 265
454 788
77 47
297 316
333 498
572 26
305 436
250 500
580 375
750 786
134 554
631 606
884 786
404 149
557 391
493 901
956 662
372 611
212 393
771 91
107 865
363 791
336 688
248 575
523 743
559 437
836 974
674 912
206 578
808 912
746 34
825 327
673 687
348 927
95 747
141 863
459 206
361 866
189 345
576 791
312 681
245 691
633 507
944 894
691 448
285 992
550 509
42 39
295 219
121 332
701 678
355 270
866 974
869 491
733 859
276 391
832 343
498 992
40 114
950 335
633 628
559 450
294 933
251 334
836 987
378 109
266 871
66 288
46 50
970 169
276 512
257 233
940 263
205 568
926 99
583 928
872 802
471 458
177 240
672 448
228 471
553 2
300 576
575 515
456 69
841 405
276 633
51 20
942 982
111 825
418 982
977 680
96 931
289 831
961 443
686 238
820 467
613 928
253 356
411 942
60 190
590 944
729 56
323 600
992 924
679 464
992 695
887 413
385 246
544 10
361 303
342 61
461 12
755 459
419 15
369 423
484 410
47 372
878 300
93 488
258 592
82 595
717 877
343 636
995 296
379 64
804 765
599 67
282 131
414 287
913 937
667 238
732 596
319 952
135 377
537 357
666 242
76 965
308 534
234 356
5 496
509 295
776 410
8 13
323 842
417 706
2 198
678 481
136 198
788 878
922 878
939 293
531 993
605 942
27 965
909 121
9 130
575 770
14 437
69 144
473 493
462 75
887 776
164 381
931 819
136 319
103 142
788 770
719 899
920 135
851 301
149 783
138 365
484 773
680 419
368 827
831 588
905 537
196 77
803 260
68 565
324 491
274 899
436 732
976 417
444 556
208 316
53 442
904 19
451 717
410 679
62 612
612 261
259 668
216 32
973 11
133 263
176 899
231 569
699 674
415 915
265 153
163 142
533 907
13 383
178 450
401 199
1000 787
828 266
907 559
351 378
232 915
786 269
851 664
920 269
106 281
706 17
188 91
606 604
690 975
330 440
500 851
192 735
305 383
566 158
543 669
598 339
689 494
713 851
754 852
28 748
950 269
960 728
657 919
657 690
416 335
820 159
985 492
520 392
167 274
580 443
558 684
53 926
10 290
134 622
222 469
106 523
400 741
307 284
169 54
152 410
88 920
829 100
743 851
13 746
517 279
35 993
847 908
30 649
869 667
195 228
690 170
43 588
571 744
478 516
772 734
877 33
488 975
925 976
805 682
235 529
758 570
887 226
381 583
147 416
804 686
97 824
375 280
399 637
196 574
576 41
490 755
302 704
508 809
976 914
556 328
831 267
468 215
341 174
198 354
693 562
332 354
827 562
588 51
161 701
400 983
202 244
670 349
821 747
926 46
191 580
573 416
810 100
770 930
553 178
685 334
425 932
789 162
324 62
802 855
458 291
353 763
655 576
724 935
908 527
11 770
732 301
635 863
74 301
611 11
263 991
712 588
266 242
173 14
598 715
486 245
651 578
491 360
632 70
96 999
958 469
760 750
823 281
878 476
234 411
826 57
874 1000
891 415
268 961
555 237
486 137
978 828
362 596
114 494
733 243
282 78
416 832
493 527
316 894
340 19
503 720
489 822
65 723
896 651
161 956
453 310
381 730
193 908
697 707
117 132
81 209
862 774
77 962
879 189
576 417
400 191
116 432
804 15
107 841
295 663
635 997
900 248
110 92
757 199
705 9
595 780
134 193
130 717
507 438
185 387
267 951
647 189
537 317
430 191
299 903
244 967
839 359
588 777
416 27
316 89
440 384
68 741
401 133
62 438
84 197
991 901
533 23
180 430
510 305
455 140
792 957
119 154
129 613
769 7
537 438
979 783
564 312
13 438
132 389
495 441
283 33
99 212
930 369
54 964
663 25
305 317
114 749
516 729
277 218
356 511
901 311
739 20
207 159
532 444
47 695
344 393
932 563
875 29
560 957
44 626
257 919
66 156
539 605
972 901
170 213
103 223
956 893
161 393
92 559
954 29
350 854
0 970
330 616
397 377
994 367
8 565
51 935
195 162
737 216
599 511
141 865
717 732
562 858
326 618
535 203
517 334
747 796
134 798
497 621
156 291
519 114
376 331
95 52
205 449
265 463
857 109
110 589
941 746
862 224
242 745
600 224
801 214
61 175
484 278
360 471
561 232
547 334
492 398
662 284
920 808
404 285
799 289
133 465
40 237
45 581
64 594
871 165
530 101
81 9
196 750
664 101
446 925
237 522
512 461
13 814
130 167
584 337
498 68
319 591
262 57
341 350
859 47
883 404
795 520
253 237
230 519
137 291
431 243
389 283
955 923
241 119
633 872
210 540
330 871
718 458
451 343
828 818
592 53
437 179
516 997
115 653
560 515
500 235
813 466
959 749
312 938
995 177
632 125
45 823
755 461
171 181
584 350
181 603
346 936
965 685
468 404
566 939
960 112
533 533
257 598
931 808
549 477
838 351
296 68
683 477
714 56
392 5
908 824
457 888
457 659
190 544
658 649
892 587
451 356
693 872
954 418
766 596
103 23
774 716
70 600
722 297
787 655
66 895
919 811
721 72
270 136
602 646
487 659
970 776
51 506
770 193
252 496
857 606
874 21
175 20
772 10
543 187
166 200
861 725
890 231
331 267
649 842
311 29
780 773
678 725
664 827
915 180
626 77
120 205
199 498
801 832
400 488
997 478
708 604
364 565
294 506
550 432
462 90
682 322
184 82
3 973
502 391
377 396
327 804
944 709
839 427
261 450
589 252
16 619
594 330
761 507
520 152
217 380
12 914
912 676
227 573
824 563
414 665
400 501
210 340
270 391
399 276
941 330
889 140
321 622
803 625
233 509
830 499
962 389
492 440
208 681
607 161
906 723
230 211
722 902
610 432
229 740
647 499
578 628
595 43
435 579
13 627
439 964
80 122
762 156
304 510
273 931
992 618
235 410
87 283
818 502
804 567
4 514
477 172
157 756
624 865
214 472
833 746
631 797
189 415
662 110
739 559
395 749
973 497
417 279
307 407
577 2
105 687
986 207
783 336
91 523
246 168
760 389
99 872
305 977
157 59
897 623
396 112
795 575
217 635
960 154
406 534
392 636
878 115
631 918
454 53
404 690
557 703
937 924
918 682
799 465
193 426
7 7
265 531
31 364
972 393
755 395
144 241
333 931
352 944
467 931
379 818
814 975
52 423
150 995
561 300
690 185
564 46
46 120
266 352
877 277
132 123
54 469
458 293
692 231
45 649
348 421
7 128
614 806
31 485
337 3
125 120
218 311
419 72
713 290
231 250
897 865
465 188
410 252
643 231
514 346
481 132
450 590
908 879
452 370
223 547
999 768
446 296
916 999
606 56
652 401
592 121
850 645
960 288
459 760
41 18
729 126
813 763
622 0
104 303
343 585
403 599
444 371
609 475
526 935
562 363
297 883
648 137
589 991
441 73
732 545
41 368
640 956
201 357
723 173
183 488
568 824
967 304
492 11
750 535
411 86
461 432
139 381
115 24
376 65
914 643
895 135
542 771
788 9
349 376
720 548
434 191
293 969
268 387
120 260
502 325
760 886
584 889
377 559
844 705
968 1000
256 40
63 665
756 592
321 664
990 530
646 720
556 9
921 430
888 482
351 314
912 610
516 610
956 882
345 499
826 543
113 607
605 315
335 454
789 661
168 48
985 307
701 777
830 433
429 89
691 89
926 895
728 385
492 374
547 81
72 983
669 973
827 364
576 782
906 428
763 608
768 723
317 787
563 25
45 328
275 790
289 459
927 487
619 334
316 333
875 31
321 677
396 33
833 788
819 661
81 695
263 443
392 328
650 852
648 513
983 732
83 741
293 285
711 44
697 146
303 744
294 924
913 444
995 971
324 803
355 153
828 565
640 285
323 349
794 200
601 559
699 865
898 257
251 446
151 996
440 870
379 860
728 519
505 447
890 783
472 41
56 880
555 978
603 460
976 971
723 562
420 524
841 517
156 414
211 121
949 50
197 186
585 39
549 345
812 984
638 868
584 339
373 533
662 407
170 470
428 994
932 2
249 763
161 650
472 283
501 984
871 517
802 683
193 602
609 517
865 214
153 8
521 175
433 291
259 175
997 104
691 586
391 294
971 640
616 412
351 932
965 337
354 412
385 479
10 373
911 37
555 173
276 758
701 227
758 761
202 543
469 887
687 63
766 356
793 984
595 245
218 258
429 707
943 928
387 710
905 407
103 951
233 243
682 69
945 479
939 176
372 294
277 959
349 310
128 836
659 472
91 954
158 715
889 934
731 119
827 56
777 464
512 718
378 489
768 644
135 731
157 490
661 23
831 700
266 433
999 18
885 936
200 79
986 988
642 949
898 875
218 621
501 192
895 82
198 908
738 364
163 133
913 365
825 252
797 190
7 559
915 182
378 731
465 619
284 544
210 100
858 550
132 446
209 141
608 146
809 136
579 88
223 978
794 13
708 727
488 495
372 549
410 804
358 614
437 678
877 950
913 607
25 441
814 601
167 36
392 383
939 781
712 324
273 920
323 283
106 514
739 198
510 375
452 922
362 211
59 210
565 570
394 163
960 840
36 455
688 152
349 686
187 624
729 678
746 93
388 385
186 399
860 609
406 173
750 737
139 812
244 111
992 499
188 445
157 866
108 452
963 966
674 863
539 904
267 216
382 166
893 907
497 907
7 814
76 648
29 573
221 743
935 86
665 225
133 630
904 507
744 289
754 977
647 851
504 802
834 448
130 332
903 53
283 574
71 920
121 283
718 273
847 912
726 97
979 48
497 799
832 752
598 585
782 931
818 625
780 104
563 106
22 654
944 966
663 687
606 153
281 356
88 227
649 523
263 982
772 859
968 505
139 946
519 184
474 936
147 541
802 738
876 687
26 251
215 941
807 587
466 523
328 64
980 744
228 880
378 181
980 515
443 805
567 346
331 69
317 171
883 811
291 936
390 420
519 305
990 156
250 117
324 66
790 768
604 349
444 131
731 161
889 518
999 878
746 469
663 929
228 772
23 74
489 813
214 837
302 721
537 295
726 231
308 243
800 934
349 244
55 26
757 69
128 770
109 528
665 480
816 124
802 751
279 710
222 139
208 241
633 942
251 877
218 434
374 947
410 604
508 947
74 426
487 595
201 238
863 586
844 344
1 850
412 421
723 54
912 478
511 134
370 195
58 832
208 133
53 488
493 760
121 888
195 837
864 932
396 598
181 673
614 3
225 716
151 501
491 835
949 252
508 250
49 490
656 939
35 326
771 889
511 255
800 129
893 357
287 547
226 537
190 614
553 437
513 72
248 555
456 733
896 776
863 599
173 381
747 653
814 414
346 80
475 719
375 781
318 247
939 594
306 681
562 607
185 391
583 666
237 29
321 666
127 157
825 199
673 559
38 85
709 253
488 550
240 448
923 478
773 948
427 274
986 9
308 848
729 612
431 918
949 615
357 740
195 153
425 615
213 961
271 148
827 137
376 201
837 559
551 956
465 687
148 980
292 207
889 197
757 566
75 209
586 159
192 794
281 48
52 225
976 610
112 276
654 559
654 330
602 140
375 915
332 279
767 207
973 312
706 197
69 808
224 453
900 736
363 797
535 86
265 225
284 504
554 99
246 212
80 408
434 677
30 587
453 690
948 898
304 338
548 927
684 330
460 851
601 561
298 523
769 145
559 564
704 393
181 123
636 932
343 387
601 911
367 744
358 924
936 672
320 403
265 467
96 695
719 637
22 709
975 334
572 624
710 854
214 650
346 806
162 231
988 44
520 464
20 821
804 866
563 511
293 650
324 0
100 292
585 41
683 347
578 819
8 932
419 8
102 301
859 280
365 940
487 637
611 178
456 304
564 103
220 293
220 64
612 817
211 244
849 235
436 591
431 247
535 570
678 124
755 573
738 929
194 11
971 871
107 537
358 119
129 296
938 694
855 696
552 887
530 347
614 984
544 16
204 591
975 468
694 189
859 293
248 368
382 597
492 994
552 779
316 14
247 409
211 486
706 465
835 350
133 832
665 427
403 427
453 248
136 83
488 242
303 425
757 366
743 468
473 607
874 951
421 417
779 125
27 32
539 409
926 818
530 589
697 766
673 143
972 705
58 779
483 19
386 86
864 879
413 189
671 713
551 419
597 764
368 712
289 153
839 68
434 248
155 833
814 240
86 962
631 533
101 38
125 432
997 361
658 895
345 435
548 269
396 895
298 323
919 707
178 672
355 76
439 484
293 918
26 803
272 78
681 246
640 208
750 605
34 435
139 680
347 895
125 553
116 962
240 503
105 315
666 382
614 192
325 318
779 259
204 28
531 194
495 500
137 792
186 159
728 213
543 662
18 282
842 729
771 260
0 908
616 911
93 870
504 441
3 159
743 723
75 264
476 608
311 46
987 265
235 401
675 673
73 110
124 570
119 226
655 206
774 157
784 845
975 147
266 919
645 686
235 293
183 103
996 620
554 275
526 213
71 572
253 283
893 909
626 794
502 987
650 922
299 170
455 683
138 747
215 930
972 155
347 332
25 806
352 935
747 976
368 391
184 570
98 530
791 982
500 281
968 386
450 460
832 525
720 55
449 989
796 50
319 879
859 335
611 233
626 807
612 872
323 769
224 763
394 649
917 690
174 417
301 229
342 230
907 2
516 117
303 9
98 543
762 294
486 359
486 130
959 579
530 402
2 17
270 1000
645 123
339 605
8 1000
20 71
686 649
746 700
801 636
302 952
460 114
262 358
28 191
993 577
308 474
98 893
487 705
222 959
165 425
189 782
147 785
797 113
348 775
790 891
833 295
788 818
655 703
120 130
204 767
20 192
629 7
195 718
88 592
341 772
434 1000
421 243
954 706
238 536
706 641
921 529
343 589
186 80
874 188
907 136
210 962
511 136
189 85
278 837
469 139
980 880
823 408
121 890
840 577
620 308
909 182
876 5
160 552
313 831
55 270
182 82
662 719
724 136
560 708
555 364
940 929
109 772
90 493
255 826
417 659
175 308
590 321
617 424
87 195
276 131
149 844
111 552
116 667
925 311
382 557
60 506
662 840
729 601
316 203
794 996
627 590
935 706
649 83
141 845
291 146
667 891
359 775
469 381
73 152
97 509
105 370
960 884
418 601
320 29
826 426
165 680
896 899
173 504
21 901
781 360
506 155
494 855
12 852
442 665
29 267
934 373
304 206
958 959
562 730
364 974
629 262
54 31
496 376
854 609
876 368
334 85
611 622
573 101
347 24
705 486
889 78
894 193
753 971
412 678
737 209
420 502
709 376
43 286
180 786
502 571
667 904
973 193
997 550
625 907
549 94
898 19
58 42
729 964
863 964
159 619
811 279
506 397
165 104
576 907
227 753
836 43
636 921
472 32
735 900
592 851
416 625
393 907
773 374
503 284
150 920
296 974
733 746
34 974
650 977
120 748
20 810
139 761
818 790
445 50
166 864
95 166
618 207
513 679
477 231
193 472
372 740
620 805
871 158
292 222
22 361
168 415
61 289
704 395
267 394
456 293
659 918
93 241
189 703
593 564
51 244
730 798
692 277
408 518
802 674
707 814
578 700
834 626
815 347
801 449
424 462
625 223
434 692
465 5
900 162
404 749
34 987
901 572
739 739
445 292
882 293
436 701
293 423
721 870
834 747
889 454
548 124
653 177
658 521
214 773
718 572
881 41
616 524
872 221
166 998
59 872
73 541
936 916
917 637
397 867
911 859
460 169
415 655
387 822
506 773
915 978
349 301
757 126
772 929
393 344
188 878
202 547
890 921
790 717
77 781
672 927
956 457
815 481
130 644
489 991
24 891
726 180
951 527
858 299
753 771
302 81
598 897
335 29
887 1000
16 249
394 838
544 139
62 136
540 892
337 75
600 943
884 702
855 1
801 704
452 550
56 550
140 958
446 247
358 363
341 719
65 555
981 756
871 884
492 70
552 84
249 83
846 73
391 432
181 851
955 474
71 198
883 76
461 612
562 435
997 592
400 373
799 82
804 197
840 645
583 723
793 304
471 253
779 369
159 661
154 88
197 687
295 27
150 612
594 323
998 184
814 363
580 196
888 312
595 962
827 302
423 212
859 779
518 715
845 844
471 145
825 377
462 325
183 910
57 505
957 267
269 684
222 343
612 498
557 562
987 146
636 626
861 973
881 659
251 492
27 518
123 980
154 330
613 615
291 564
475 910
332 336
263 502
786 506
543 785
395 621
851 672
689 839
326 787
782 801
405 851
754 968
568 320
647 613
325 562
380 269
55 472
292 156
457 452
715 747
976 788
269 926
687 685
296 800
67 977
208 916
392 508
43 583
211 167
290 460
899 275
334 503
972 265
58 339
316 634
696 855
622 677
402 408
214 357
90 816
957 401
814 618
217 628
93 67
528 224
354 337
616 108
800 683
796 978
720 165
357 113
269 0
293 357
895 691
141 229
172 296
289 881
132 934
746 339
536 758
80 478
300 518
186 645
308 342
258 750
267 341
396 226
299 522
206 65
235 766
458 286
100 349
96 873
378 293
99 878
358 55
850 517
795 581
280 401
743 162
500 404
990 268
340 940
4 991
571 55
867 871
158 411
139 132
476 986
529 58
658 697
355 696
358 176
828 879
690 649
594 712
681 866
539 224
379 6
193 782
535 748
791 179
567 700
378 535
278 597
529 179
154 827
124 130
960 402
812 9
189 784
285 721
780 700
747 294
728 15
158 653
175 68
414 350
452 605
503 836
167 887
401 825
960 523
798 461
349 369
307 897
723 58
747 415
650 482
72 505
655 826
223 903
840 579
928 426
33 779
721 362
625 654
754 539
413 246
909 184
182 84
858 367
674 546
739 941
775 598
104 430
2 382
907 488
795 18
392 79
865 528
939 477
111 554
556 941
19 736
628 26
344 267
616 726
397 130
674 667
66 259
809 74
293 975
184 22
225 23
428 611
469 383
166 611
551 718
644 909
449 441
600 85
22 108
266 734
701 891
715 560
897 308
489 254
520 321
2 395
695 93
411 334
139 629
557 388
199 680
271 31
684 429
83 734
845 791
932 679
756 719
30 578
322 198
613 670
948 660
640 507
24 275
299 214
271 152
870 740
620 794
384 29
981 19
174 219
769 365
807 391
867 442
952 257
781 375
571 794
79 103
695 335
885 203
872 907
359 93
132 868
218 117
154 627
803 807
352 871
498 171
933 99
296 976
318 735
882 282
656 501
463 335
193 474
320 515
26 297
349 987
163 568
949 982
140 584
429 458
162 343
861 115
186 700
957 577
377 2
48 995
337 869
459 566
698 848
423 643
362 633
436 582
197 71
78 874
716 636
633 867
688 574
72 305
779 692
667 222
66 756
966 518
616 405
602 507
318 748
268 890
1 775
598 765
290 649
885 795
851 982
574 408
362 525
749 934
563 515
174 703
408 641
702 859
425 56
26 310
307 589
153 122
77 541
763 51
759 575
47 369
358 2
313 754
726 169
944 328
706 456
692 521
100 646
31 775
204 703
853 883
39 141
507 246
460 171
167 821
575 646
812 293
363 238
10 837
739 983
425 298
604 529
283 888
341 829
836 771
22 29
550 185
696 239
302 83
291 190
716 891
2 87
893 295
134 243
172 498
865 462
443 998
312 249
413 301
995 656
117 195
714 185
361 784
287 606
70 837
777 470
9 369
649 958
850 948
583 604
916 484
935 534
458 838
489 188
38 23
520 26
683 956
755 832
579 81
992 250
553 846
331 504
697 73
642 137
690 851
844 766
412 843
971 312
613 604
866 784
976 427
981 771
838 951
425 553
268 569
906 597
782 790
441 268
105 319
655 197
177 158
581 19
630 140
704 89
632 738
117 558
267 88
962 613
602 78
640 333
762 30
712 438
268 690
170 155
865 717
758 554
667 961
469 451
791 502
741 910
152 515
618 22
697 86
113 789
467 792
300 386
822 202
414 902
510 610
240 749
815 980
708 854
515 688
197 113
754 970
974 973
480 438
857 159
941 796
45 281
862 274
330 908
311 400
839 785
913 734
173 695
770 685
988 90
594 459
530 969
208 918
935 200
780 326
152 757
59 566
771 506
251 736
592 800
853 575
199 51
440 931
545 459
159 918
641 921
393 856
319 870
704 452
518 33
0 107
122 770
170 518
323 760
837 981
558 105
986 552
293 359
110 652
760 734
361 234
94 644
990 967
374 698
998 791
308 344
49 120
90 121
348 645
940 328
618 277
546 172
119 822
394 532
862 637
628 470
361 355
521 344
650 229
259 344
331 183
126 717
943 976
840 97
602 683
537 59
918 919
627 218
131 14
948 273
852 336
208 234
375 411
719 709
713 635
245 301
503 825
364 252
83 239
465 304
107 596
47 545
754 178
680 229
446 62
449 296
79 534
836 476
596 989
491 707
90 363
973 747
852 686
2 250
752 519
917 815
604 355
843 637
731 167
867 994
323 76
120 13
144 370
116 537
97 29
821 60
900 353
690 772
638 124
607 774
15 899
417 879
832 892
615 894
174 663
332 17
549 540
282 425
958 708
444 258
600 771
791 73
171 594
873 637
570 599
568 1
788 4
564 525
325 14
946 590
853 133
500 540
173 145
508 135
585 584
604 597
535 763
227 610
645 369
492 127
77 851
199 548
474 258
391 718
744 82
47 679
647 415
74 782
107 730
826 417
33 781
817 826
289 212
891 546
421 368
333 484
771 895
241 666
98 92
259 949
166 263
840 702
680 484
936 410
831 882
239 970
473 908
930 595
911 353
112 377
547 305
483 549
34 494
189 102
464 307
259 841
529 436
23 564
802 302
845 901
991 201
583 901
521 23
891 788
89 100
25 610
584 79
195 267
893 834
907 503
781 364
299 95
115 274
712 264
273 860
706 190
813 87
157 914
959 141
565 739
852 15
278 157
355 377
184 495
81 811
137 154
82 218
679 208
455 729
486 42
510 665
899 211
675 503
532 683
764 23
416 737
742 907
503 396
314 231
360 576
425 971
222 871
299 108
478 339
266 160
128 455
255 38
986 257
669 284
347 270
311 347
247 857
493 95
522 796
44 757
355 619
520 686
833 917
511 866
43 532
244 522
767 563
249 637
285 294
598 525
288 565
529 691
97 997
725 337
955 799
208 47
394 466
213 162
335 825
944 906
176 509
484 625
176 280
723 678
745 171
602 388
227 999
268 1000
982 380
161 874
963 101
706 445
97 889
941 756
667 453
777 96
94 591
873 558
97 71
709 864
377 125
538 982
476 104
770 56
147 831
386 884
582 530
659 225
474 179
140 828
159 289
481 74
871 754
568 982
659 346
917 641
958 642
56 541
658 646
424 479
9 466
553 364
592 63
454 587
844 513
445 767
32 369
524 831
641 184
486 310
785 872
114 667
122 262
292 939
447 584
469 77
735 233
28 371
368 934
602 872
406 960
968 929
784 354
261 313
921 588
563 651
869 169
525 130
535 818
628 780
571 246
786 134
278 667
969 521
802 115
998 993
762 716
295 18
16 603
169 845
668 300
7 554
213 888
929 75
879 483
650 660
227 557
640 201
856 765
493 713
601 475
983 311
977 237
358 259
316 491
13 719
765 88
333 431
352 444
269 904
402 36
384 662
329 726
893 768
287 958
282 614
992 481
937 545
842 951
83 670
699 673
413 316
220 904
493 16
808 845
472 896
682 440
169 858
907 558
411 391
612 381
667 842
785 309
699 794
334 144
363 845
349 910
638 784
667 24
641 560
723 599
747 956
976 550
709 435
249 679
96 622
127 689
540 104
335 638
479 94
737 618
11 514
379 681
957 392
126 235
690 277
597 86
93 58
497 673
712 561
373 112
428 802
543 789
244 227
505 268
904 502
348 284
105 563
826 848
980 497
627 904
429 394
847 907
396 217
929 680
621 564
282 869
703 633
357 225
417 276
568 674
716 572
764 91
251 738
17 571
805 92
768 210
350 222
916 862
840 86
671 277
160 61
588 279
400 982
720 169
890 39
642 515
989 559
108 810
806 852
653 344
28 63
845 285
757 172
63 515
328 998
407 59
44 7
832 760
307 646
747 164
40 302
480 574
842 401
157 298
680 339
671 519
855 865
215 10
25 115
486 473
665 475
651 577
348 768
527 245
716 935
995 121
95 588
912 581
838 403
727 801
801 750
856 457
369 598
66 826
336 421
592 347
186 891
413 116
520 996
778 537
392 996
13 411
963 519
352 365
71 123
986 917
35 429
890 980
408 711
972 753
153 421
892 989
658 593
960 406
705 116
505 994
188 829
174 894
907 479
117 131
907 250
447 760
511 21
667 763
813 63
20 198
708 535
507 545
93 676
676 768
285 846
558 712
811 138
888 358
645 371
841 17
612 194
433 717
340 489
667 655
171 717
59 247
656 237
966 951
498 846
405 655
382 900
661 86
349 723
977 63
996 305
982 932
187 432
438 14
624 433
808 779
257 905
797 361
112 29
535 886
899 79
106 214
479 725
438 135
443 250
425 610
547 78
180 779
194 448
560 17
727 948
183 30
274 148
339 277
3 328
256 508
944 653
159 841
388 435
66 384
508 500
324 679
341 323
488 787
68 164
59 610
596 320
854 844
418 957
14 867
174 102
559 667
638 731
22 233
789 900
176 148
429 328
351 903
406 573
733 739
475 969
175 677
982 248
488 908
524 336
395 451
129 975
898 254
177 457
247 967
999 565
25 625
333 741
830 793
308 159
258 567
456 57
46 159
824 978
562 978
389 269
659 93
865 198
108 744
581 210
108 515
534 98
11 811
971 624
558 980
275 103
115 639
538 742
970 399
987 568
393 95
992 683
348 581
260 468
764 267
215 991
435 994
466 344
424 347
145 932
33 462
24 642
547 683
234 223
225 403
101 596
352 178
49 406
458 345
921 106
477 358
425 168
996 923
325 755
361 412
41 996
466 465
194 6
435 886
75 580
493 339
699 407
465 240
487 753
491 643
744 823
324 237
577 417
950 928
582 532
413 989
731 332
196 991
77 774
732 705
867 112
982 853
156 774
357 535
343 637
436 828
670 766
100 879
871 756
205 932
77 895
424 710
157 366
401 992
597 638
112 889
831 576
996 118
597 409
712 884
930 289
257 718
86 607
447 815
70 599
171 651
823 348
718 820
157 487
83 309
671 708
960 582
297 9
863 649
321 366
715 485
352 433
429 128
608 130
525 361
57 27
923 636
634 533
708 482
787 775
498 901
331 495
697 64
93 852
165 957
330 307
373 906
677 122
737 136
527 326
828 254
604 775
81 734
249 318
395 372
842 832
479 780
615 375
496 195
670 82
881 531
836 788
806 357
584 15
811 206
374 205
126 103
136 791
131 218
98 270
819 592
189 388
982 61
309 490
166 670
651 190
73 213
680 891
606 713
568 192
757 616
397 310
727 185
149 208
536 617
962 725
580 431
239 101
34 672
901 257
813 144
553 971
317 731
871 85
628 327
591 445
892 373
66 331
150 968
76 753
299 273
982 303
901 607
404 326
610 660
249 452
271 211
357 214
257 276
390 162
40 278
23 634
535 257
652 842
812 794
452 222
961 365
880 440
479 96
949 799
178 922
267 442
181 402
673 864
645 802
464 498
849 43
212 920
948 22
802 493
996 736
738 737
989 319
956 142
261 812
622 791
713 384
816 805
102 1
272 678
332 463
693 442
309 745
918 789
617 861
887 456
197 238
164 61
147 417
408 687
62 50
67 394
502 56
256 589
70 170
668 799
570 227
621 687
979 166
932 54
180 981
863 220
976 97
138 984
939 215
347 340
636 177
168 597
985 856
135 649
663 805
919 502
960 274
602 566
621 808
349 120
478 759
918 802
312 992
274 700
852 448
986 677
948 156
251 982
941 934
873 507
532 177
432 239
506 942
748 741
41 125
528 472
569 244
560 690
445 703
233 295
858 118
887 819
238 410
833 290
86 770
497 341
461 418
177 659
801 752
691 880
312 66
606 284
895 121
69 308
210 18
471 59
60 259
844 570
583 300
944 508
803 303
887 940
696 177
841 824
607 886
742 293
494 716
144 603
703 301
791 185
419 542
457 834
969 457
983 126
327 953
690 776
349 483
237 13
108 128
233 537
154 15
412 539
183 716
202 729
916 72
260 899
263 416
304 188
478 75
719 955
39 442
419 663
832 78
758 129
80 968
190 611
587 247
537 426
927 581
96 195
182 198
187 313
443 239
792 127
491 953
434 190
98 204
131 152
175 424
934 247
34 485
920 312
259 832
20 550
307 314
460 593
842 658
966 953
171 719
685 940
905 943
757 779
471 193
473 791
555 601
467 717
384 719
291 491
141 961
70 788
290 266
9 778
773 945
716 374
707 325
891 900
270 324
55 399
242 491
746 253
572 137
302 276
121 201
439 776
415 153
360 217
2 509
370 676
318 486
170 322
805 604
175 437
423 273
560 19
708 671
9 899
675 494
871 140
12 150
790 215
545 384
364 43
195 271
453 566
396 32
631 838
934 610
414 840
221 674
123 102
832 562
344 744
614 376
705 723
853 621
42 150
479 151
988 28
938 436
360 459
869 602
957 449
456 167
831 81
700 793
189 577
192 94
763 849
54 389
183 45
274 392
424 107
33 451
90 985
506 634
827 726
729 154
10 238
68 179
169 231
353 806
114 295
692 272
513 566
702 731
518 910
501 741
991 339
631 33
540 403
633 631
495 926
248 231
14 64
965 323
798 146
280 220
354 169
230 628
882 288
123 236
86 583
375 457
298 762
153 115
980 796
218 244
856 272
820 578
966 632
214 768
652 213
566 698
781 623
495 229
304 698
82 585
519 357
990 208
863 167
648 996
320 642
953 289
163 695
39 134
722 164
551 511
157 355
886 235
170 819
970 643
132 298
252 363
785 863
1000 522
444 304
323 14
39 255
111 131
983 60
451 465
640 889
481 78
682 68
766 705
626 173
655 874
719 889
483 124
746 992
920 125
326 406
689 229
966 995
446 471
107 776
234 588
533 884
970 885
128 835
458 710
926 586
530 586
781 168
838 702
191 891
788 881
170 14
203 191
703 248
653 656
725 7
61 781
188 68
773 987
790 136
955 469
243 263
399 251
982 868
151 674
383 14
706 704
916 248
398 551
681 122
115 199
650 543
56 787
479 890
670 192
642 130
284 422
113 540
858 657
85 441
935 648
150 607
520 140
477 736
664 828
84 253
774 959
331 618
100 197
243 505
979 839
558 782
477 857
962 606
26 921
318 541
874 493
497 772
15 503
359 838
109 138
665 90
111 736
45 382
601 371
363 957
382 970
573 272
600 146
803 734
930 546
732 36
589 253
16 620
439 723
506 447
982 413
695 154
593 372
610 312
632 34
45 274
955 724
430 839
650 88
554 151
581 254
627 895
300 500
379 793
85 575
98 285
459 264
340 572
422 611
596 498
749 740
119 573
64 637
437 919
452 224
696 850
479 98
897 611
164 989
415 342
544 981
814 842
640 689
385 170
376 616
529 858
343 210
785 555
358 976
298 696
315 111
91 632
619 522
132 929
32 991
548 53
407 868
295 398
737 514
728 923
363 44
203 809
886 48
681 619
175 976
194 989
803 50
660 267
730 740
293 473
246 627
544 55
399 869
824 109
741 340
460 98
61 352
952 560
93 533
943 740
690 523
745 230
814 855
817 335
487 460
483 984
32 294
101 653
395 871
90 235
678 405
833 50
764 216
461 407
3 761
328 292
359 396
667 283
166 1
345 232
696 984
350 347
570 579
341 756
809 861
69 68
24 820
280 517
113 111
863 343
949 346
431 420
723 40
558 461
582 818
124 943
320 589
540 821
182 884
273 477
149 707
572 810
364 595
190 479
226 173
262 584
33 761
606 394
78 9
43 954
946 462
528 474
836 590
968 746
324 415
353 887
203 125
898 687
750 523
640 126
423 128
557 128
851 346
276 115
154 943
369 831
787 590
653 361
498 716
644 770
284 235
373 721
784 292
421 240
104 304
86 893
843 872
626 349
800 7
328 426
340 251
42 594
281 839
358 305
432 254
812 475
239 842
619 80
894 56
627 466
756 351
654 303
547 177
7 492
375 888
511 254
521 942
356 380
827 2
474 372
620 426
391 603
647 300
812 367
719 139
600 188
504 251
285 850
882 840
393 649
591 139
467 598
197 737
85 267
586 24
453 434
434 421
604 832
547 69
309 426
474 493
553 786
642 77
243 331
616 842
110 216
877 883
25 603
770 491
522 426
718 72
379 606
809 190
272 251
313 252
733 609
678 902
208 724
590 560
698 359
562 727
612 319
445 142
128 206
345 729
601 426
783 137
418 719
193 106
60 974
509 837
927 596
946 838
989 13
366 34
586 266
572 368
383 203
486 853
902 768
167 319
475 960
645 846
208 845
198 157
511 388
731 657
120 732
736 735
699 853
821 550
248 917
449 907
251 434
316 792
41 624
393 783
484 147
772 779
309 789
144 981
617 676
648 743
362 386
978 618
637 325
618 83
50 794
793 838
34 32
857 99
160 925
793 609
858 738
493 88
364 166
407 802
314 574
584 206
537 94
308 271
148 53
542 209
273 987
467 35
425 38
702 612
215 753
567 387
508 975
135 235
699 48
597 266
220 279
681 674
552 523
373 292
39 941
285 179
68 410
376 563
252 2
646 158
398 56
224 923
21 106
936 900
549 225
153 225
232 518
535 327
502 113
823 205
47 243
859 158
291 869
679 685
930 38
529 926
613 102
155 456
408 636
62 228
716 752
629 46
961 556
677 797
608 926
98 824
910 739
148 187
583 344
643 395
495 231
142 867
412 462
450 754
49 410
491 526
246 695
559 926
452 534
718 919
988 514
341 703
592 285
778 704
845 236
514 631
970 645
450 875
646 521
897 103
238 467
324 241
76 139
893 398
623 537
463 585
81 483
805 285
581 806
642 816
600 819
818 224
653 645
140 834
267 875
224 10
831 688
528 650
886 129
674 704
192 701
183 652
30 144
904 937
747 465
12 770
351 236
442 583
304 124
837 358
615 245
936 337
633 299
349 540
146 477
316 363
753 889
952 52
71 303
131 317
962 474
833 589
814 347
957 130
67 598
772 350
813 122
460 758
326 529
725 9
405 593
501 530
308 889
437 545
526 65
600 14
724 309
866 887
986 989
217 249
552 202
180 596
617 368
326 421
842 715
78 319
909 476
620 373
898 58
399 374
793 530
289 502
523 669
127 440
237 83
228 492
574 900
338 889
385 735
352 558
679 953
150 838
761 726
878 79
907 780
208 779
664 830
497 653
645 551
414 884
870 898
543 540
931 356
193 390
330 661
206 625
252 970
178 792
295 145
849 731
663 312
626 430
447 953
417 27
515 562
494 210
955 605
143 690
691 495
493 22
173 569
663 433
742 726
336 38
90 800
833 844
313 320
15 626
822 197
423 451
385 159
197 108
852 305
441 505
821 497
325 559
956 133
421 792
278 218
715 973
732 159
809 608
57 744
709 670
782 919
725 385
307 397
427 691
241 43
974 860
96 857
430 733
466 390
576 33
438 328
820 393
481 927
11 749
933 270
518 28
979 386
253 282
43 701
872 31
104 159
904 737
799 455
940 431
114 352
136 111
463 277
55 940
366 573
856 437
474 106
286 809
88 336
556 441
272 682
57 757
695 748
430 36
886 50
330 98
860 852
289 60
868 676
598 815
510 968
178 0
458 283
532 986
263 44
356 6
595 288
326 100
400 49
873 498
782 114
319 878
88 457
864 678
14 242
817 337
509 221
160 67
808 517
99 57
730 863
580 101
169 301
692 342
296 113
395 55
765 820
529 55
501 222
718 745
551 339
272 924
566 876
855 750
421 229
973 971
252 191
954 463
549 643
494 707
526 696
610 101
636 302
340 11
534 291
713 522
119 12
138 62
570 473
998 920
845 412
247 463
574 592
238 643
766 762
976 343
35 314
981 458
893 574
463 761
84 176
640 128
991 880
172 548
232 599
746 820
340 132
842 528
350 591
408 7
900 469
243 199
597 468
473 890
588 877
633 125
294 430
113 355
55 148
672 53
867 292
486 600
269 602
682 17
771 998
100 830
255 704
781 225
903 888
870 711
851 469
56 723
670 128
181 903
83 368
229 651
363 651
294 780
951 821
839 351
894 58
696 302
635 292
112 251
893 816
637 890
203 369
370 546
708 770
899 72
923 466
670 20
408 249
248 785
831 877
979 775
922 241
743 764
889 64
397 127
440 726
63 776
912 721
860 531
800 251
258 197
920 545
409 595
101 213
395 431
629 369
226 659
128 87
367 369
391 726
389 128
726 716
540 31
283 375
976 827
200 377
859 13
396 23
444 966
169 798
406 445
602 128
15 331
139 626
538 372
221 436
460 718
563 136
50 554
535 74
586 268
880 486
820 206
228 560
171 26
893 950
365 565
910 365
332 388
888 606
53 973
987 319
6 632
909 665
246 321
149 388
443 377
145 912
217 788
112 506
575 267
240 920
123 106
202 399
128 450
269 160
620 912
936 889
358 912
740 977
31 517
361 163
531 840
359 90
770 856
713 322
319 920
484 270
129 42
833 912
404 506
693 380
772 673
216 684
969 958
852 144
375 448
707 692
834 733
650 158
507 338
851 148
875 505
94 465
374 748
742 915
46 165
703 923
49 170
123 119
983 977
702 964
158 571
779 918
242 979
209 573
816 985
284 158
470 348
518 96
55 69
569 61
173 61
789 330
352 63
207 877
549 577
876 743
124 879
972 451
134 106
34 168
576 222
180 222
199 464
923 266
168 656
460 276
226 109
713 456
603 584
685 623
410 418
880 862
291 992
900 282
270 115
960 333
487 638
108 53
333 171
18 833
147 718
995 290
673 239
714 277
356 74
755 574
873 566
597 631
552 888
459 697
142 761
930 282
744 829
991 935
972 693
566 5
727 862
154 1000
793 169
607 945
767 934
486 426
16 248
879 586
700 126
634 526
83 652
933 822
386 195
470 832
771 6
69 259
695 950
588 824
630 3
976 411
448 26
809 5
167 13
640 196
860 465
755 937
516 426
868 60
281 788
377 725
229 598
110 381
757 717
209 131
921 825
107 83
458 835
324 606
406 150
918 527
37 549
469 206
978 312
553 843
716 312
210 440
325 427
996 366
466 137
643 773
729 776
624 494
584 129
773 65
558 665
924 197
733 666
313 80
328 846
796 722
739 188
6 566
221 491
255 75
988 892
367 316
234 955
908 374
624 615
173 679
811 441
902 825
346 607
814 712
401 314
181 45
819 827
464 599
827 422
735 833
193 284
476 838
932 852
801 140
154 558
498 102
966 207
85 458
281 333
508 790
621 438
459 376
230 553
607 274
684 723
357 99
675 674
315 102
683 269
755 374
581 258
870 95
718 492
737 505
814 954
322 263
594 685
640 801
24 569
695 508
700 852
392 736
354 215
165 50
791 741
445 333
510 728
35 169
928 975
50 972
843 379
442 35
182 862
311 747
600 621
985 728
9 153
140 636
374 574
621 680
184 679
456 118
800 682
850 274
756 87
935 89
559 970
22 765
865 30
273 118
374 924
300 746
489 682
420 811
321 280
142 803
51 419
362 806
128 639
539 210
403 578
136 234
265 873
898 557
375 516
356 237
461 290
941 927
125 341
880 917
923 321
33 752
308 462
569 237
271 809
333 226
579 696
59 926
461 411
879 170
774 871
120 118
172 308
746 809
512 642
166 5
694 353
415 938
575 927
542 750
965 853
633 114
201 228
175 993
247 344
426 575
654 173
136 247
600 876
815 535
904 55
231 484
184 934
812 237
63 644
228 186
742 407
599 358
62 419
535 868
301 701
208 244
540 717
698 108
254 360
727 809
887 7
787 823
634 352
446 530
675 124
23 198
119 135
432 366
951 931
514 701
517 181
85 258
219 487
797 235
921 530
948 633
86 897
769 927
213 709
172 671
586 954
28 663
716 246
47 676
418 589
740 374
573 197
572 238
202 964
556 1
728 485
962 423
323 207
684 415
697 125
449 777
743 995
308 838
108 255
765 259
658 133
164 793
835 769
527 616
878 136
718 184
530 887
561 200
626 595
805 597
925 891
483 546
610 358
42 840
73 153
931 413
174 205
876 477
215 731
922 364
347 133
908 200
168 390
844 710
154 492
49 964
314 215
379 610
21 902
267 140
850 195
552 501
497 602
958 960
758 377
188 490
997 659
859 954
316 675
894 423
873 71
527 858
995 963
828 557
368 84
970 152
211 100
592 960
568 374
210 400
633 503
858 850
421 849
25 620
489 724
649 447
392 791
165 334
98 344
698 834
280 92
836 44
794 542
367 734
491 275
384 149
475 267
260 113
521 383
531 842
283 740
273 52
13 916
245 219
264 232
603 452
200 742
792 617
979 443
733 976
304 799
550 37
175 914
827 611
519 458
557 750
271 622
439 206
692 386
1000 502
351 93
301 501
289 935
311 694
428 47
414 149
402 812
443 621
61 519
369 406
971 740
391 165
809 678
272 739
671 448
846 974
863 389
321 106
648 989
651 506
539 36
871 509
370 227
110 825
433 283
209 804
25 983
195 640
831 558
910 851
98 707
929 864
79 465
371 573
604 515
967 338
246 578
311 936
746 635
875 520
606 332
828 933
592 168
327 651
129 407
743 337
643 399
113 170
742 112
296 520
105 989
614 866
42 640
281 656
322 694
666 238
924 762
528 762
299 939
449 469
970 649
962 236
461 708
989 864
488 582
510 112
240 251
364 546
820 826
732 942
754 472
933 703
910 985
504 297
421 528
373 780
35 721
835 582
885 928
164 377
761 367
186 136
16 479
714 521
967 472
406 139
216 15
376 4
937 300
129 541
886 483
710 523
44 433
892 5
415 80
814 580
957 134
461 721
538 416
53 667
543 531
56 672
133 367
556 995
597 996
638 539
439 824
644 24
107 85
186 378
957 255
943 357
585 649
346 367
962 370
884 945
879 601
450 424
42 895
618 8
754 835
418 886
22 391
531 534
858 663
806 473
803 727
500 955
775 894
591 548
481 676
116 26
718 131
957 376
65 209
105 547
881 768
518 716
757 961
724 555
889 134
770 671
599 789
184 318
192 142
268 689
772 488
23 858
577 212
532 735
834 319
218 50
424 155
840 70
351 845
874 849
220 96
266 212
39 987
679 381
901 494
519 163
601 956
133 622
432 918
559 730
939 197
554 386
31 345
624 859
825 849
245 45
195 453
446 35
214 466
723 838
332 687
798 194
313 445
249 918
992 733
852 430
978 569
530 150
499 800
311 749
158 278
41 925
784 969
735 30
785 790
904 741
694 931
692 333
623 462
141 459
764 209
311 870
438 682
691 862
438 453
570 343
611 344
84 864
201 217
252 411
439 274
169 413
664 621
342 341
223 878
106 64
259 343
166 115
326 104
369 703
985 972
418 336
740 121
867 162
710 215
753 814
887 814
835 624
319 64
95 585
291 231
67 523
530 284
958 694
144 706
428 236
199 413
894 975
956 392
727 569
947 801
355 926
350 582
553 416
680 228
186 888
437 470
984 868
929 932
867 54
891 411
560 806
421 233
434 172
981 570
1000 583
986 685
669 712
177 775
144 598
777 282
100 3
933 758
881 339
251 172
633 237
275 529
506 950
151 722
607 773
963 637
541 419
792 1
76 319
774 886
846 237
309 298
278 948
512 886
400 416
23 429
427 24
17 126
523 486
160 434
633 129
729 591
66 247
665 835
608 301
16 655
766 887
926 876
291 365
869 113
566 304
865 866
898 814
208 596
612 420
693 116
323 317
326 588
42 829
440 838
760 62
440 609
770 484
197 851
503 140
704 130
7 727
855 299
492 247
361 730
249 260
763 710
216 83
474 607
161 147
656 355
871 243
582 140
702 471
587 255
628 256
77 153
247 830
586 259
283 258
407 553
35 910
558 951
966 22
35 681
544 787
323 559
235 446
703 551
6 623
353 438
293 158
721 605
143 628
499 492
251 427
528 964
466 86
853 495
517 546
19 40
560 135
357 35
212 849
565 967
8 790
834 603
555 959
302 513
200 731
551 22
682 505
767 320
488 905
68 53
637 439
546 92
95 156
950 670
265 338
600 328
608 906
976 844
699 41
487 387
98 575
588 210
841 390
362 621
899 331
422 672
995 39
255 266
623 396
961 657
77 408
952 608
668 849
883 737
470 339
588 560
657 165
98 467
263 800
409 854
113 38
49 282
692 388
463 565
136 170
246 567
69 934
719 750
8 924
361 288
116 457
415 524
487 629
965 439
220 285
335 235
230 744
10 475
660 328
899 573
539 267
439 100
580 39
210 994
141 406
717 44
180 105
168 768
591 871
36 60
215 291
690 584
392 927
244 763
275 113
462 168
272 44
540 761
526 863
801 573
615 117
749 117
28 357
377 474
93 715
561 820
406 946
965 681
60 538
916 1
263 345
554 817
750 463
347 753
120 296
765 1000
37 298
787 530
243 366
487 992
757 358
211 599
85 194
71 296
613 579
871 874
404 176
273 659
543 291
340 420
37 419
596 117
675 181
969 399
532 361
17 181
165 833
449 363
834 174
812 415
63 822
835 813
646 648
150 710
635 230
57 253
791 477
560 56
218 844
801 936
185 667
725 123
83 656
565 659
790 252
143 441
36 315
614 63
256 318
294 610
459 943
839 410
297 127
696 361
649 249
241 949
179 71
967 824
103 490
967 595
810 877
772 356
39 734
276 189
363 831
96 487
466 20
701 826
21 838
227 677
529 719
818 593
758 313
73 439
427 442
456 914
499 318
289 737
891 842
956 5
536 614
847 772
477 973
993 72
313 313
227 798
268 799
39 747
150 26
436 154
133 382
298 678
451 957
624 619
266 911
556 421
883 321
460 898
59 554
544 37
22 635
765 679
517 614
942 83
267 439
700 964
263 734
115 570
736 917
23 981
642 730
554 617
912 96
399 743
633 681
853 913
834 671
375 157
507 276
625 39
148 343
828 627
43 815
48 930
860 845
459 501
645 920
684 848
161 578
128 401
439 263
921 37
397 791
359 270
209 740
457 576
341 630
19 350
542 391
216 864
445 458
288 740
632 284
692 335
102 469
303 230
564 42
266 577
352 351
453 174
692 456
525 279
241 520
790 762
236 176
34 456
573 993
227 356
939 333
567 690
383 869
512 754
438 576
314 998
818 43
367 107
713 744
682 936
105 107
303 351
126 718
743 623
657 354
560 687
362 931
899 641
897 43
305 168
898 682
700 172
820 991
479 469
107 826
881 449
513 53
248 536
559 169
853 121
882 822
54 936
687 354
594 126
274 710
103 303
667 870
245 652
364 603
749 414
424 883
754 529
248 657
93 783
817 585
388 408
338 816
27 200
715 537
202 955
981 693
323 427
593 59
686 775
326 469
171 824
823 521
799 127
451 878
905 819
347 3
951 935
641 480
324 773
150 886
761 545
2 493
681 293
483 537
464 295
920 309
501 591
496 247
212 488
391 719
28 667
86 83
979 889
363 657
306 86
710 701
283 368
660 880
169 791
597 6
764 937
184 133
227 732
827 468
607 199
101 327
651 242
735 650
298 612
582 142
513 308
845 781
110 332
600 425
569 846
421 719
75 311
489 594
613 889
948 650
63 193
753 374
478 206
634 948
240 563
615 440
749 669
551 950
69 910
231 743
798 827
75 432
364 40
264 102
861 92
30 689
90 740
575 489
401 373
728 502
222 630
170 440
328 797
703 674
431 215
87 442
954 256
380 435
70 209
364 161
792 379
988 25
420 736
795 384
48 864
409 843
428 856
271 384
739 489
665 274
885 543
725 325
771 441
370 97
17 733
251 671
925 90
132 979
228 687
388 676
140 574
811 513
630 438
281 284
900 33
781 836
43 641
817 35
519 570
188 736
441 916
257 341
670 510
394 575
879 95
209 795
880 734
778 686
883 739
588 562
700 803
309 918
992 911
887 629
804 860
408 860
582 747
670 631
174 464
614 965
191 862
934 152
466 572
461 228
553 460
374 983
97 180
603 806
111 115
666 108
626 975
564 97
478 811
593 798
352 177
155 572
747 218
136 293
315 295
750 223
323 119
722 390
75 808
773 621
98 940
258 929
165 701
242 167
710 272
999 109
161 996
959 747
838 457
177 940
287 583
824 293
259 750
543 280
130 636
75 700
685 629
322 577
831 683
779 227
514 747
767 927
330 172
333 177
233 239
439 573
136 535
989 976
309 463
3 945
686 938
223 948
400 352
264 720
759 928
850 817
449 473
280 701
674 820
779 119
443 170
627 516
663 173
715 363
613 352
136 656
506 189
989 868
189 24
818 461
128 14
295 945
675 412
157 715
831 925
74 717
853 418
746 63
486 890
424 12
477 841
223 961
648 430
23 378
317 596
158 14
237 78
495 602
619 143
209 245
192 830
197 908
484 184
687 543
155 948
52 32
695 367
263 481
693 294
194 610
552 89
846 307
249 317
226 599
381 207
890 350
661 490
843 238
614 415
609 71
297 479
77 210
569 672
742 600
363 15
888 654
907 667
519 33
548 734
725 138
446 723
895 549
105 430
922 652
793 538
187 728
705 425
247 779
975 249
252 857
21 961
924 203
629 780
273 916
412 28
623 211
418 782
12 94
206 862
591 673
484 318
79 498
136 803
906 721
646 316
235 516
596 495
348 393
986 421
26 342
884 144
452 221
737 619
676 609
165 393
588 496
51 291
524 740
1 470
4 741
714 83
45 513
380 503
655 442
825 853
677 726
319 981
314 637
88 331
709 678
98 524
187 44
882 340
491 455
324 278
35 175
95 226
752 496
783 563
893 206
833 155
86 406
996 856
886 984
736 222
507 170
897 850
286 925
919 609
286 696
248 175
845 165
593 853
321 165
285 471
665 463
1000 682
324 170
766 515
568 796
581 735
295 866
231 356
83 229
812 109
822 568
844 327
715 405
539 445
926 625
260 535
342 345
254 461
340 235
507 412
364 592
474 235
608 989
840 329
878 584
726 456
607 993
896 867
187 407
156 828
546 754
276 930
307 997
403 705
697 923
802 976
516 582
750 520
70 761
567 813
653 587
121 992
484 815
680 461
551 576
437 474
798 682
473 885
10 895
187 299
751 341
338 468
417 761
539 458
345 592
469 133
923 340
9 414
45 71
382 888
922 344
210 138
877 867
476 523
660 869
911 451
980 56
489 233
305 412
126 144
976 351
346 413
394 898
337 364
626 238
72 847
447 761
414 584
922 465
526 236
349 603
220 718
569 606
508 596
448 316
952 115
864 231
814 639
976 472
79 190
690 78
318 472
43 267
643 3
506 28
758 249
59 477
694 722
430 649
366 139
834 244
204 77
352 729
696 539
878 21
126 157
597 8
95 844
778 83
828 429
800 367
841 368
235 329
171 839
212 611
246 195
485 477
347 18
177 95
218 96
727 10
25 492
451 75
577 968
525 778
979 194
602 244
731 883
973 645
433 960
634 950
54 375
384 21
587 609
141 34
53 150
994 475
27 686
335 802
741 29
493 193
718 311
90 742
828 671
456 274
444 974
681 658
953 851
963 78
458 91
750 199
898 134
490 797
77 399
815 99
30 812
374 622
630 319
762 438
230 614
63 208
445 273
665 505
756 135
352 45
642 787
224 799
771 443
716 507
174 453
614 725
633 967
972 433
669 395
273 166
116 448
923 19
484 615
897 784
190 168
869 951
303 45
248 109
781 609
566 684
712 738
261 48
63 558
968 435
987 448
491 510
150 217
747 207
100 625
678 336
516 274
414 263
691 800
682 980
451 330
46 510
891 336
304 805
803 223
13 104
701 441
973 900
596 684
558 163
549 572
664 559
626 38
163 802
557 167
507 346
94 702
460 271
732 693
300 807
64 5
415 757
430 99
373 760
803 344
82 584
949 398
417 803
766 691
241 577
907 172
678 349
617 339
127 1000
75 810
483 110
708 228
484 749
456 650
179 638
588 806
473 590
435 298
638 169
968 798
385 477
252 591
858 172
398 416
828 229
711 647
962 229
888 280
673 355
590 357
158 700
497 166
658 986
548 360
479 526
606 567
446 349
878 760
821 226
253 937
738 457
327 657
707 124
941 62
32 480
285 660
668 398
315 768
871 757
585 400
423 301
77 896
856 634
895 296
363 701
877 922
891 591
256 80
952 49
186 21
277 139
189 255
562 537
54 67
188 67
625 822
262 770
298 427
666 594
550 648
886 368
550 419
622 524
252 725
66 306
35 727
809 350
487 70
934 530
823 699
265 371
652 817
900 653
60 905
886 718
25 655
481 669
178 897
250 773
396 73
520 368
575 304
370 838
62 722
695 369
857 956
277 381
53 902
896 130
734 68
491 81
692 71
339 441
413 427
991 138
784 828
545 317
416 432
572 420
383 484
600 253
365 615
822 302
390 379
491 202
959 307
983 664
931 474
174 266
895 551
545 667
435 795
572 541
481 911
704 431
558 902
883 433
93 277
170 497
254 905
744 503
711 326
490 852
273 100
911 882
801 256
713 372
80 459
947 310
966 323
162 269
267 322
93 398
487 325
220 210
385 277
758 788
579 328
343 317
243 867
12 217
793 782
650 208
228 744
658 557
732 506
157 46
71 797
881 77
998 662
988 203
161 919
18 870
959 670
197 118
849 44
1000 442
55 937
788 559
344 811
108 800
908 853
925 268
447 266
837 155
861 283
102 231
253 400
74 169
896 735
743 264
440 226
417 508
152 991
888 93
862 629
53 231
727 670
204 629
584 621
776 791
671 509
84 978
941 104
695 866
641 337
753 578
935 555
68 475
486 234
730 860
477 643
76 70
26 478
628 812
903 751
918 93
37 344
400 167
6 11
565 463
854 337
167 868
107 588
936 147
795 925
826 275
635 973
798 442
248 298
960 504
266 581
304 873
505 863
539 447
356 474
540 820
650 463
595 527
791 402
791 173
507 643
97 250
64 73
532 178
339 12
418 342
473 766
813 871
995 582
398 363
62 414
714 340
189 189
925 523
483 178
59 116
933 872
262 704
551 578
983 464
215 363
643 810
724 240
765 241
271 938
44 481
54 940
608 294
522 291
797 230
883 233
186 305
580 461
669 718
973 163
713 990
997 520
261 600
998 341
883 125
351 530
425 479
810 815
323 431
667 766
101 89
620 654
790 82
0 717
881 466
581 174
522 762
44 723
627 815
467 597
250 828
847 818
971 359
448 318
117 713
907 603
478 426
170 81
653 952
83 836
981 0
463 303
399 547
434 770
570 136
117 834
167 197
84 428
879 662
450 485
734 15
646 131
18 562
183 141
553 906
890 528
754 896
83 957
843 187
550 837
796 75
308 257
781 477
15 678
175 667
268 629
768 952
68 46
744 329
188 377
988 955
408 380
114 391
399 560
394 216
941 614
206 919
383 552
226 80
806 426
616 265
440 39
582 388
461 98
3 452
433 265
154 850
517 673
25 736
704 499
401 727
506 743
676 666
468 259
483 796
918 953
519 453
835 430
16 98
212 976
664 319
77 751
342 39
471 678
543 29
364 286
883 851
418 263
303 47
201 265
968 437
362 627
701 93
687 158
21 334
697 617
683 682
683 453
210 758
731 201
853 864
966 741
797 969
224 104
52 586
377 117
316 107
118 122
541 225
398 405
30 9
642 802
912 397
497 155
342 281
507 577
409 42
350 630
66 871
606 327
680 276
721 277
93 708
74 466
602 622
984 687
560 854
481 295
147 944
637 808
525 338
158 581
194 238
672 802
730 218
603 931
167 815
776 859
368 805
523 413
633 56
299 705
478 936
880 162
467 518
766 814
594 64
136 418
120 181
837 236
778 824
895 177
17 174
616 762
349 647
196 405
891 701
834 167
863 639
985 336
257 829
16 474
742 349
998 46
984 111
361 886
218 837
777 572
978 296
135 839
656 282
964 398
759 932
181 955
661 360
909 462
294 832
41 423
674 824
932 594
985 457
641 418
68 785
687 763
558 649
131 316
998 167
390 18
446 593
279 416
93 963
523 776
611 660
449 598
5 850
581 0
662 891
440 778
51 966
517 244
921 822
852 988
819 811
497 760
681 352
48 439
249 429
194 493
579 304
204 952
460 878
720 14
515 548
303 894
609 183
788 414
17 308
667 124
94 262
350 188
644 140
167 252
222 676
244 435
488 832
885 239
632 22
967 12
518 711
900 776
394 150
306 266
683 24
130 77
383 257
980 247
641 781
732 374
30 856
24 553
29 668
268 913
464 596
593 481
175 493
617 838
636 851
863 76
610 421
128 381
717 776
321 22
568 653
403 91
950 489
27 743
875 315
209 491
641 902
66 671
522 722
140 620
117 902
43 687
678 969
712 782
505 489
431 274
138 961
694 913
1000 202
783 433
413 671
141 212
578 967
292 610
275 966
349 915
433 320
278 446
99 740
171 91
575 669
888 900
812 87
795 443
98 515
643 315
412 153
329 384
766 156
678 272
604 94
196 794
975 495
741 328
727 430
226 148
611 218
354 562
561 397
528 220
495 43
835 377
4 974
876 903
251 851
628 572
122 175
536 983
694 108
594 924
570 338
726 326
776 443
970 686
170 633
469 929
150 395
819 490
585 323
375 513
922 911
884 390
400 277
176 798
326 99
842 393
314 762
737 865
658 801
754 280
373 817
891 514
588 513
858 337
13 282
538 921
593 857
15 880
85 121
188 808
871 801
408 811
714 100
573 878
213 572
538 103
77 711
777 385
956 616
6 242
873 847
455 105
741 462
350 577
515 119
878 696
382 758
41 465
886 291
46 580
454 634
285 825
753 930
467 573
412 637
186 65
654 170
203 5
681 44
106 301
598 9
190 709
23 303
281 827
33 762
289 422
882 707
338 580
250 696
453 530
183 706
246 991
115 242
903 995
194 306
636 651
942 694
606 745
157 653
859 925
671 874
303 478
905 812
812 584
793 342
707 302
10 899
149 11
572 114
412 650
30 319
477 779
800 466
781 224
134 642
72 730
698 226
175 185
78 252
974 767
642 65
597 817
480 3
839 579
402 312
517 299
295 186
756 581
539 812
616 12
131 263
425 481
924 128
304 420
538 358
493 881
832 310
45 425
931 289
661 428
485 468
349 836
633 366
655 125
600 189
25 712
398 957
90 841
167 307
692 946
819 987
957 197
776 122
67 894
544 782
571 656
175 656
156 148
496 482
964 587
854 715
193 444
871 130
886 896
77 269
75 425
378 197
168 387
140 554
314 441
924 141
263 661
280 76
772 767
257 92
169 208
86 210
996 431
994 587
58 148
966 259
599 960
594 616
776 364
370 908
951 136
51 108
907 29
810 362
805 18
672 657
875 491
484 377
957 560
673 801
506 624
767 436
156 511
376 780
963 82
211 218
235 575
761 96
577 275
169 221
581 431
717 26
254 36
770 855
892 552
171 38
489 842
859 375
630 552
30 816
38 906
253 565
673 922
121 446
230 847
206 224
323 809
706 547
439 203
559 793
89 578
906 83
94 693
512 452
443 847
553 224
162 568
612 804
701 324
202 640
274 516
535 786
697 619
857 571
475 506
617 330
545 750
925 217
997 322
928 222
709 858
910 848
435 60
913 99
393 329
835 445
976 155
112 50
298 994
494 640
650 628
989 848
282 232
325 868
110 943
149 871
686 581
106 6
6 68
176 745
630 915
181 823
735 214
64 9
998 853
244 879
225 637
858 284
99 232
797 274
816 287
948 443
277 238
134 455
562 636
323 125
507 700
739 40
185 420
823 448
572 866
928 464
988 515
983 171
91 4
528 530
247 517
911 268
255 866
723 217
742 230
387 2
72 664
868 46
312 353
348 10
606 571
642 228
102 543
284 520
905 867
253 941
91 125
569 423
123 602
589 109
310 657
678 595
436 15
658 882
876 287
790 247
31 195
611 770
583 708
578 364
438 61
123 952
176 61
780 993
341 128
695 360
535 933
492 297
141 777
172 844
488 821
276 413
785 290
978 190
825 362
71 654
369 82
733 773
263 595
464 356
500 13
519 26
109 128
436 257
904 362
587 655
788 416
898 59
977 352
848 467
182 377
359 10
820 368
204 136
407 724
178 901
825 483
935 880
966 422
311 262
21 954
324 726
103 727
48 791
915 642
199 960
937 889
717 657
909 827
279 660
40 149
754 953
190 93
484 311
47 273
2 796
456 212
363 21
332 671
308 85
373 443
590 966
984 368
987 373
436 499
54 205
928 961
367 665
353 501
359 252
261 912
200 902
520 614
733 907
915 655
951 312
662 438
101 401
357 327
1 463
618 368
205 724
967 256
764 193
977 486
994 884
177 396
653 325
374 910
97 107
952 658
448 630
551 85
289 48
29 912
874 738
982 537
206 279
376 727
959 553
255 437
501 907
544 274
480 784
540 569
512 507
820 623
481 928
608 969
718 612
798 312
657 336
757 45
560 669
756 315
742 151
871 790
463 736
819 371
716 687
191 802
986 548
628 803
163 740
326 209
214 934
298 110
767 854
113 330
82 751
266 343
44 230
431 639
68 587
145 282
783 569
471 977
125 569
754 282
186 993
795 808
294 526
472 569
45 990
902 153
35 302
764 677
466 754
361 472
452 819
772 43
617 398
383 985
358 174
666 290
36 123
110 72
19 708
384 806
169 652
232 937
903 876
717 457
732 765
451 752
24 944
657 591
844 683
536 301
123 657
140 72
577 827
141 940
346 177
15 306
698 336
856 922
376 285
961 975
450 5
408 237
876 342
840 685
537 647
862 178
251 290
22 201
975 55
49 829
35 894
737 183
222 491
323 543
533 124
227 606
488 876
139 722
722 814
791 419
356 491
768 701
570 945
463 65
418 817
790 423
485 578
382 894
361 17
655 235
206 897
877 873
99 542
295 188
208 714
939 933
841 361
730 301
941 713
757 892
815 79
947 6
71 601
594 605
864 237
7 845
509 9
115 607
221 774
918 702
226 889
529 661
854 946
721 602
872 1000
633 489
994 468
383 543
729 951
856 238
522 887
713 189
792 482
465 87
570 140
921 892
313 484
392 777
805 946
227 969
660 70
412 197
288 427
207 502
563 137
876 597
394 328
872 892
550 841
727 474
22 456
140 677
434 895
11 792
625 197
131 857
258 669
337 733
478 672
510 890
887 611
123 215
744 562
558 143
890 653
847 17
331 918
265 564
55 754
163 553
41 38
794 541
357 503
469 744
785 721
546 210
687 149
749 798
260 570
857 560
760 893
232 508
589 782
675 31
998 950
243 108
649 567
74 336
14 56
520 682
743 202
299 454
887 853
276 965
987 562
412 331
30 0
265 806
53 398
755 441
383 798
608 916
682 865
396 737
52 698
592 154
542 562
60 293
41 51
304 919
192 449
285 640
519 578
106 934
352 172
183 629
902 316
852 724
250 161
168 994
875 627
479 627
419 347
565 401
214 881
19 642
850 570
578 111
932 343
481 178
16 344
494 871
370 347
411 348
361 527
311 935
323 6
832 112
355 978
694 178
735 216
924 869
597 511
65 879
462 286
500 578
952 150
412 465
857 815
342 635
268 191
524 117
350 984
925 461
147 130
689 221
718 922
790 7
826 455
955 340
597 632
239 887
528 761
729 522
677 332
30 484
301 984
241 704
841 174
306 833
906 340
598 187
512 938
166 530
501 520
372 406
945 2
826 576
210 307
110 140
848 106
572 171
954 990
448 364
613 697
644 10
866 877
425 646
184 291
860 345
901 117
942 643
147 143
959 58
205 350
859 874
201 874
485 404
430 468
36 312
146 709
523 659
335 608
402 369
806 230
61 76
217 589
814 579
136 664
781 402
783 1000
681 235
593 351
478 364
507 836
419 952
290 313
469 315
288 240
680 993
553 952
876 410
45 253
248 841
494 79
344 549
872 705
691 364
701 823
410 85
883 534
809 356
893 993
681 585
139 790
276 536
123 28
419 844
754 834
637 20
764 61
638 888
196 543
149 202
135 267
849 842
453 842
503 434
687 780
658 79
919 120
993 69
0 79
676 362
356 909
514 71
543 772
106 734
832 609
156 326
935 64
706 241
381 444
881 767
287 28
335 742
407 847
770 670
267 315
700 840
693 652
123 270
276 549
6 688
907 86
69 973
633 786
913 840
708 142
448 740
319 855
933 260
396 321
341 385
602 426
676 375
235 861
480 665
172 283
309 29
75 616
479 440
689 21
300 734
126 581
594 686
234 380
533 676
982 539
624 40
87 855
615 974
885 606
403 566
21 501
742 32
626 86
309 150
488 381
127 927
278 571
801 612
116 509
405 383
264 407
873 488
845 389
14 232
509 440
877 378
307 979
458 394
463 738
525 155
733 333
912 335
213 563
311 869
254 335
6 233
992 35
168 820
195 694
928 279
993 674
358 163
382 520
44 232
30 297
21 514
227 582
516 456
230 99
125 571
820 867
166 343
890 145
662 924
127 351
247 453
624 174
390 761
954 803
11 176
434 279
931 856
917 921
829 808
521 692
438 923
507 528
689 276
80 949
59 109
179 928
14 366
872 626
283 2
109 869
434 400
40 998
351 631
351 402
599 238
731 623
273 711
452 942
992 398
801 867
648 588
625 870
210 362
719 239
187 644
705 341
261 364
584 51
352 482
718 51
150 762
66 125
558 587
910 221
805 464
725 175
634 582
548 542
773 926
859 929
799 124
179 941
573 306
564 752
96 418
816 707
704 237
250 592
811 134
510 408
364 842
609 121
922 352
523 606
573 198
858 825
932 774
913 532
438 239
706 993
737 306
976 817
341 306
585 932
186 432
117 598
604 945
714 588
984 412
902 639
194 781
323 437
529 771
307 429
553 899
501 709
255 10
311 319
517 653
112 604
136 961
24 491
225 252
648 843
312 894
97 969
670 373
207 612
384 16
852 121
900 835
215 961
3 553
66 609
584 306
281 268
272 714
921 894
487 373
962 666
332 499
268 972
552 502
290 502
730 774
761 87
100 607
565 966
983 725
256 854
361 153
759 199
537 86
411 913
712 841
60 161
992 666
73 625
398 156
62 207
389 373
50 907
747 81
563 260
306 567
705 838
94 684
820 559
553 444
378 214
695 793
387 677
222 869
146 93
440 274
987 672
467 148
240 923
367 964
422 671
585 140
318 25
246 674
34 266
977 664
750 207
941 970
839 959
326 145
278 397
634 32
267 733
410 287
676 672
583 444
41 161
330 35
184 735
710 256
96 97
51 354
780 729
290 636
123 459
122 5
741 508
586 634
369 865
923 256
498 750
406 932
46 626
187 336
25 274
710 148
252 465
118 236
885 903
85 59
577 521
384 392
998 26
320 865
485 969
772 208
529 221
782 401
625 683
317 567
157 349
969 264
960 673
518 328
19 644
179 633
812 280
156 878
985 208
701 449
381 996
816 399
742 221
893 619
869 33
917 747
3 821
639 739
303 524
611 640
726 398
922 44
729 632
930 393
188 988
618 801
995 522
958 640
606 683
876 49
265 124
499 62
225 991
662 763
266 763
222 427
846 520
304 237
428 532
918 396
460 750
653 650
212 419
647 576
248 830
644 830
788 286
454 935
614 170
729 874
880 289
575 178
7 889
360 253
2 545
962 587
929 410
562 882
956 809
653 1000
861 949
991 241
688 469
829 179
774 243
531 522
151 789
825 474
47 143
577 897
487 186
717 648
970 74
703 713
433 889
887 305
634 879
744 485
436 140
909 589
950 590
766 15
86 27
213 68
774 364
614 412
619 490
779 479
476 707
990 928
88 73
219 556
236 954
805 882
442 830
271 194
887 426
100 312
353 492
64 618
246 366
12 199
227 87
36 556
642 366
595 25
495 841
746 423
350 194
830 831
639 68
682 667
981 1000
700 721
712 546
304 492
629 777
546 254
596 600
615 613
372 892
463 256
204 261
75 376
823 10
479 200
938 485
984 601
225 549
294 154
46 89
528 92
610 885
607 385
123 272
813 490
548 973
613 136
647 952
802 597
199 38
746 436
42 320
811 794
363 375
468 428
84 960
313 554
652 20
96 31
194 862
734 318
532 857
337 93
934 83
853 912
488 262
975 609
667 493
873 598
107 570
46 331
528 334
290 920
799 568
728 99
702 901
600 853
70 624
311 750
168 701
295 742
735 260
501 93
102 347
64 55
793 201
743 609
303 108
478 863
932 279
505 737
114 586
480 909
917 910
700 158
287 514
414 555
717 98
842 507
212 111
19 699
437 458
10 879
822 794
388 273
30 70
492 101
667 627
364 589
966 923
78 232
226 396
928 402
396 807
840 555
74 756
74 527
330 453
848 150
225 925
65 707
271 812
706 969
362 930
959 920
945 985
389 804
31 830
650 808
567 810
553 875
470 877
321 754
732 59
556 99
250 581
692 926
580 227
98 187
912 700
406 74
698 448
20 533
703 526
686 882
369 946
680 808
931 161
974 760
196 237
187 646
994 217
605 405
624 647
233 762
863 700
539 576
906 747
199 885
841 123
660 48
794 48
427 483
771 293
537 651
146 766
886 539
412 885
314 313
402 197
747 875
269 836
728 596
924 242
67 887
560 2
417 182
102 844
375 185
330 708
638 824
335 786
863 942
250 944
864 349
883 362
704 131
948 757
676 298
56 849
637 306
793 590
490 781
774 311
932 897
383 426
438 133
534 70
407 783
713 72
539 939
570 252
47 211
919 406
267 251
733 953
819 993
745 24
184 482
626 827
533 370
15 673
863 245
426 15
82 205
205 770
124 845
260 211
449 901
227 34
438 483
550 724
586 381
94 444
302 622
861 91
391 142
943 655
203 845
960 70
24 614
643 363
786 671
329 203
143 979
208 142
209 552
388 783
57 912
594 622
638 140
