0 0 500 500
1000
363 219
148 294
360 46
1 95
41 406
124 184
59 302
94 421
404 98
451 170
419 187
29 50
42 496
217 348
445 355
354 246
477 60
368 419
411 124
175 122
432 165
418 267
482 431
148 415
376 121
364 119
497 429
106 269
462 44
75 300
383 7
42 370
479 142
394 156
461 344
4 87
212 45
169 312
437 392
230 179
355 448
252 346
311 5
433 129
430 478
18 286
488 321
91 267
14 392
348 179
302 450
329 175
442 470
290 67
192 435
306 420
473 39
230 318
205 5
218 87
255 73
205 481
484 472
298 443
130 487
174 157
172 47
275 69
339 462
221 98
165 435
75 380
268 191
329 296
393 299
206 216
232 354
242 148
381 306
492 430
375 421
333 275
82 37
179 226
305 213
487 351
91 262
189 419
323 221
325 438
276 155
486 364
275 437
282 58
156 498
364 109
40 305
223 408
170 244
277 379
262 89
341 391
124 295
118 462
470 47
195 355
468 212
43 50
116 309
400 306
328 210
12 90
309 206
103 119
499 446
178 122
401 289
75 146
468 486
160 333
416 30
403 487
30 214
233 323
493 399
346 209
328 84
135 434
29 35
239 235
392 96
144 92
369 201
481 15
346 474
349 143
387 246
483 232
87 241
413 164
264 413
209 87
471 334
78 3
267 455
212 3
276 433
140 234
20 89
401 37
283 310
434 470
61 206
381 287
253 138
379 125
479 212
359 394
406 389
16 320
465 295
483 191
109 139
219 401
180 419
469 27
226 315
11 70
276 163
264 161
42 323
201 496
402 220
450 306
53 252
397 398
148 480
471 356
172 32
227 215
500 410
496 31
341 484
384 226
125 213
299 11
317 136
249 419
343 45
443 132
210 409
310 258
283 152
357 190
57 87
3 354
287 122
375 244
239 234
67 128
228 472
412 153
198 53
358 420
450 27
438 300
106 226
222 419
360 380
307 463
262 321
491 55
40 119
204 398
53 238
66 28
375 109
159 494
224 47
86 244
60 115
163 464
248 413
294 291
468 453
21 142
172 27
298 14
107 294
423 274
380 62
111 26
408 142
4 327
198 192
73 408
462 369
364 224
390 124
208 233
301 281
438 268
373 449
75 216
252 150
397 276
55 121
260 261
204 119
77 316
287 135
366 428
488 125
308 176
458 282
366 28
317 23
186 79
401 4
247 184
240 288
274 299
350 29
256 412
236 443
377 293
435 225
274 317
341 218
487 272
297 41
321 160
426 451
41 362
61 191
388 168
2 114
332 416
134 270
475 154
64 354
291 244
168 393
337 122
222 135
202 315
56 359
215 105
423 372
267 143
246 367
124 481
406 230
363 107
471 58
453 180
302 258
451 485
202 189
399 456
59 226
67 1
170 84
41 110
141 426
430 160
350 280
309 428
27 175
386 373
444 216
376 436
442 143
446 6
79 469
47 498
162 485
186 177
90 469
446 253
200 359
334 448
443 126
168 159
233 127
278 40
328 297
135 220
391 344
184 131
388 266
235 325
79 343
419 253
214 122
22 208
470 484
256 146
410 442
190 457
186 78
6 120
44 92
184 252
205 46
107 288
304 326
340 72
127 364
269 466
419 145
74 367
57 296
139 347
122 434
29 481
353 47
347 391
313 249
452 407
298 349
59 342
265 172
429 460
208 312
154 341
224 436
307 452
75 304
455 198
485 486
88 432
108 499
230 107
379 59
361 172
138 280
251 148
243 296
56 290
129 460
30 170
91 415
349 45
399 302
286 105
411 38
317 120
83 429
265 329
41 194
306 339
109 347
127 206
160 392
282 238
315 186
304 424
387 431
6 492
405 98
38 134
453 385
52 468
91 298
31 18
96 413
169 208
73 271
134 376
480 357
160 1
348 448
328 399
162 187
67 215
179 118
170 51
98 193
298 218
189 64
256 212
172 240
175 413
420 73
489 191
348 75
313 383
330 463
459 19
147 341
22 328
479 6
194 282
28 70
154 484
136 170
498 266
295 203
500 483
87 174
351 113
415 268
261 448
364 293
301 103
363 87
325 222
204 378
70 359
268 316
234 211
89 183
146 98
311 305
171 429
73 95
461 91
4 261
128 49
362 225
443 70
396 376
164 380
276 469
362 472
68 25
42 400
212 286
181 469
317 339
393 78
55 73
296 136
163 299
54 383
154 52
227 274
407 3
297 366
430 490
368 417
156 12
57 128
491 240
103 15
311 282
365 262
429 36
292 287
357 276
251 115
264 197
384 150
120 31
462 298
222 60
294 76
252 70
371 58
385 194
478 422
256 458
121 23
150 68
431 319
140 283
297 96
189 157
1 97
418 404
410 125
201 406
308 114
469 458
335 378
371 170
168 210
206 75
80 97
120 408
95 235
369 209
403 122
318 411
100 359
482 424
326 293
195 349
58 371
350 470
120 26
476 228
268 162
31 97
256 206
82 417
38 2
114 122
253 317
493 137
202 482
13 76
328 240
191 351
244 79
204 281
317 338
18 252
297 91
464 366
10 168
481 171
468 327
400 183
267 346
178 408
355 41
96 119
353 498
310 289
410 385
439 40
402 152
136 2
211 432
73 62
336 463
15 139
378 51
61 362
182 5
71 156
393 445
458 327
190 256
443 46
263 79
488 197
137 348
19 374
55 458
346 351
329 280
95 122
413 270
396 199
428 420
226 462
363 22
95 369
110 3
175 487
493 159
155 429
13 336
415 230
119 317
372 116
248 71
187 479
262 482
95 216
51 191
134 333
132 372
108 451
82 142
36 413
469 322
399 483
237 183
68 225
473 301
230 153
12 330
198 182
310 423
137 352
420 304
355 422
228 381
58 455
300 495
319 81
125 225
198 447
243 360
229 35
100 61
454 144
76 332
390 379
411 84
77 68
73 205
468 317
331 311
257 44
432 134
448 478
121 376
169 425
379 244
118 212
444 364
323 492
195 334
311 109
359 293
460 107
153 435
171 233
348 265
132 232
463 261
22 271
159 106
244 64
157 334
401 295
273 109
95 359
78 297
490 452
15 497
256 56
119 307
473 390
58 50
363 39
100 312
386 13
168 428
42 60
348 395
232 440
169 173
439 272
197 482
37 390
368 230
449 316
453 179
89 400
215 387
203 422
159 245
43 15
76 192
468 186
25 7
244 423
67 418
252 454
19 341
83 106
463 238
184 18
265 482
463 485
338 323
270 179
349 252
331 27
498 442
477 419
270 206
210 402
460 205
20 180
249 12
170 384
3 118
12 185
318 368
458 24
12 194
418 226
0 476
444 98
10 233
221 435
369 431
159 231
207 280
219 245
169 424
19 327
375 102
45 465
468 190
262 332
244 18
317 277
123 146
159 78
176 158
242 103
100 10
115 398
347 305
367 372
41 369
289 205
215 256
359 386
217 64
412 123
39 188
259 457
122 204
354 438
102 235
166 238
409 472
395 299
409 243
398 206
473 398
262 44
184 381
65 164
72 212
361 324
241 268
202 160
476 171
287 384
452 204
12 454
362 158
70 386
41 499
28 380
291 354
481 258
25 253
349 197
311 332
205 440
420 257
379 494
20 305
411 199
129 221
172 15
178 324
311 359
303 355
98 224
25 338
300 39
80 435
287 267
449 427
294 126
180 379
403 42
18 469
198 427
3 328
91 450
414 326
206 260
483 407
54 419
69 282
281 461
318 367
249 258
401 383
342 68
6 271
409 494
443 218
48 106
266 167
94 73
130 5
230 92
462 487
403 410
116 88
272 363
80 403
218 126
360 228
111 9
279 240
108 349
56 311
455 66
479 194
48 474
332 4
1 124
98 75
358 389
447 98
306 122
428 484
130 162
438 278
104 500
495 394
225 143
95 442
116 236
281 294
287 365
365 28
185 317
18 338
56 203
380 422
168 255
247 158
224 443
419 264
56 450
195 129
482 451
300 182
171 437
84 42
274 35
449 372
148 453
13 18
380 458
333 197
246 49
496 480
388 389
63 202
496 489
157 129
271 389
11 411
85 360
71 462
467 462
134 500
411 45
464 155
384 46
220 432
423 117
23 403
176 255
67 110
79 75
424 329
376 51
61 277
98 326
90 84
136 182
166 479
378 469
158 475
493 456
182 405
162 109
250 329
116 478
131 341
389 246
378 496
104 351
403 171
393 225
355 360
218 107
272 353
182 32
398 312
203 491
342 170
175 2
451 333
151 44
432 481
152 9
445 271
365 400
421 161
292 196
183 289
341 70
36 90
179 17
223 343
166 47
388 20
222 198
225 142
151 156
156 271
115 81
489 319
494 248
3 187
131 345
163 414
355 337
374 350
344 80
464 271
241 104
304 291
442 332
370 236
254 43
499 219
231 50
463 284
269 440
341 29
256 470
441 125
360 289
346 391
180 368
264 74
306 327
266 291
441 381
376 270
396 10
131 493
183 113
329 167
392 116
359 217
34 170
38 131
31 244
217 371
88 397
231 418
31 253
284 52
472 261
433 251
304 277
415 364
128 42
10 68
168 78
73 344
252 486
316 251
131 187
445 234
322 191
448 141
496 227
102 160
