0 0 1000 1000
5000
863 258
142 498
413 961
251 670
473 453
445 620
524 913
546 443
367 966
876 843
788 730
400 325
121 681
286 977
735 86
148 518
740 164
36 48
330 266
927 256
793 27
770 43
645 48
326 268
4 217
22 5
712 977
968 903
767 913
408 980
425 395
29 166
368 800
621 980
384 744
712 51
378 929
105 53
335 478
12 993
552 183
526 985
428 413
340 300
260 11
179 877
32 827
172 837
230 290
959 170
857 122
0 767
509 873
397 403
924 68
739 288
376 236
160 840
668 758
737 363
561 366
822 178
629 537
436 371
12 309
530 6
187 835
820 482
811 662
340 784
598 554
152 733
798 881
853 780
792 541
566 723
571 838
906 828
995 82
212 905
955 949
158 376
71 902
9 24
680 192
671 372
583 30
887 670
549 382
295 502
115 800
323 978
110 870
270 859
776 667
19 459
901 847
733 445
172 637
760 844
443 908
295 744
945 745
411 286
815 635
873 613
33 865
193 63
248 524
711 699
917 804
712 106
180 511
25 344
118 306
520 286
348 997
400 406
867 515
996 171
333 581
255 927
617 754
686 66
63 878
169 779
62 653
359 876
653 828
548 546
591 593
333 823
773 112
35 900
148 23
43 495
474 718
463 300
451 1000
303 836
898 228
196 481
663 590
909 767
13 895
751 595
121 428
117 723
337 955
528 28
970 373
246 315
531 713
897 770
713 195
281 501
126 398
449 85
137 493
266 378
514 251
513 780
578 909
755 542
149 503
405 429
781 945
41 152
557 971
802 775
408 619
328 101
911 947
429 907
892 668
551 375
330 147
545 974
474 276
935 378
117 160
895 161
588 913
660 789
445 635
202 877
594 169
539 270
444 639
318 271
511 171
683 692
543 389
268 184
424 697
737 110
781 153
640 177
222 189
615 349
510 104
625 808
495 698
51 721
402 241
327 67
364 888
380 115
834 285
643 754
858 642
117 644
454 0
660 105
639 985
908 355
164 840
902 577
937 534
18 493
205 356
587 421
522 935
419 19
957 597
809 470
272 531
497 649
548 843
615 604
893 60
339 440
199 137
834 419
443 763
686 255
567 304
861 256
590 961
684 596
238 250
928 956
69 966
229 955
284 891
366 435
121 375
897 596
798 65
866 199
582 440
589 830
773 422
723 830
603 499
492 668
247 83
339 574
975 492
145 156
384 438
498 688
266 567
574 683
670 916
558 446
346 38
948 143
801 847
515 224
998 903
641 336
114 819
394 873
199 634
455 331
19 932
555 683
569 352
417 749
898 793
406 65
409 336
570 927
802 38
707 407
646 922
892 160
61 3
85 360
590 761
829 814
303 704
573 70
247 809
839 455
954 930
690 66
249 589
694 710
620 532
820 297
927 810
622 699
652 53
869 576
962 767
915 463
758 479
185 846
306 318
930 936
701 884
57 553
62 897
263 887
831 176
877 292
436 549
73 497
403 372
377 908
17 602
576 71
445 261
548 93
295 667
762 318
454 202
877 305
243 921
893 249
815 558
634 254
47 457
649 562
46 269
35 339
816 150
626 26
172 344
443 844
503 858
11 921
363 555
478 801
285 635
948 198
80 876
947 727
879 448
829 627
323 1
658 974
441 222
220 519
211 699
283 50
753 753
714 502
340 291
138 342
22 130
705 160
844 504
171 869
280 812
753 995
522 574
286 297
602 45
507 710
307 356
297 348
407 708
627 748
125 995
598 195
23 718
721 760
283 305
369 308
662 301
205 358
466 133
558 72
812 891
669 317
545 547
636 140
724 778
508 894
854 70
145 842
60 209
312 955
50 726
572 771
990 8
477 389
576 139
894 943
435 917
112 907
786 851
142 786
56 224
606 368
735 253
406 751
888 202
361 456
969 312
46 566
780 790
527 115
347 908
147 59
377 292
44 348
277 61
213 571
359 625
204 751
923 438
289 529
641 459
33 51
199 528
842 863
551 916
85 362
281 8
857 878
660 41
856 919
680 693
674 878
522 521
630 54
649 67
800 465
483 529
651 342
570 942
466 67
285 958
20 889
675 820
301 121
449 773
490 774
256 607
825 535
235 440
196 714
848 640
847 940
755 304
894 877
572 597
873 525
599 959
703 787
78 964
991 436
177 448
839 833
820 554
135 451
446 84
160 215
509 369
192 204
648 972
544 97
320 618
366 734
360 690
321 439
422 787
439 202
833 92
91 916
612 93
663 849
471 90
757 218
104 333
67 680
37 508
966 971
933 794
148 753
616 629
196 43
70 806
719 986
772 95
446 339
36 175
546 691
608 108
17 283
370 586
521 984
920 464
925 808
722 745
741 758
166 527
652 915
897 453
76 718
599 759
865 915
785 168
155 1
461 7
658 292
920 706
27 610
575 415
133 713
403 308
124 664
443 646
470 254
583 131
626 767
393 7
36 901
857 370
589 821
340 790
207 904
659 18
571 134
787 432
643 195
868 542
1000 432
55 927
564 252
891 381
49 331
725 614
940 539
600 848
240 276
952 778
666 155
773 668
556 899
597 671
489 91
117 448
673 171
791 392
870 685
70 632
502 289
281 815
905 908
330 448
662 921
647 505
265 174
344 238
94 63
747 857
384 805
268 593
458 875
368 164
982 323
20 649
55 606
573 303
990 857
487 236
939 811
63 174
254 708
521 234
922 349
713 175
584 61
575 470
258 534
460 934
842 999
265 429
195 370
401 475
49 252
296 129
585 942
305 70
147 450
81 325
623 379
559 889
414 13
418 132
758 725
646 255
279 727
764 476
399 792
53 155
629 22
713 430
982 820
354 497
753 731
949 377
417 782
16 209
172 456
653 500
709 846
495 328
596 905
279 969
623 742
292 908
575 967
55 177
674 451
659 557
800 267
254 508
861 691
14 526
156 875
556 28
189 234
180 451
551 852
586 55
63 805
751 159
945 927
590 470
381 67
47 945
394 6
927 735
215 529
132 760
668 511
354 55
287 819
452 886
279 406
55 661
430 575
769 41
531 627
894 450
801 222
383 234
489 401
728 417
290 420
507 943
37 765
111 714
670 412
647 694
430 696
116 11
602 399
387 474
612 592
240 720
215 663
459 242
949 69
752 464
334 476
764 60
991 480
678 20
3 605
302 672
404 656
791 836
758 659
895 893
741 426
70 258
435 908
167 605
230 661
15 736
312 141
519 619
797 75
260 624
452 565
8 854
689 249
231 337
234 608
987 845
376 957
519 511
696 144
527 335
29 95
378 737
861 625
9 382
583 388
901 963
552 809
462 98
791 273
349 342
170 865
11 54
810 673
128 50
364 586
749 168
310 471
67 750
153 753
287 753
116 871
452 2
729 576
742 515
741 815
441 294
265 297
418 576
605 402
420 585
203 587
631 805
461 882
777 859
899 290
997 633
212 821
27 546
575 351
597 110
832 650
221 533
983 819
857 185
633 706
449 885
53 131
779 760
550 937
870 124
806 634
57 775
896 298
491 249
504 713
275 890
121 423
439 998
570 249
781 698
915 698
588 303
68 267
207 611
692 360
429 660
470 432
910 475
249 958
65 383
824 371
261 968
457 614
162 437
762 432
11 914
993 486
338 491
193 810
279 850
6 166
364 399
331 222
239 633
500 674
682 156
403 512
455 379
364 749
675 153
112 979
526 30
301 851
992 210
658 859
391 744
591 280
952 30
962 223
86 818
631 618
160 703
779 223
209 336
335 475
398 760
711 991
464 333
254 523
174 5
275 811
449 698
176 51
859 44
398 652
764 975
456 68
506 185
198 69
836 60
679 113
156 72
345 762
0 993
996 463
624 820
789 924
219 542
533 180
978 530
9 934
983 874
945 353
941 648
812 763
305 932
556 285
464 467
23 953
587 766
578 946
77 435
300 709
184 763
890 696
64 846
55 797
27 964
273 202
66 663
525 948
313 540
371 481
688 831
88 314
449 256
183 551
403 554
697 772
4 845
582 556
224 848
91 962
153 379
270 964
824 318
879 254
559 838
171 433
116 497
57 856
356 334
865 477
297 959
947 775
782 213
107 798
432 329
201 433
643 549
216 741
90 336
348 860
838 495
484 906
52 983
105 92
779 36
665 917
333 215
791 275
996 155
416 334
63 970
883 214
67 860
884 853
587 337
587 108
457 227
687 689
920 402
478 57
135 886
262 927
840 675
658 109
525 748
893 915
904 286
28 881
526 111
658 1
731 745
287 997
646 112
534 874
372 812
760 399
6 839
37 943
97 728
535 173
247 938
801 292
206 82
68 148
36 610
283 716
42 361
247 12
469 842
990 56
774 431
823 293
992 775
199 321
378 323
694 34
10 799
668 247
937 142
649 907
753 735
216 796
85 47
269 622
70 449
584 670
982 945
863 728
761 451
774 915
218 697
223 812
167 917
737 215
604 625
144 640
496 274
449 687
509 738
13 571
228 230
272 273
673 580
198 58
940 143
904 220
77 182
882 875
462 289
527 647
35 710
916 459
855 449
841 56
763 631
711 175
609 164
573 241
773 43
603 120
401 400
964 742
642 233
721 526
255 174
787 183
2 896
566 709
910 290
868 522
587 768
143 791
452 314
787 304
510 935
720 250
866 75
339 558
805 65
22 851
418 70
46 198
323 735
696 14
799 435
334 830
833 19
600 720
859 422
757 374
60 217
598 795
338 427
325 902
708 145
534 258
234 491
974 264
808 726
502 161
212 99
778 739
253 854
605 30
44 451
508 326
976 202
315 456
953 447
479 564
210 110
979 621
201 327
723 143
221 390
474 570
553 634
771 978
263 279
221 511
18 411
702 326
91 172
434 511
815 876
758 342
42 108
425 812
387 291
43 481
304 293
698 449
390 296
419 768
116 996
807 584
36 478
669 125
466 62
437 4
122 895
739 571
344 715
25 706
746 237
673 890
327 253
800 702
984 523
877 168
266 243
674 68
312 884
90 956
951 238
687 128
750 184
958 362
184 712
529 895
515 960
656 707
255 363
100 489
53 377
739 826
627 356
847 130
341 901
318 954
509 256
440 385
827 831
677 69
541 208
688 901
937 144
60 514
927 136
202 863
764 603
77 868
719 860
837 327
513 203
160 344
260 925
370 568
731 547
713 907
763 270
281 984
312 334
322 793
354 974
113 619
660 788
173 404
521 858
988 738
587 394
413 507
960 905
894 322
545 168
123 704
822 153
299 112
533 50
846 281
636 700
675 628
182 466
149 60
481 533
561 4
211 120
758 518
758 289
243 826
661 585
614 281
493 220
778 123
771 349
475 58
79 472
928 942
618 228
893 167
572 526
16 833
976 875
151 203
976 57
507 252
846 886
753 429
136 201
463 367
213 421
416 780
489 770
51 507
95 321
55 922
842 484
112 904
855 948
96 142
724 199
373 679
379 201
772 132
810 424
708 376
281 797
661 35
602 889
881 75
803 384
45 971
120 327
644 741
537 615
635 958
270 271
122 292
493 730
152 400
504 330
393 728
805 672
755 851
452 813
92 507
359 622
534 623
776 910
657 693
803 747
952 89
418 569
853 460
531 446
574 816
19 5
838 862
906 508
206 770
357 939
873 38
346 521
198 128
879 755
225 231
789 44
739 452
255 110
449 878
727 105
364 16
30 894
312 765
413 588
912 6
537 65
279 709
592 940
680 235
305 883
299 543
552 494
228 784
61 607
140 671
57 902
29 840
385 438
569 30
31 620
196 953
326 16
11 907
742 79
906 187
446 202
179 612
74 330
564 194
435 272
5 459
440 387
21 669
752 659
716 965
221 205
171 384
396 731
671 670
256 162
209 87
403 626
521 847
328 452
39 349
639 610
933 791
417 911
277 342
172 814
92 562
152 347
50 336
559 442
638 506
598 289
369 991
466 106
296 634
87 460
221 460
553 933
713 922
757 928
204 227
374 409
97 774
766 115
844 974
467 987
522 694
603 353
112 530
602 165
695 356
995 59
843 456
611 887
55 669
182 481
247 876
200 535
733 998
984 580
769 399
344 664
667 351
825 708
484 415
726 177
96 10
717 882
711 542
911 869
484 536
694 80
38 944
511 898
835 470
307 839
914 470
297 13
612 842
268 214
737 958
184 782
624 263
541 265
193 979
202 920
764 660
263 149
731 254
474 332
195 917
102 689
887 97
312 391
726 674
285 931
44 576
792 210
976 556
708 741
615 284
413 564
339 120
206 759
764 794
492 335
153 869
771 164
723 618
594 238
776 215
115 469
832 524
82 63
532 528
242 695
543 808
870 937
721 585
688 408
490 652
845 62
0 7
509 113
44 13
519 306
366 478
653 242
861 191
272 587
747 291
224 775
287 306
829 360
746 591
971 938
271 483
837 76
28 432
391 255
704 486
728 843
508 22
375 432
571 78
956 414
591 959
167 897
778 785
360 797
721 251
427 33
165 558
607 674
558 489
308 728
349 500
146 437
225 730
338 378
58 738
414 373
928 328
64 223
900 495
517 205
696 436
976 261
636 570
802 310
587 385
917 31
485 374
5 703
896 911
445 975
153 803
139 639
428 513
268 524
914 901
482 224
468 851
979 801
368 95
709 159
547 97
612 226
684 331
719 288
976 853
632 814
239 65
662 168
537 927
742 807
673 707
906 915
224 588
544 943
351 814
23 948
50 822
110 607
490 828
27 838
696 933
928 7
484 296
695 479
270 946
359 237
272 763
557 895
808 248
134 240
819 114
925 244
490 841
704 541
249 900
496 777
711 436
860 236
433 428
221 20
47 621
50 138
520 841
93 508
387 726
454 487
200 82
766 493
274 556
218 624
507 498
387 847
251 20
344 211
808 611
150 382
815 735
873 942
765 914
419 506
979 614
574 794
674 503
393 490
711 799
315 570
483 383
101 52
736 334
264 753
18 54
451 845
77 109
569 571
976 666
916 386
350 914
307 49
779 273
577 812
131 466
222 355
534 627
374 345
558 920
587 574
243 535
26 12
210 358
163 512
454 984
789 974
566 407
693 219
717 576
918 566
822 225
835 164
329 292
866 2
490 654
839 808
405 58
448 657
826 51
629 934
235 549
983 937
638 939
815 306
756 931
33 536
919 400
841 709
113 7
521 475
489 937
811 722
349 139
877 524
113 128
404 600
519 550
161 842
444 147
682 958
126 740
256 32
664 537
158 665
259 488
980 773
126 861
821 191
900 255
354 725
189 917
882 615
304 86
409 139
762 671
519 913
250 496
272 255
582 969
370 561
717 376
389 961
635 199
650 736
860 317
986 133
501 384
647 438
994 253
208 741
287 805
734 33
340 402
331 582
410 875
98 236
514 151
244 290
170 112
464 330
259 864
823 906
364 880
119 295
25 633
379 636
417 339
461 116
158 115
891 932
364 183
816 758
654 696
685 46
929 406
244 303
818 804
285 75
358 819
530 108
495 824
335 17
970 299
791 822
151 196
441 709
174 365
600 702
22 496
37 67
36 781
213 414
182 835
956 458
801 584
176 532
192 476
610 760
204 486
391 312
754 135
266 546
574 433
742 246
100 779
645 313
273 441
977 5
285 680
517 20
725 952
365 151
599 89
573 854
590 269
755 602
574 675
417 957
954 667
608 30
167 28
222 223
859 780
605 146
302 337
250 672
747 724
76 519
153 739
982 69
194 511
6 460
474 565
298 339
430 495
211 865
993 83
7 806
888 326
901 265
684 267
515 229
535 144
997 848
152 527
424 168
448 525
658 106
809 275
599 694
929 340
748 265
750 863
199 989
722 801
634 917
702 563
232 119
195 466
971 458
47 73
659 866
98 533
464 627
925 985
205 632
912 228
760 396
316 648
892 286
966 235
401 463
762 176
455 699
725 294
945 526
513 869
697 461
647 869
549 297
237 705
256 718
938 523
523 15
720 300
412 184
785 695
749 772
36 836
287 418
110 785
302 726
355 818
176 358
290 608
727 582
999 775
386 23
14 380
267 597
284 12
676 765
13 192
668 123
828 75
117 249
535 762
72 506
779 893
135 791
420 960
845 429
201 364
51 568
156 621
12 842
953 376
592 370
373 740
877 539
863 604
319 211
945 902
712 142
201 606
99 329
650 846
180 439
138 442
501 265
181 812
427 50
522 553
178 514
122 353
609 148
440 864
985 435
85 407
434 561
981 959
305 447
704 156
742 448
962 451
837 685
909 561
293 292
652 676
149 284
622 504
200 515
272 391
631 967
925 690
306 123
966 169
411 819
222 654
340 646
763 749
926 218
513 574
375 344
857 347
705 744
815 121
111 5
611 62
258 698
299 241
521 290
75 469
312 826
1000 409
807 768
806 580
281 429
181 491
630 354
215 75
362 768
265 606
953 189
731 113
667 357
732 486
415 779
910 758
849 253
627 177
193 851
444 433
273 322
107 555
822 766
445 779
931 938
277 148
375 491
773 766
372 193
988 425
387 730
577 790
318 199
405 841
363 844
55 462
201 553
967 729
772 490
841 95
885 138
914 610
308 800
875 93
589 261
504 567
485 325
977 262
999 509
640 347
846 452
432 583
196 572
746 221
388 513
139 711
213 108
985 624
603 522
406 651
642 406
227 127
297 637
388 755
75 295
248 186
382 186
800 699
817 114
555 114
615 653
172 83
448 661
317 178
65 371
187 68
720 302
16 186
155 530
296 240
397 817
292 535
759 415
518 60
294 315
593 648
343 473
580 120
655 479
713 649
616 716
905 590
160 207
60 269
244 844
170 666
464 884
835 531
608 74
1 978
376 892
188 841
826 539
179 728
388 313
338 721
491 734
59 30
793 483
877 891
344 162
701 665
304 211
852 16
415 981
924 858
445 860
577 979
389 965
659 560
538 499
342 624
901 322
553 807
160 812
63 916
542 96
654 337
754 918
359 96
433 45
27 589
710 619
421 745
668 851
337 522
431 120
604 48
927 967
619 585
452 179
676 338
923 969
703 700
868 279
675 867
128 240
443 517
140 708
558 992
526 407
754 5
299 593
849 242
501 993
805 172
750 236
306 609
347 418
763 67
289 147
71 190
276 70
759 712
743 475
808 725
2 332
208 437
227 450
612 261
557 325
15 271
433 555
340 327
705 196
830 605
173 335
539 658
701 491
819 712
733 443
989 894
777 486
350 907
806 369
676 30
984 146
82 45
111 517
675 559
362 99
138 620
146 969
545 449
57 402
310 582
166 803
231 932
133 397
143 819
872 736
908 393
858 801
943 616
979 44
534 862
615 521
443 451
253 61
552 357
600 290
383 521
453 994
668 919
643 337
249 706
623 129
820 643
892 519
503 478
41 124
323 776
395 652
673 71
853 712
727 694
369 720
553 312
515 20
391 250
550 243
51 559
385 435
940 694
365 197
568 822
482 782
408 833
719 725
548 89
514 707
365 89
405 427
941 141
60 392
187 204
612 87
1 162
689 307
892 895
17 143
807 33
825 87
401 25
924 29
53 739
56 744
143 632
358 557
726 724
36 277
872 778
825 437
658 31
797 375
346 439
675 614
923 487
754 678
844 837
402 455
517 213
11 341
167 100
599 511
602 28
626 385
97 758
428 750
92 801
519 114
624 810
171 47
333 634
718 216
612 692
221 578
563 278
284 863
932 818
512 232
424 348
742 694
968 448
381 651
838 109
275 935
999 700
534 112
184 524
463 582
946 177
574 534
106 954
857 593
136 79
512 595
621 767
160 143
827 872
478 718
868 644
376 707
596 939
835 467
986 636
631 408
896 598
417 829
961 929
815 609
185 442
999 955
531 69
266 552
555 426
868 886
11 262
717 424
887 81
47 858
556 772
308 670
696 257
576 606
538 85
101 47
818 368
752 14
36 103
517 376
481 453
489 314
411 394
642 263
297 494
784 612
104 853
252 751
434 499
398 805
322 29
919 19
998 312
759 969
991 272
774 274
204 158
228 515
80 351
66 453
2 697
354 102
134 624
848 610
96 517
429 397
392 744
965 148
40 63
721 690
540 120
806 505
341 405
437 113
795 346
872 980
858 816
806 626
808 406
352 126
124 942
62 64
196 818
270 767
806 747
443 695
243 75
540 712
135 663
768 347
503 830
107 601
647 57
381 840
251 996
209 999
391 481
555 360
849 541
668 237
391 373
485 8
552 964
844 584
976 474
273 502
892 776
718 889
215 497
957 87
222 163
777 422
534 664
413 374
911 358
431 916
140 215
860 541
474 505
363 674
738 551
622 605
693 27
455 384
339 172
132 862
797 498
921 793
234 92
695 450
428 860
794 200
944 898
746 388
396 46
525 685
198 290
679 334
340 639
128 231
252 940
541 814
409 631
899 229
904 573
595 232
581 334
470 466
238 345
882 181
614 632
254 999
293 661
457 769
104 358
835 577
992 820
763 997
816 69
558 299
365 133
733 300
856 636
94 838
248 258
762 479
82 720
869 53
857 487
469 82
121 833
262 543
666 367
905 649
46 430
393 245
16 487
381 908
666 259
808 837
522 251
169 621
48 331
84 25
400 490
823 593
597 775
156 803
123 626
214 219
52 157
483 380
449 732
110 283
544 740
753 96
395 388
505 31
918 429
288 33
512 155
691 386
756 552
48 694
92 737
697 93
666 743
341 165
115 576
371 44
375 163
972 153
751 679
732 400
797 566
878 225
175 748
560 330
600 402
259 338
420 700
151 246
216 412
95 351
575 466
616 467
151 138
257 534
605 988
221 998
133 885
141 480
782 247
952 924
971 937
69 82
421 241
753 714
908 773
548 201
401 942
126 737
798 349
959 940
255 595
617 193
126 858
891 661
742 309
516 491
504 373
412 555
564 545
720 792
998 248
594 158
659 553
225 32
772 430
304 96
4 329
463 89
793 489
504 386
242 615
526 145
355 263
38 327
965 192
359 907
867 559
255 971
857 221
247 972
493 210
135 236
164 937
822 156
101 359
563 390
890 556
618 97
996 686
66 523
616 172
951 391
674 113
106 824
863 49
210 652
195 529
420 647
458 350
114 311
796 116
592 57
456 425
469 889
948 106
820 823
660 578
233 16
279 886
95 311
556 642
518 121
294 605
462 189
825 12
388 11
73 902
541 253
801 823
460 530
190 669
410 443
215 433
853 195
247 422
159 309
333 196
632 492
833 482
791 485
666 490
666 261
996 136
932 380
495 379
209 22
448 267
186 38
910 69
750 605
538 197
586 911
689 366
424 849
298 215
688 141
280 841
572 195
333 438
164 629
475 787
56 803
42 905
826 721
880 432
873 15
272 549
902 487
776 82
568 318
798 780
723 606
52 401
122 645
411 519
63 38
882 104
56 816
670 221
746 445
691 509
0 103
739 442
64 532
129 927
774 399
880 566
396 224
181 299
194 763
53 6
242 696
28 178
616 348
800 923
944 150
684 748
720 405
367 812
95 353
859 456
988 112
165 304
206 305
505 638
192 178
780 577
147 664
432 15
557 949
445 479
744 775
826 292
736 254
677 61
434 303
263 421
70 780
180 423
634 593
572 947
37 374
606 531
437 493
387 901
705 244
858 486
819 760
764 595
746 955
757 555
638 375
490 211
118 568
539 598
791 324
868 19
964 481
264 807
871 24
573 101
443 257
472 958
706 896
269 858
852 950
7 858
676 199
679 204
553 802
482 333
932 569
681 435
870 859
417 96
317 912
391 861
587 507
697 150
239 992
159 740
2 756
401 273
5 7
395 458
646 40
68 63
890 666
169 115
155 217
999 572
395 579
166 756
152 821
110 824
838 102
442 102
337 988
220 174
101 711
212 993
251 921
977 567
502 8
796 226
649 472
528 411
674 236
293 544
834 868
292 585
684 816
879 237
415 776
322 585
228 132
849 250
67 480
534 589
363 478
373 900
200 191
608 16
950 948
447 593
837 253
441 253
661 256
50 368
215 435
999 22
718 9
360 35
585 648
362 81
321 723
539 424
809 248
489 78
731 594
318 196
739 189
380 256
453 505
893 777
460 666
138 615
587 441
759 962
835 957
463 38
865 18
523 806
867 616
458 862
49 105
781 441
935 90
128 290
193 648
471 629
975 391
784 860
396 226
519 296
73 704
193 769
858 930
606 157
468 452
795 581
872 47
354 350
574 353
305 165
539 103
116 414
9 59
459 753
696 171
130 699
765 944
484 702
515 15
300 63
230 4
88 594
506 841
239 726
467 361
852 697
12 720
631 469
22 913
815 549
677 292
293 854
306 793
377 673
705 246
605 308
888 367
804 144
143 398
499 262
574 850
709 257
888 488
984 196
428 732
202 160
93 927
495 678
808 909
62 796
864 23
327 47
737 561
590 807
106 694
96 686
306 230
218 117
47 235
916 684
365 581
247 37
538 509
903 341
261 874
759 333
308 168
183 402
25 984
273 66
460 158
654 926
209 697
840 271
98 829
552 770
266 184
665 418
780 405
983 993
237 651
410 313
201 405
473 598
569 77
903 596
914 462
69 370
745 424
696 239
109 708
921 357
843 932
237 893
37 539
611 545
745 545
619 140
435 319
173 319
44 205
893 645
310 324
669 671
612 137
387 958
528 897
937 314
382 856
674 735
208 676
841 323
309 728
856 897
477 46
377 633
540 102
13 851
929 557
791 852
636 978
402 518
467 913
214 467
398 813
525 854
580 561
665 339
694 811
372 797
119 580
531 561
998 670
800 685
340 929
968 269
651 333
926 272
592 921
600 516
536 989
281 241
206 67
1 601
128 642
716 812
364 131
382 414
235 889
224 996
96 996
461 185
736 124
283 822
111 301
914 396
809 868
420 827
101 781
558 239
958 587
127 955
605 994
107 717
432 248
84 999
406 784
35 548
926 527
996 1000
629 240
345 481
738 412
591 133
407 312
409 358
56 728
639 591
983 364
165 900
793 240
65 733
379 371
26 741
535 884
783 720
521 949
970 21
53 615
507 785
385 795
90 618
95 962
547 305
310 392
609 954
282 559
406 100
918 477
891 788
13 785
751 485
751 256
324 677
2 626
48 513
598 391
842 788
678 922
122 933
910 262
208 744
212 863
21 100
40 113
125 157
99 922
498 173
250 862
846 856
964 619
996 571
908 458
911 958
859 273
248 119
160 6
221 925
703 699
656 624
1000 397
124 763
696 107
902 212
312 935
637 466
585 276
122 20
631 163
565 297
854 171
308 412
547 694
332 769
471 820
545 769
553 593
883 993
373 662
395 946
287 595
226 356
947 641
591 188
768 760
386 429
615 23
993 878
848 231
209 15
357 896
723 236
761 491
169 616
795 75
64 41
886 607
836 786
908 137
206 619
963 598
692 778
169 737
795 196
263 601
948 475
246 957
356 563
645 437
34 778
404 82
772 249
648 442
264 745
331 506
146 955
378 29
789 832
258 149
478 152
937 666
567 904
564 835
99 506
536 507
776 196
643 81
706 137
549 153
353 278
729 794
126 464
544 977
511 800
626 787
400 969
435 926
858 800
33 165
385 58
983 916
821 625
282 51
265 407
803 985
726 213
884 277
476 977
947 562
212 113
809 628
833 985
29 931
660 505
380 636
913 870
961 618
534 285
671 519
962 991
275 290
165 418
729 231
35 308
81 195
889 863
493 634
754 409
173 134
775 239
324 303
17 826
438 819
984 992
261 139
40 894
632 540
100 945
975 879
223 786
191 16
738 414
867 299
219 263
406 89
53 496
562 602
343 6
262 835
582 22
936 291
728 490
561 84
234 894
941 490
127 502
335 680
789 887
321 553
649 318
232 969
249 384
507 908
371 81
218 805
501 605
807 382
118 574
486 741
888 492
469 508
517 441
952 369
506 511
65 280
307 338
711 162
972 203
628 393
148 988
603 336
28 105
957 568
167 449
585 962
373 288
734 267
92 800
154 860
961 431
398 991
106 819
104 221
432 989
513 685
783 280
419 232
90 996
886 112
339 653
149 529
229 229
418 165
458 237
535 457
611 415
126 666
485 47
10 720
587 997
972 579
175 6
295 825
479 417
773 635
230 881
123 718
370 595
488 587
567 651
9 589
787 654
551 643
974 480
406 962
349 428
178 546
16 484
671 829
41 433
743 705
371 833
266 551
849 606
406 36
393 713
677 243
68 916
214 216
561 31
631 770
378 849
756 657
451 21
676 139
887 322
656 426
694 681
751 663
424 39
718 257
387 157
10 170
185 925
875 325
825 733
369 224
437 99
348 286
667 268
569 928
655 214
551 93
379 804
687 920
198 463
820 631
594 813
905 446
6 828
255 337
958 457
66 815
993 680
527 944
681 859
848 972
208 117
391 467
272 812
935 338
434 56
35 310
921 174
733 352
117 120
808 647
610 928
345 364
818 59
451 760
239 611
693 818
233 308
398 604
549 773
492 239
199 431
501 244
336 665
518 413
504 249
192 657
137 721
622 470
352 380
899 778
111 439
606 647
666 432
875 17
417 896
527 502
795 24
986 6
944 763
649 320
341 204
883 258
650 959
593 425
860 540
343 21
551 953
220 853
638 612
521 27
355 489
118 576
589 427
33 209
938 315
420 618
184 378
899 323
787 267
468 29
122 816
982 250
156 171
466 333
115 749
362 626
312 805
881 962
116 341
606 205
845 221
932 109
206 5
255 392
609 624
952 734
969 149
395 816
477 589
95 295
921 108
66 762
938 691
244 768
903 589
130 639
307 6
245 360
181 833
178 535
49 421
885 922
352 193
869 160
908 825
281 892
396 879
514 642
213 650
264 844
56 437
135 730
143 554
938 825
762 828
256 202
206 610
976 528
683 949
813 12
947 766
36 320
880 187
990 584
379 659
406 267
700 256
20 497
456 798
10 977
947 69
70 964
157 623
141 90
521 82
624 732
888 778
103 508
754 963
945 265
990 947
150 970
33 156
43 578
492 441
963 26
871 437
174 280
72 3
93 291
382 165
19 113
795 334
151 232
212 922
432 925
623 227
232 342
187 865
121 511
704 566
671 160
676 504
748 609
211 175
326 916
466 630
796 47
88 226
817 335
607 525
235 882
164 184
964 799
64 771
182 992
590 63
796 397
672 627
470 641
776 684
189 887
662 582
421 227
491 471
879 287
727 684
818 48
171 466
396 584
243 76
660 630
752 862
926 749
917 929
898 687
862 764
859 466
94 74
550 125
637 767
912 706
800 236
480 820
955 295
439 644
539 353
180 420
598 142
489 357
548 671
598 34
345 608
246 77
456 853
727 121
586 145
192 780
789 770
66 375
286 378
386 501
453 676
434 434
415 155
98 219
700 553
287 909
249 617
185 861
1 286
708 902
905 958
913 553
537 912
705 725
770 854
878 387
938 438
537 94
258 450
711 166
535 206
361 53
534 210
314 695
145 923
952 494
420 862
951 269
973 782
353 808
771 567
118 941
883 744
662 516
946 46
650 398
144 526
272 977
606 99
835 336
783 405
600 927
760 916
254 61
135 598
864 744
341 703
401 754
662 758
656 980
516 411
892 698
336 480
239 776
886 129
760 929
259 647
933 591
14 550
563 765
493 935
557 196
842 594
983 304
799 897
967 710
208 658
717 535
144 902
221 368
823 702
754 831
864 999
432 551
253 845
546 838
396 76
52 266
870 898
455 656
749 608
573 382
550 664
808 959
145 615
676 22
172 977
156 215
450 433
185 916
823 715
333 558
699 90
700 500
225 207
63 145
111 859
940 189
334 379
821 497
550 677
640 570
799 334
785 436
945 388
554 503
838 33
227 108
947 434
565 103
640 691
932 45
832 861
480 446
757 983
333 921
930 911
508 922
231 119
919 493
624 50
784 39
398 232
577 234
172 414
97 11
914 270
335 68
337 114
29 937
146 290
206 304
744 882
771 756
475 465
22 897
889 748
534 520
675 1
229 180
313 817
602 691
611 245
146 411
238 643
866 471
957 64
792 936
759 759
390 74
847 700
232 841
617 652
309 536
606 759
470 898
339 149
94 318
352 613
525 541
203 490
444 616
45 318
229 664
788 133
8 436
13 551
817 16
213 23
36 390
713 80
409 608
9 903
316 794
250 965
645 969
583 91
965 193
645 740
538 614
717 845
895 622
158 100
245 217
919 427
874 684
890 894
995 156
986 602
380 563
688 679
223 579
687 979
998 612
767 679
538 856
533 512
463 453
843 674
893 37
843 445
382 464
963 446
973 905
656 740
293 651
378 466
873 674
264 364
129 176
459 805
552 996
113 168
467 400
543 166
965 798
154 61
805 287
873 916
615 126
859 752
19 546
770 414
785 988
809 113
642 939
557 306
240 370
597 644
951 876
77 83
751 64
183 775
392 131
703 481
923 521
834 183
445 896
580 303
69 501
801 127
290 325
381 443
959 191
749 381
812 666
390 384
638 900
884 138
256 569
149 443
274 330
389 317
320 446
521 207
335 983
135 400
723 836
713 148
725 387
996 621
595 277
11 751
201 94
822 441
920 976
376 620
615 636
632 51
482 521
745 342
800 803
885 847
852 441
626 98
130 685
400 51
368 742
327 475
244 706
593 860
871 804
707 881
309 54
402 999
373 712
265 886
819 277
116 534
137 822
505 760
990 509
940 688
54 6
704 7
134 416
376 178
666 654
248 666
578 541
707 197
825 418
352 723
181 87
819 869
529 312
350 835
799 136
358 659
788 243
523 497
443 474
211 87
986 120
60 857
743 887
908 200
168 161
424 87
658 254
838 895
426 133
78 618
386 734
362 148
752 74
989 246
624 791
264 219
396 146
15 454
26 54
297 783
164 927
816 853
310 981
418 26
356 868
354 41
557 629
973 544
491 504
436 568
854 852
77 635
989 488
297 675
606 198
929 622
803 217
555 152
427 869
158 452
526 619
180 211
691 686
699 281
19 522
425 981
960 93
748 668
543 973
935 265
124 989
383 691
437 402
384 283
790 934
380 807
526 861
570 638
358 1
940 851
902 330
26 430
22 954
634 515
372 286
231 310
455 405
690 945
911 163
943 344
332 190
227 662
194 256
9 705
532 480
0 885
671 824
327 785
996 126
187 482
858 421
329 831
659 706
912 657
856 991
617 480
216 136
818 470
116 952
28 839
432 663
354 780
16 721
976 534
874 257
650 778
679 18
152 501
220 901
58 85
536 383
122 743
565 791
537 729
314 391
847 891
542 255
948 714
860 830
483 614
390 386
256 571
401 666
181 397
336 42
231 928
819 132
471 617
56 109
88 327
611 102
822 551
549 163
824 102
884 153
724 918
985 959
787 449
299 402
323 759
141 230
438 682
765 811
406 649
817 220
32 179
431 413
472 451
329 631
943 36
544 61
516 228
102 359
47 423
506 708
944 382
958 465
872 398
977 865
650 470
204 878
171 472
864 924
793 226
192 531
540 948
865 516
14 609
248 547
600 181
834 119
247 588
315 722
854 478
105 131
995 602
360 91
970 20
579 135
548 556
386 494
281 148
971 366
322 186
171 956
510 422
202 40
50 666
72 159
685 130
396 27
714 602
359 899
866 141
735 661
540 156
300 440
88 261
868 372
37 969
935 133
692 146
647 898
158 212
259 264
452 164
641 854
971 729
126 408
552 745
662 280
844 257
618 439
329 336
888 34
807 863
631 149
655 506
102 293
280 565
982 608
944 316
87 695
780 393
730 801
921 103
375 573
318 39
242 983
180 105
295 809
823 211
289 240
812 52
242 165
495 345
161 994
728 58
61 763
983 284
181 828
427 66
674 468
319 11
888 168
492 168
161 68
895 292
812 294
757 358
311 12
994 42
646 756
269 769
343 755
429 4
217 350
843 812
158 709
990 458
864 53
255 763
100 889
520 14
401 63
301 879
654 243
483 361
842 708
917 64
480 63
954 885
497 646
464 240
389 66
119 205
265 30
789 939
658 190
929 424
915 526
98 267
54 197
119 326
879 724
230 544
133 611
784 837
462 786
759 26
836 209
65 103
890 711
157 860
795 329
142 444
362 447
903 505
742 853
795 679
253 396
896 502
398 225
766 163
933 505
314 527
646 448
469 815
546 281
578 987
366 579
998 792
935 443
222 241
543 333
567 690
149 702
61 589
984 749
533 813
890 269
859 690
334 990
554 993
141 595
139 485
727 921
823 629
937 236
350 934
50 413
426 700
319 308
291 475
814 287
544 426
26 729
157 660
620 421
446 534
652 639
872 642
806 288
990 634
547 64
748 54
721 365
17 249
756 817
57 550
534 889
257 86
790 320
129 840
829 19
130 18
527 849
962 777
198 152
381 273
325 607
494 150
952 476
654 782
308 145
781 594
10 451
428 735
371 201
83 966
433 32
89 222
599 738
10 343
789 310
428 856
579 500
610 604
617 792
945 557
843 317
17 504
379 856
805 964
887 508
68 405
91 803
526 731
704 508
93 354
487 631
602 618
84 921
367 980
329 459
119 878
25 987
93 596
10 827
588 575
192 346
885 798
236 123
732 704
788 47
397 162
822 863
486 648
66 62
237 883
18 250
322 698
325 178
192 817
472 642
557 191
534 473
174 130
52 958
605 353
51 733
632 715
340 314
344 433
931 351
961 230
32 733
713 128
880 305
814 705
590 731
440 908
741 82
501 780
353 387
44 800
696 726
21 35
986 421
975 262
42 323
439 962
739 665
161 688
252 52
31 578
466 506
507 278
640 807
922 907
787 453
429 745
745 227
81 412
805 214
3 758
531 914
736 114
369 815
484 802
864 794
244 820
560 797
388 47
422 863
939 564
484 923
231 477
575 812
963 628
57 297
301 694
768 574
28 764
551 576
922 223
316 184
488 641
278 831
395 184
284 582
179 825
30 436
403 947
255 820
855 290
562 711
956 867
772 292
92 533
873 869
262 715
555 708
391 721
494 139
743 880
332 491
906 763
271 23
980 419
949 840
175 665
538 488
142 488
734 134
679 198
802 534
554 432
829 371
77 507
176 257
774 556
889 543
237 388
364 163
971 612
162 214
101 692
706 314
265 571
325 622
204 561
672 437
90 984
322 324
523 48
794 548
159 37
716 857
745 511
514 615
46 281
987 798
78 987
605 918
231 411
390 929
808 688
51 480
770 167
678 578
67 461
942 395
615 0
872 565
504 169
96 115
46 523
151 539
370 583
918 159
42 754
892 924
712 175
227 426
920 124
924 997
657 653
660 924
118 604
472 873
379 416
571 357
771 122
408 70
830 473
267 67
258 247
428 658
231 787
93 853
526 183
357 899
728 546
450 309
942 771
349 900
627 63
532 728
513 486
248 969
927 769
311 271
130 196
472 310
945 493
618 135
913 955
58 212
599 795
247 84
340 800
257 277
991 501
20 41
713 264
720 388
472 323
642 734
485 787
435 929
761 281
909 970
91 981
717 211
545 922
896 627
207 1
430 46
354 694
970 926
505 863
16 177
409 108
312 175
212 237
24 940
416 232
127 129
747 517
351 288
511 240
578 186
522 520
650 705
474 479
202 20
307 73
694 482
716 12
743 640
140 310
678 659
226 764
484 12
855 184
901 529
390 84
207 377
931 179
512 195
990 988
952 238
828 660
2 618
923 705
422 423
86 208
696 662
317 77
850 311
411 907
247 18
839 832
135 450
171 144
823 70
527 745
800 840
776 254
984 432
491 499
847 134
905 260
710 21
455 963
119 519
125 41
360 581
762 561
550 153
816 43
141 399
135 584
386 166
203 984
743 440
340 989
147 823
301 509
686 808
138 222
131 1000
877 561
765 54
57 233
263 338
862 926
72 770
557 61
704 754
647 220
79 702
894 97
99 351
916 115
348 826
910 41
277 128
975 695
55 429
210 74
817 752
531 166
261 305
491 996
155 818
549 937
948 454
502 596
116 826
864 985
643 757
706 813
797 406
558 649
217 585
934 640
991 945
287 829
553 948
852 49
430 585
29 426
835 1
994 290
679 134
950 368
302 561
80 219
429 373
759 248
878 199
530 950
364 99
327 446
652 14
492 779
146 142
753 554
128 502
367 784
642 723
399 736
359 142
718 489
883 785
258 733
846 903
500 266
524 623
775 205
384 91
605 962
99 861
354 562
146 155
944 135
252 285
35 287
772 28
690 403
211 634
880 914
699 573
47 647
778 866
160 295
454 513
201 333
362 695
100 695
356 355
584 744
212 347
399 173
611 352
872 393
165 531
679 752
11 64
711 704
934 453
315 475
171 467
782 355
312 177
994 211
736 360
74 884
732 66
756 460
66 242
610 342
92 416
596 178
696 530
369 135
487 127
101 320
174 81
475 9
733 718
161 492
642 536
174 202
666 893
917 246
718 302
630 189
798 2
590 790
373 267
951 15
12 261
723 767
616 375
951 365
499 729
289 919
218 221
589 659
107 390
557 855
837 909
202 398
114 285
727 485
506 745
290 632
940 714
656 955
188 621
255 382
934 145
289 932
139 170
42 503
861 569
759 558
451 442
420 863
485 26
468 382
332 750
390 691
753 514
582 632
494 748
7 172
130 508
999 920
517 917
312 219
358 106
994 24
113 46
365 230
953 171
989 619
369 645
138 224
701 337
769 737
442 342
824 407
768 512
556 858
666 235
349 528
655 985
736 415
147 20
584 812
537 471
237 179
440 767
986 977
241 823
337 531
722 867
405 702
50 474
896 939
801 113
957 131
375 944
758 416
347 64
555 996
541 832
723 580
630 123
969 757
446 716
576 8
927 760
517 596
47 152
268 565
909 827
706 10
881 765
556 416
33 146
93 160
392 722
777 829
949 81
824 86
853 787
84 727
827 542
790 623
659 140
115 686
321 266
739 550
980 841
446 153
859 322
266 222
238 389
580 89
45 748
1000 446
793 907
39 408
925 272
116 628
391 338
363 505
795 916
382 518
368 620
927 89
247 330
749 985
282 287
586 698
170 756
467 225
305 163
268 244
777 387
290 3
936 151
509 572
398 475
245 647
307 64
432 473
825 175
847 459
711 827
365 419
703 414
988 812
83 477
192 878
402 422
94 77
676 173
245 660
427 371
826 642
688 183
865 755
680 709
233 892
522 766
173 612
175 658
982 229
216 430
735 766
582 258
349 959
884 71
677 761
352 964
830 774
468 358
905 130
803 82
381 618
945 431
149 497
233 905
47 220
93 336
681 543
51 339
376 661
909 895
587 844
783 261
942 254
809 664
907 970
152 808
946 265
593 672
408 855
926 552
131 52
673 106
571 95
388 913
970 514
238 336
716 863
31 760
727 729
443 970
364 640
166 167
335 353
467 280
604 514
0 750
418 280
277 240
409 396
870 754
863 751
789 573
737 117
128 827
301 984
249 299
309 350
160 715
746 58
467 643
644 10
21 822
287 712
142 65
207 423
64 374
798 864
811 308
184 412
134 820
972 936
534 939
47 33
186 377
208 890
10 151
753 195
64 387
481 904
420 665
822 187
543 772
615 611
655 424
894 706
314 619
429 377
551 74
47 46
106 626
568 657
55 809
521 316
952 539
262 92
767 722
762 378
294 44
152 863
716 676
532 855
347 550
214 694
230 904
250 324
260 517
116 509
968 496
441 979
291 217
618 383
315 574
141 458
659 155
810 553
297 971
905 561
299 751
211 638
696 158
733 454
764 558
733 225
58 810
3 874
655 800
483 279
75 979
438 802
185 356
960 618
674 520
710 214
139 590
402 1000
367 225
964 215
983 228
19 939
251 50
780 808
525 289
731 623
428 356
534 752
496 2
558 816
781 336
153 767
660 46
353 303
50 302
527 604
878 124
602 226
689 639
804 360
802 516
389 118
377 781
302 607
658 242
773 229
374 483
351 765
805 935
973 519
417 301
353 316
80 386
503 489
395 663
885 298
251 655
333 953
56 150
460 11
337 843
693 478
771 546
967 192
364 158
350 260
214 628
979 202
362 728
731 73
25 850
721 28
720 328
563 381
143 990
172 459
889 780
507 220
983 149
322 669
840 366
440 166
977 785
208 45
507 570
199 454
428 48
326 266
548 113
964 28
914 436
386 51
247 387
216 808
257 580
904 916
629 159
355 859
457 52
178 637
537 691
413 167
533 986
435 185
338 747
935 508
20 586
856 858
832 235
782 643
212 298
518 570
592 519
36 301
894 103
990 794
981 745
998 160
106 481
460 750
114 76
295 124
718 227
632 941
34 763
208 650
227 663
92 704
116 832
900 877
738 815
638 877
743 930
994 512
369 194
814 581
387 248
53 897
312 599
592 882
294 959
729 887
966 305
594 433
690 141
712 425
887 426
780 71
730 479
169 146
788 420
89 382
118 854
234 19
877 125
161 672
627 179
849 26
730 600
642 716
586 326
713 138
594 675
709 662
183 323
742 21
958 319
490 739
686 385
481 919
630 490
850 493
422 726
678 157
894 950
815 391
214 696
93 635
437 216
841 794
863 553
307 860
398 224
852 431
378 511
851 206
460 321
938 619
182 47
696 39
619 987
83 455
112 927
41 458
200 222
744 874
222 240
750 396
231 474
384 689
301 691
282 412
598 123
630 866
358 407
980 161
536 413
402 184
558 697
912 929
929 344
48 366
827 333
292 992
842 870
400 525
69 654
308 936
399 300
574 826
595 885
842 991
886 539
605 526
206 780
961 161
357 949
313 354
661 542
563 7
633 480
710 929
11 662
644 80
487 362
502 899
810 234
619 666
540 144
126 504
179 367
726 11
266 26
646 247
152 907
475 136
485 595
648 966
285 160
362 609
418 137
220 381
