0 0 100 100
250
25 23
24 88
88 100
55 75
81 39
50 70
91 71
5 65
57 57
8 18
71 56
77 44
41 24
59 48
38 80
55 59
18 83
91 0
74 48
81 96
7 92
56 76
47 73
56 12
63 91
36 82
29 43
37 26
13 1
41 17
50 29
41 90
18 3
8 96
81 89
45 69
64 82
47 11
2 43
68 43
19 4
10 56
71 42
45 87
68 52
12 84
48 40
58 81
61 64
35 3
26 0
59 98
81 9
33 97
2 27
98 43
56 7
100 71
49 96
92 76
31 35
22 32
23 86
14 28
4 91
38 4
43 18
16 1
59 36
68 72
60 98
93 31
41 94
79 78
19 45
99 99
56 9
1 94
100 64
28 2
74 54
21 18
93 67
83 75
92 23
77 34
41 69
67 33
44 65
35 62
97 46
6 1
97 55
70 38
26 68
76 17
44 83
11 89
48 19
7 82
8 47
10 44
2 31
97 12
17 59
71 94
54 78
23 72
41 71
23 35
60 84
63 10
68 24
46 42
77 75
67 10
24 45
68 51
86 32
59 24
88 60
58 34
36 31
2 63
55 44
42 26
88 78
83 36
99 32
42 99
29 65
22 68
12 67
58 64
43 45
83 8
75 59
52 57
96 66
21 42
53 95
99 62
56 27
93 21
47 33
90 68
82 0
5 27
96 29
73 61
44 89
74 90
31 0
93 48
65 41
40 21
37 4
61 53
59 1
29 30
3 11
13 34
78 78
23 23
41 59
36 72
23 87
3 61
97 100
93 14
19 10
56 29
90 70
1 77
25 78
48 9
21 65
3 4
24 91
84 87
58 13
10 46
99 48
61 9
6 39
58 77
59 12
99 57
61 18
14 77
72 48
53 99
1 61
44 75
45 40
31 41
34 49
83 33
56 58
76 91
100 58
40 16
0 99
63 82
68 96
29 25
18 77
4 60
29 89
15 35
47 3
78 18
47 67
35 47
41 63
87 94
65 57
55 89
91 21
44 68
100 88
83 17
37 93
49 58
8 87
71 70
3 100
48 13
46 80
84 64
5 42
7 6
13 22
78 57
12 66
97 15
58 63
13 40
18 33
39 40
53 39
51 5
91 23
62 51
92 86
91 32
99 79
28 92
77 42
87 62
