0 0 5000 5000
10000
2035 4909
3673 2651
4490 4859
3769 2359
663 3876
521 265
2931 2428
2145 287
3707 434
348 3949
1081 602
4016 1943
320 3887
4540 2623
3100 3139
772 3001
4201 2928
4841 1302
666 3477
12 4939
3835 4002
363 1261
4258 2644
2535 4535
3234 2092
1518 1478
3796 4047
1781 2117
4537 4688
301 1551
4237 4692
3070 4586
3872 1561
1831 2877
1984 1924
3231 976
4139 2585
271 4008
1319 487
3153 1322
2831 3257
3815 4410
3439 861
3284 3202
27 120
3975 2827
1618 1722
324 343
798 3646
1386 3816
598 2272
298 4491
4692 374
2436 1536
280 687
2969 50
2150 1933
2033 2351
1289 621
4317 4405
525 225
361 4961
3812 4418
3817 1086
2731 2100
3579 1672
4673 2468
3687 1205
1988 1009
1628 2652
823 1501
1421 2847
2052 1667
238 3965
4450 3069
319 1409
2681 414
1647 1618
2550 1880
303 4848
1530 804
2598 2631
1067 1043
3563 2751
1099 1520
830 4779
329 3036
2650 17
1338 984
4030 1850
1673 2960
936 4882
2878 2769
1556 3543
429 2341
1411 4882
635 2446
1805 4018
1588 3495
1932 1844
693 401
4545 4366
1148 3196
2428 2425
2268 1012
3770 1337
1669 4359
1564 4077
4730 3136
3243 3806
1139 1161
4661 1545
2448 1845
1658 1726
3077 4039
4297 1039
3325 1889
2153 3425
3176 3752
309 825
1386 2206
4533 4140
2523 4769
4600 932
1835 2971
4023 1823
4473 4769
1450 1817
4115 4795
2155 3592
1057 3320
4698 2672
3786 3573
3992 3907
2999 1473
74 3294
1710 4373
2952 1132
1892 1906
218 269
3265 1363
4381 2443
4673 4012
1144 4901
1168 3272
1003 2710
2579 1560
1910 2862
36 908
3317 3889
2749 1153
1219 2981
916 957
1762 1917
1430 3164
4222 1982
2312 1337
3961 2355
3749 4687
1096 780
60 1386
1493 3634
2358 1389
4249 2529
499 4173
2913 1153
724 2076
111 1324
4008 2588
2903 4114
434 2014
4102 4172
3644 2540
4984 359
1997 3517
1062 2485
1363 1659
3856 1901
248 282
2735 2436
2406 3429
2492 4664
4429 487
4475 4804
1986 776
4084 1886
4643 3570
450 3247
4982 821
4094 4065
30 4381
3123 3605
3568 1740
2809 1688
4920 3097
1831 2006
3765 564
673 1454
4303 1142
3168 988
3051 174
4422 3988
4465 4358
924 3961
4647 4106
3823 690
782 2794
3048 4077
2005 1526
4214 23
4102 3488
4073 572
3510 3613
2469 1660
576 1679
1118 3948
4800 4055
4409 3645
1610 209
737 4485
1628 4693
4329 1437
2455 2930
3508 3954
939 2899
992 4711
2329 310
4818 3062
334 4253
1159 1626
2666 2820
2934 1817
4818 29
654 2622
2292 2350
2028 3472
521 817
4544 2126
2027 4001
492 1513
1688 105
3 2288
1078 856
1596 2502
4426 1612
2922 4853
4644 788
1600 672
1746 2712
3215 2631
161 4567
395 2519
665 128
4577 2424
4563 45
939 2094
2902 3568
247 3035
2799 208
3072 3750
3146 1484
4753 1862
1153 4534
3911 3273
1376 3788
1713 4605
2098 2726
2022 3899
1098 1336
4318 2321
1918 2795
1604 4820
993 2451
869 466
4702 4418
3511 1474
701 2279
2050 1150
4027 307
2256 3433
4725 3318
3240 4623
936 870
403 4342
1848 3904
2562 1261
17 600
953 4220
996 4856
2606 2765
2262 2726
3098 1012
429 544
4577 3605
4161 2229
270 1719
528 257
2926 905
1603 811
4870 4086
4469 1564
2803 3952
769 4786
1760 4141
2959 4465
1082 816
4482 3223
1082 2802
483 1948
3143 2596
4416 654
4969 3018
407 4289
3339 3181
4718 4375
2266 4659
4659 2977
4081 3000
2952 3415
4182 3806
617 83
3881 2417
3184 4475
3991 2060
2967 4706
694 37
828 3006
2342 2439
363 2418
882 2717
2448 3094
3652 1547
4813 1579
859 3753
969 3396
1646 3086
1350 3761
4287 1011
1028 1495
399 4182
1488 4863
4695 3694
2052 2461
3383 2712
2889 2140
2942 3198
1708 1870
1120 1205
885 2062
1778 2868
1528 4154
2440 772
1842 3792
1238 4580
324 453
632 569
2065 3046
4682 843
1761 834
1250 2833
701 3823
2645 4789
3381 3137
224 222
1571 444
862 1970
163 4184
4639 4795
2444 3752
3939 691
1977 3054
1237 46
2864 3786
1422 1260
4090 2257
1390 2476
1037 631
4316 3243
4046 1433
3792 1782
3625 4823
4702 4218
3854 445
4680 29
4654 1023
755 918
3491 393
2329 4566
4583 325
4366 1788
1861 785
768 628
4992 3004
2473 1312
1127 1958
2156 1605
4682 2024
1844 3999
2749 658
25 291
4529 210
2944 4546
2576 4150
3920 920
487 56
194 4907
3339 2860
3738 391
804 2392
425 3793
4807 2820
210 421
2947 2750
1954 4746
1221 2680
1441 734
4460 2712
2724 4169
566 4671
4635 1023
1966 4756
249 305
2504 1133
976 3788
1787 3707
693 1221
1154 1579
1900 3355
424 4214
1495 1320
1631 2901
1089 2618
3477 2578
3396 3636
2766 3469
1840 4243
3388 2469
4752 3126
1096 527
1354 822
3246 1073
3196 3467
4975 4366
3296 1190
3380 3813
2631 4449
3118 1827
0 2287
1908 1610
3845 3095
1365 3317
24 3812
2357 3836
800 1589
60 3011
3079 788
3311 4329
3170 189
4723 1270
1386 114
384 75
4503 4384
1139 1405
4690 275
468 1237
3051 3062
3216 3395
1597 1465
783 1477
833 3055
3912 3098
4509 873
1749 287
0 3468
1250 310
1685 3685
3018 4992
2939 2484
1227 2578
2939 269
1492 4044
4575 1348
2173 470
1438 2761
500 4693
2370 3495
4381 3734
1600 2271
786 4232
1992 3549
1455 1129
2420 2040
4209 3627
4345 253
439 1421
2373 1928
788 4049
604 1259
4727 4492
4827 1461
3531 1433
3906 4757
2171 3901
3048 3945
519 3780
3029 3437
2977 3247
369 574
2058 2977
652 374
2333 4902
664 3646
2851 4599
1698 4620
3105 3661
3748 3538
1496 729
1466 4270
1177 2181
707 3427
416 3251
2912 4205
1135 1137
1713 3063
1577 21
4376 3753
3619 1559
131 4435
1022 4643
2259 2041
1681 2064
2610 578
246 975
1672 2244
3735 4888
2131 314
1504 1879
3806 4539
2601 3912
4562 2307
1086 319
351 4825
1251 386
602 4178
3133 4904
2627 2329
1428 1776
2725 2635
3434 1634
1787 137
3179 590
2038 1705
4206 4594
498 3037
1455 4996
562 3961
3728 3020
4125 441
462 2333
2308 2468
1451 1844
3774 921
926 976
3703 2209
4950 4230
1760 4585
4788 3185
1023 1848
3547 3618
2393 1236
3952 634
4817 3822
1935 4293
4700 2254
385 773
2786 3382
3774 3028
4276 2192
3526 1694
253 2280
56 3163
3468 706
601 4720
3696 2556
3374 4491
2455 4450
2634 4452
1003 1465
3401 2867
3086 3795
1418 3895
4419 406
4367 4417
1022 2912
769 3486
2935 2579
3642 3195
4129 344
3621 4075
1713 4486
2000 1547
3039 2636
742 3797
496 358
3302 3046
1791 1144
4653 4370
1606 1098
4206 3681
4579 1977
162 189
2395 1029
3005 3927
4987 459
918 468
3550 1283
3625 4315
4859 3199
1461 1390
938 1349
2739 2007
3754 524
2257 4707
4036 3391
2441 2838
1857 4773
1592 1055
403 1190
809 2632
1316 1911
4019 3158
39 913
2640 2903
4448 2554
3455 83
1452 1691
1521 3511
2899 1851
2996 2952
3589 1480
1058 3457
1840 4432
2130 973
4045 1467
4637 3099
2524 863
2644 1194
958 4458
1161 3326
3201 4000
3620 3166
2647 2138
1702 2862
912 4692
1218 1766
4849 4308
66 736
1007 2751
4228 1480
3123 266
129 2253
3109 2842
4014 2948
309 3352
94 4181
1618 3807
482 799
136 2377
2407 3967
213 2597
1875 4897
1995 761
4464 646
1893 4914
3261 2832
1831 1821
1807 1235
2133 2388
555 2482
1661 4793
185 1451
2661 1524
1819 3918
2399 2278
4135 4527
2077 12
1170 3243
4132 28
964 4343
1556 2003
2168 2796
740 397
3102 4357
2200 3502
2878 4383
1814 1480
2841 529
558 2608
1815 4334
2503 12
3812 2194
1938 2455
4433 3295
4677 3921
2951 2094
4069 3247
1653 3225
3021 2338
569 407
706 3122
1843 2302
3195 3888
2940 4830
2931 2795
376 214
200 3435
4293 2359
4508 4233
2082 3523
4222 2415
509 514
3473 1802
3564 4135
3433 454
3971 2015
1983 4160
2279 4976
4808 674
4357 3956
1652 4060
3178 1332
442 3843
4931 4982
41 2745
4819 311
889 102
2642 3981
672 4305
1695 202
2087 2941
1827 1553
1505 3488
3924 1795
4285 1020
4299 2904
1888 3226
696 3615
2040 385
2587 783
386 4850
2013 1945
1562 1255
3472 1405
3983 160
1051 1039
511 1583
3007 3557
2931 1990
3712 111
3631 940
4116 2675
3047 3104
1368 1914
2242 721
4974 491
1063 3264
2847 2521
3960 1344
1262 175
3311 935
587 4732
300 2689
3822 2807
4888 3541
4153 877
176 3562
651 408
1071 765
816 1936
105 2864
21 4213
3391 2513
2527 193
1370 4710
3886 240
3817 635
3189 312
3514 597
3877 420
4157 4904
363 126
2319 4593
2897 4341
4320 2158
4240 3855
926 4669
921 2110
2576 3468
4833 4140
190 319
809 2808
413 4040
518 4093
2173 2445
4115 4799
3027 3754
3044 2940
2163 976
4128 1062
3178 3694
182 2831
1214 763
498 2542
2413 858
220 319
4529 3971
253 3879
4718 4432
4556 2155
4693 1864
4029 423
4212 2988
3985 1777
495 2365
1843 3980
819 2462
1963 864
812 1254
189 4015
555 1369
3160 2081
3184 4653
1288 725
2443 454
578 2255
1765 3279
3888 2002
3463 1035
1166 2425
613 4693
2932 4819
165 3779
3528 4813
4841 543
1310 4806
914 605
1468 1945
4954 191
2943 3601
1790 1178
4078 4169
3290 447
1965 3919
2129 3798
1716 1414
0 2786
2089 4399
2321 3739
2118 899
3838 2652
230 3248
4103 1903
930 4642
3731 2260
3545 1612
1735 380
2029 3567
3764 3376
4058 3594
1322 4119
413 107
4884 4804
4416 2484
1202 4468
1959 246
2974 2927
2103 3866
1012 106
3809 1025
992 2379
4321 382
1817 247
2004 4045
4096 974
811 4667
4199 392
1573 4990
3359 4845
3438 4909
1697 101
2421 2118
4805 3585
3504 510
135 3337
942 693
3822 3559
3774 1044
4433 2666
2855 774
95 942
1227 2259
2493 4330
1586 1374
4896 855
4223 4253
4634 855
4393 271
3391 2447
335 779
4564 3536
3829 1855
3020 1191
4966 1035
69 4043
2490 2194
4780 1848
2080 81
1686 4880
1755 284
1218 4546
3114 597
2800 2356
2511 2253
90 1887
4522 2492
2299 2599
26 2360
4088 3957
1192 292
2630 3113
4982 3645
1608 4179
1484 4372
4164 1966
3094 1298
2875 4866
3405 1419
2381 3311
2558 4930
3236 1876
3606 426
4294 2978
1159 3040
1933 2663
3583 1462
2490 3483
2891 380
792 4909
2862 93
1074 1360
4735 4828
1729 1557
2646 4935
1063 1467
1092 4154
2974 270
1666 2440
1407 4660
4876 3491
3133 2249
4568 3375
3186 1129
1400 1237
1505 536
4170 2282
2936 954
2713 2077
2916 450
3954 3566
3777 4687
1616 754
2359 4999
4503 2347
4950 3790
325 3056
4028 4040
3644 142
4375 1115
3690 3227
4533 4670
2141 2790
3563 2139
3315 842
3640 2359
1169 4616
1372 2464
1468 2926
1463 367
4245 1944
1793 4443
1247 4684
4812 1991
137 1665
3797 1259
801 2648
758 3998
3521 2115
4 2075
4357 1596
52 803
4785 582
3880 247
3107 2246
1725 4430
4989 1580
489 2238
4166 2001
3617 4977
1800 3557
2973 2431
1118 2705
552 2028
1560 1589
3344 617
713 2885
637 3829
2462 4844
1118 3873
925 3478
1236 1879
4763 2112
1579 3
1119 3694
4233 2068
3376 2676
2132 889
688 4410
2104 3271
3476 399
46 742
354 858
611 2500
1307 4684
452 1918
4631 4329
3987 1783
2454 122
3037 4378
2658 1349
2215 2994
3502 1970
4149 1552
4496 3057
4166 967
2521 68
7 1689
4761 2345
3801 4481
4895 1076
2424 4565
2861 1156
4719 362
4931 541
469 3440
1126 1495
2413 2457
2366 2345
4107 2723
755 801
3683 2661
2339 707
4825 2185
1423 671
4272 4224
3224 3544
528 758
2878 426
3874 916
3103 1039
4192 1491
2906 1922
382 4087
3107 3898
2176 4557
4676 3001
3461 1686
3017 2692
3407 4833
577 1818
2641 3344
1082 2485
2250 1244
4196 1088
1176 3544
4189 146
2363 1121
1246 341
991 1283
1085 918
486 4265
765 3451
1226 399
3034 13
1588 4656
4231 1459
380 4549
1803 151
239 897
4371 1210
2671 3344
2243 3577
1775 1257
245 3277
1215 4532
491 71
427 4745
3665 3155
4594 2652
1848 1735
1287 1173
2417 1663
4992 4647
2189 981
2338 4753
566 3978
4213 3081
325 1822
1755 581
2646 560
1892 852
2900 3594
234 3626
1485 4140
883 1591
1423 1047
850 1414
2949 3715
2733 2370
1936 3029
1946 2256
387 4807
1802 4197
3116 2781
1732 4138
163 605
4429 3621
2815 2072
3159 4814
1287 2704
1944 1513
3305 1670
3869 1712
1889 594
1390 1930
3907 543
3535 4347
3153 4282
2618 969
2298 3502
3359 4350
4176 4380
1607 3096
3845 4509
1295 57
4927 1804
4440 2174
3609 4003
3641 4450
1896 2152
844 4507
2475 3256
1871 2095
1692 1827
186 4241
4028 4337
2519 4265
2894 2193
1445 940
3654 3638
25 3357
2530 4131
2024 1519
2728 4375
708 381
2875 3082
349 4649
1137 3941
4258 3752
4347 4733
4903 521
3365 2717
3133 1162
1868 484
4092 1999
3844 3883
3933 4635
2400 2974
3052 1439
1966 4439
2682 1640
3463 2205
2859 1273
4896 481
3600 2705
1544 4975
3120 1085
4004 4286
2818 4655
892 4231
2602 3310
401 4408
286 2206
632 399
1189 3700
4766 1310
691 3423
1107 4570
2475 2451
3060 1155
355 3245
673 3554
4468 2821
53 1631
1677 3639
2881 4078
3387 2489
238 630
3254 876
745 4073
3118 1281
2221 1524
2018 670
3800 1315
2838 4610
204 2968
1986 3347
2113 1173
269 1636
1418 2597
325 4655
2641 3049
3253 1856
2131 1715
4172 3294
4731 2763
2081 3062
3746 4879
845 870
3806 463
4325 3243
4461 1855
1575 3870
1437 4165
3500 4594
3603 3258
4582 1098
2873 3907
2861 406
4759 502
3112 3923
3374 4603
3185 2452
2094 2893
4901 4463
168 2469
1888 21
2710 4559
1745 4173
1881 5000
1533 1550
2285 3363
258 2399
4201 561
3080 4277
4998 4288
2541 4228
2465 1200
4361 698
2416 2247
4263 3546
3617 4603
4751 4532
3896 1803
3679 1280
3326 1421
657 1182
2691 910
4282 4956
3109 3638
3280 2473
4195 3267
4086 2048
4908 4600
2451 4577
378 1245
2382 4706
372 942
1671 450
4446 1802
2326 4811
4076 579
1579 1615
543 4207
166 4220
3924 2925
3927 2405
3791 1349
673 1018
3159 318
2940 3169
4103 1584
2866 739
3793 604
1431 589
3989 3404
4044 896
2643 1606
3006 3644
4167 3447
4277 3807
4086 4276
1668 1175
3448 3696
3792 1291
447 2526
2976 3886
2541 2497
3401 1140
3795 2528
2513 2435
948 3451
538 1072
1739 8
3697 1138
4247 3268
3896 4502
1527 2340
1081 3980
1864 942
4171 2226
4921 3212
1039 2522
2508 4656
674 1377
3777 1777
136 3657
3553 4284
1963 4075
2942 2144
1302 4329
4812 3161
2434 3431
555 379
2246 3380
4964 1983
4683 1475
4970 2737
4290 4927
2191 411
2269 3219
1952 1297
226 1493
1554 4671
391 1560
1571 3820
4998 4906
4012 1657
1390 1301
3728 3884
1389 3062
1776 2239
4828 1462
4339 1005
1698 4571
536 342
4958 259
4524 3939
3359 2445
439 446
1318 1546
3374 3248
3947 2881
1889 4287
1839 4695
2059 2749
2859 3327
4679 4227
1811 1186
2420 2462
2031 435
1604 3108
4885 4332
3942 3705
241 4073
3927 2902
4618 4742
4924 4031
3138 4139
115 1224
2066 658
686 4194
4958 2595
2812 2168
3027 4079
4243 4047
1640 3704
4196 4460
2354 14
1564 3830
4580 141
2842 3215
2116 2357
3561 1919
2253 2820
3208 2518
2762 2697
2497 1002
4210 1547
4051 965
753 2275
3956 3845
4855 2187
2415 1542
2301 1477
3985 3499
4828 2764
900 1921
2407 4576
156 4621
4767 1027
2497 2291
2335 14
1926 4653
4796 681
4374 1217
4747 3714
3701 4386
4349 4836
3050 3113
3948 2277
2950 960
3588 1476
2473 3775
3737 3262
4069 3735
2537 4928
3220 1989
1711 4886
2798 4740
2256 2205
2467 3408
233 2114
281 3582
2433 4992
4618 2903
3019 3103
3964 2113
4659 1628
4516 1808
4077 2175
4784 576
4149 65
4990 2896
4049 127
1631 1981
4358 1636
488 246
3383 1700
807 4163
3422 1133
1058 1301
3439 2534
4965 3253
2620 1448
4612 1637
2912 3017
4292 2221
885 821
1573 175
1781 878
1266 2647
132 3243
2017 3077
2051 3893
1286 3272
4751 641
148 1386
3335 4934
4873 523
36 2084
4766 131
1705 1125
3685 4000
3442 41
4278 2528
4883 652
337 211
4308 4393
1336 4153
2256 2581
4286 3816
3938 4796
3792 312
213 3824
3086 3533
2509 2209
477 2850
787 797
4961 3618
928 4708
55 4554
4630 1532
3027 2027
3863 4514
4804 1833
330 1497
2463 3382
2129 4031
2139 2238
2402 4863
1908 127
2904 4027
4502 2636
2565 2117
3654 849
3662 2659
3213 352
2915 1449
4391 2539
2948 3023
4493 1769
4841 2775
4832 3221
723 1320
444 3854
277 1233
3434 2916
3936 4066
73 1174
3111 2677
3364 2857
363 1916
3343 3737
3303 2618
2810 4671
1473 2656
697 220
3212 4422
3809 2197
4485 1248
2353 4166
3913 39
119 3397
4795 161
4221 3538
4589 3705
3636 404
2288 4158
4248 931
63 1223
3974 2385
1444 1029
921 988
1817 1311
3219 2452
540 3511
2632 4870
1579 2422
827 2558
2012 732
1456 3483
1845 4527
102 1070
4778 4287
4767 156
2069 2434
145 888
2213 3876
2755 1715
2467 1019
2728 3009
3713 637
3455 2062
31 2479
3150 1426
1505 4728
443 4904
4655 3254
2726 3579
4589 2900
4974 1021
1146 1348
1218 2685
1431 3732
4817 808
966 1417
4661 3944
802 2743
3285 1772
2876 32
4505 2155
1390 4310
1096 1877
289 91
3928 3046
3291 1708
1950 217
2917 1955
3008 1319
2607 2732
807 956
1131 4500
3251 4231
2380 3184
3039 3823
3613 1843
3855 181
1766 2503
4477 3611
2132 4021
3023 28
3098 1370
1649 4318
4851 1048
1735 3567
649 676
1543 4794
3119 3644
2663 2610
2407 1637
4509 4209
2878 1222
4999 2087
4423 1173
861 1848
2117 3497
563 4931
3180 4943
4699 4454
308 1672
3656 2657
2742 2731
538 2134
4120 4518
1565 4152
1811 946
2714 454
241 3833
1846 644
4881 3155
636 3837
388 325
1558 1934
1453 1652
3746 1540
4033 4751
3952 3594
2405 1281
3191 4176
757 3605
321 3718
3411 1964
1890 1360
1919 2061
4422 2991
745 747
4485 1061
1205 4640
2678 4035
472 2840
1160 3177
3007 275
610 4696
4052 4067
2366 1181
289 2574
4146 2948
3979 4757
187 2563
237 3552
1698 3647
3444 4598
3196 4496
4951 2594
269 4029
1710 4115
2949 3343
454 3028
3351 1108
4674 3188
1931 4757
4560 3877
2171 2231
588 2210
3196 2402
4273 1568
3250 423
2947 651
2847 1238
702 3665
217 2684
3493 1349
3441 3145
380 1399
1834 515
321 3973
1873 2429
3079 1709
3218 592
2053 3299
652 3255
798 1094
4580 385
4519 4347
4927 1432
3717 4891
4963 860
615 1646
749 1646
4169 3968
143 1836
4045 226
406 4690
896 2568
4855 3478
142 4846
1350 2509
1299 4944
2326 2532
1576 1280
3014 4101
994 2618
1305 4200
3082 2515
3089 1242
2865 302
1898 2499
1796 4703
4050 2448
1281 810
1040 3902
274 427
471 4913
1309 3797
891 2466
2773 4806
3351 2302
3922 1071
4238 3263
1485 1929
1801 1869
4812 4023
4332 2632
259 4626
3781 4744
4564 1743
189 3887
2578 2500
3887 1235
2909 3768
192 2357
863 4511
3674 3342
525 4452
3947 468
4838 1164
4652 1977
2541 339
4110 3643
1694 1635
1446 3519
3213 1146
1893 4733
3426 2193
518 19
1208 200
1661 2626
3617 4915
1177 2055
4876 1806
1693 3103
2646 1974
3427 2539
791 2248
3055 2896
2052 3450
4258 481
3681 3358
3169 3412
2852 3476
4659 1993
61 3836
2380 2205
1518 4684
2677 1674
3577 1436
3995 4164
3444 4290
1956 1648
3288 4716
3644 1611
604 1496
397 2186
4786 2155
4708 4450
3476 3949
3493 1149
2624 471
4914 125
1825 2747
4848 3972
3784 3284
2836 1559
1124 421
2755 2388
3638 3903
1487 1412
2058 4382
1851 4052
2223 2234
3014 518
1364 2244
543 560
1434 4932
2308 3510
2007 135
3652 3020
4641 1548
3104 2397
3190 2437
220 3024
3801 110
846 3715
1481 3997
2780 2044
1785 3176
682 345
962 4600
4100 1840
96 1453
414 3011
667 2962
2542 3798
155 2262
4756 195
4453 157
1908 2465
237 116
4706 3986
3751 4022
535 978
256 3741
3248 2684
1632 3240
1183 1162
3509 2459
331 882
212 702
4129 3830
4205 213
2612 487
194 3802
3494 3090
4354 3948
355 458
1022 921
4489 1140
2713 3922
2528 1661
728 1642
609 4431
494 2229
3742 1327
2221 723
4912 684
144 2345
1166 3036
567 233
1651 570
3404 4486
4567 3130
3965 2567
2784 2526
2648 3685
4663 1148
1578 1031
4821 1734
2893 483
4161 1395
694 3162
966 1406
3433 1925
4632 2737
4110 3335
4810 3009
1912 4704
3210 540
1714 1915
4186 4727
2975 902
184 3743
2561 3248
1950 3131
1389 583
2490 4536
4100 230
2173 399
368 302
3934 2449
4114 1333
81 4409
4210 3256
2343 2244
3298 3928
3522 1192
4270 3795
4514 2206
2136 4654
1794 524
4505 2386
3853 2460
3214 2244
1038 1120
675 3054
3242 1259
4052 4740
3045 156
4576 3205
3373 3405
2130 4472
3596 2925
3966 1475
3209 35
3788 2866
4655 4666
1159 1302
2272 4592
4431 1282
4238 3331
549 4756
4093 4670
3584 2312
4900 4204
306 4769
4014 1896
3282 1947
3535 1373
3017 4416
567 609
4861 1509
3261 2827
4541 2056
4193 821
4814 3383
3408 1534
2073 3564
1128 4325
942 1425
4314 64
3168 2784
4288 829
3890 1951
1218 2003
4948 3319
846 4346
1985 418
1515 240
677 1127
3383 4106
950 4403
729 2714
371 2777
2119 4326
952 19
2553 4029
3105 341
4434 1943
805 1433
836 4947
1135 1308
4201 1183
4273 4469
2487 4614
2818 3667
1157 2006
1589 2417
1403 3230
3951 3408
1074 4186
1813 590
1003 3259
4332 4002
2011 2820
575 2260
2579 1291
891 1971
137 4249
2145 770
2067 3331
3218 2675
3791 4294
2380 1347
1941 1943
3209 640
437 754
3286 4307
506 1113
2518 4435
136 4963
2197 1347
473 2104
4301 1777
1271 4299
2905 3568
1628 1604
186 3508
4422 1020
3467 3271
1125 983
4762 3074
930 2730
3330 1990
2304 1594
1569 3360
327 4386
1729 1134
4602 3058
3134 1526
3323 4202
4606 1716
1065 1319
2536 1836
806 341
2526 2057
126 2531
4525 2959
4869 3523
2360 4505
3528 3035
3724 2681
4753 867
4145 4660
2053 1086
4298 3670
683 4556
2135 3074
3026 1592
138 1989
4496 4594
3546 3025
2261 1200
3821 2735
4196 2383
1866 3596
3301 2699
596 588
2803 3883
3967 3957
2257 448
1304 1348
2034 2362
3364 1183
1597 3556
3275 202
1227 347
2980 4226
4974 849
1873 458
3378 4501
590 140
2515 3308
4855 1507
1207 755
133 3055
2535 964
3596 3798
2655 1783
2918 2651
2583 2432
4982 1733
3239 262
4464 2561
3995 2985
2907 3172
2119 4368
1596 4098
4013 3039
4030 239
3295 2759
2414 4996
4969 4130
1524 1226
622 1125
3550 2985
410 451
1779 1452
4167 3627
740 97
1008 4049
1705 1008
1238 2525
4333 2347
2996 4533
4459 4903
526 784
1911 295
4084 596
3315 4286
899 3998
4627 3504
4940 4718
2963 3309
2103 2451
3348 2891
3888 4333
2011 647
4604 73
2240 2456
1890 4558
183 4996
28 3890
4199 24
3164 4238
2462 3966
2214 4389
321 3654
1423 2813
3254 1687
2866 1282
4514 3684
503 4304
1215 3049
3276 4829
1170 1320
3191 4233
4113 3754
2093 4220
4204 3643
133 2263
384 3831
1602 2182
4382 3649
4124 910
3599 271
1321 2428
1345 2233
2191 2927
4443 4275
4961 1757
2273 1010
4716 2892
127 2569
4031 2789
1288 386
3899 4296
4931 4214
1746 483
2351 822
2962 710
637 2267
241 4253
1645 1074
4004 333
2362 4098
1911 3933
1321 2670
2513 4267
3884 1665
1494 2598
3475 4126
4845 619
3556 816
2028 1485
813 2614
446 871
852 98
3352 528
4446 1553
4298 3375
3926 1783
1105 692
313 463
476 1918
3893 293
1823 2894
887 1637
2671 3634
938 2622
388 1926
4259 1969
1248 2555
2853 4055
4919 2244
674 1236
4672 4767
2234 2771
4094 2575
4006 4906
2108 2366
575 2691
1764 2556
1237 2810
2467 3238
1579 561
2902 426
1653 4711
300 1934
1425 4029
845 3454
3622 4687
2092 4758
1946 3243
1 3772
1900 3770
3354 937
1418 4026
2210 3437
950 3103
1308 367
1256 177
2598 1075
3630 956
901 3921
599 3290
432 2130
1905 1525
10 680
2780 3940
3294 4161
383 1716
1119 64
2528 1918
4173 602
1855 886
208 2358
3494 3697
3642 414
918 2225
4349 1996
432 265
2968 1143
2446 2724
772 3110
806 2169
2561 4660
1859 2698
3206 1954
4317 4380
1700 4368
2667 3137
3195 3522
4654 2982
2624 4487
4838 3328
767 1948
3069 902
548 332
3860 1431
1186 885
3178 845
2852 3533
381 1094
1587 411
2893 2258
959 24
3254 3957
3240 4059
1182 1530
3640 731
3282 1023
1434 3471
121 2079
4897 4443
3477 215
595 686
3211 3479
1543 4811
4960 1237
3948 739
2388 2099
2880 4776
965 81
3818 2844
817 1903
4239 888
734 1905
4428 558
4137 611
176 1089
3547 1334
2812 885
3331 3665
1588 4409
738 4764
449 460
2389 230
140 348
4137 1550
2039 2066
2311 310
2789 4550
2500 475
2054 654
3160 4951
4767 3114
2509 3449
831 912
2624 1709
1586 2242
1591 371
3442 4785
1121 1388
2351 4031
821 3836
19 2165
1662 4223
2345 1247
3238 67
1660 1373
2504 1240
484 1218
286 3448
2839 3970
1736 3354
769 155
1054 2502
2363 3452
4235 378
3600 1853
437 2045
3355 3217
3983 3311
3121 3804
877 102
870 3095
2676 4622
3636 2449
1662 3297
1104 4430
734 3436
4638 1441
355 2622
1587 908
4584 387
4312 3900
1724 3128
1113 988
2685 2577
3934 2493
4626 1323
775 4147
4412 805
3689 3857
544 2228
1079 1340
2426 4043
2608 3296
2038 3409
4638 3777
1907 216
4718 1033
1815 627
2265 3307
1439 4019
3849 3967
4128 3153
790 2819
2123 4126
3732 938
3405 4744
1244 811
1696 4584
1641 447
2429 3186
1025 2164
1303 1620
4560 43
1518 1279
1153 400
2756 3288
1266 1472
197 4412
837 3052
3834 3322
2400 2835
2154 1382
610 4029
2931 27
348 1777
4214 3728
3545 186
248 378
1141 1184
1674 1913
4234 1162
3365 2699
1701 3736
970 548
3363 1835
4223 249
1884 4123
3639 2184
2856 1546
2835 669
4736 3251
1405 1644
3055 443
4507 1176
2844 3643
1285 4208
3214 2422
4125 4265
811 4288
4851 1925
1466 55
530 370
2412 2148
1457 235
4516 3332
1192 2704
2347 2958
1316 4433
2263 4950
632 2717
4032 3175
3670 2005
4668 3093
3620 2184
287 4934
693 4161
4160 3589
161 4300
3521 2407
2530 2032
4077 558
1590 2053
2130 1509
3345 2366
4816 897
1089 2296
4585 1230
3926 2348
3105 4828
3664 2082
3084 3493
3414 1382
4021 4800
2118 1125
731 3756
2221 580
812 446
2835 4186
3617 960
1600 4619
3957 3768
2580 4081
426 1844
2265 2757
188 4416
4173 2309
4551 2935
1122 1547
4726 3461
442 1559
4101 3638
4253 1551
949 801
1929 1761
898 3007
2823 1974
4397 1421
296 1855
1335 4930
400 3898
840 4170
33 4370
2879 3222
3663 1318
733 2795
1703 4279
2978 3201
4418 2419
2322 1584
4271 908
4641 1673
1700 3981
3636 397
3758 4066
298 2574
2865 3260
3990 3369
1337 694
774 2503
2432 3112
1441 788
49 3038
1193 3655
4739 4167
4212 2664
2646 368
1221 1687
173 1761
2697 3568
1711 3766
4260 1136
1170 409
1794 4703
3712 4714
486 3160
4565 2415
4625 2954
4542 3185
3248 823
1379 1162
4090 4781
4962 2495
108 2692
1427 3081
1000 3502
967 3325
3670 2394
1738 987
901 4957
1417 3790
3449 705
835 4603
3130 4335
3889 2926
4227 935
4643 2082
1548 2031
4323 2629
3533 3264
685 4780
1551 1282
1115 163
4372 2787
805 1169
3310 1943
2682 4589
299 2529
2052 2207
2348 3023
1598 576
3070 12
1246 3800
4866 4490
4017 3727
2589 1365
4313 4543
4323 4736
472 3625
2982 3282
4802 3953
4167 3442
4471 4836
4887 1516
2557 1268
3758 241
1378 1862
3924 1176
1105 1178
4362 355
4436 4505
4227 2116
2398 642
3610 3645
363 1480
1611 1696
4097 1225
1139 4855
1093 3167
4123 1362
2932 2885
3130 2375
4952 463
41 3536
686 2779
4431 468
1017 1307
4085 3995
1241 557
3040 2832
495 4874
42 1896
3413 1387
2883 404
2566 4898
932 216
4641 4627
3037 4483
532 3480
1800 1460
4797 939
814 426
575 2130
4019 379
4803 2447
4784 4383
4314 3451
4293 2345
4243 538
1211 4448
955 321
574 3073
894 311
333 4704
4018 1588
3392 402
2361 4092
4971 947
1084 4343
3751 1732
728 3661
642 211
3999 33
2188 350
4836 1698
1596 2424
634 1555
4820 899
3951 258
4107 4935
845 1738
4716 2010
4852 888
1959 3910
2458 3099
4395 3123
4178 4586
351 1617
1127 1838
3360 2907
4994 2405
2934 1752
2993 346
4175 1255
3590 2322
6 535
978 4603
2146 1413
2667 590
1746 3923
287 2211
3931 1797
4177 3021
2181 3356
121 229
4997 545
4692 3881
4346 3244
4461 3194
1121 2558
1484 3364
2143 2017
4615 4866
2387 2643
4257 2906
4592 3650
1629 1015
968 3484
4383 4708
2917 4794
117 3089
1229 1044
2450 1127
1115 3948
3900 3773
1782 2425
4421 4936
106 715
2943 2982
4832 3753
3046 3632
2578 3298
4264 2020
384 2157
1256 2086
2486 2477
2009 4804
4258 2434
4645 4829
3993 702
3767 2382
353 3746
3214 2169
4102 645
4557 1454
4911 3938
317 3271
1580 870
2244 2082
3185 4851
3020 88
4821 4947
2386 2660
1357 4999
2854 4751
1861 331
625 4555
3892 1451
4489 1441
4862 4655
4387 3379
4306 273
1266 1353
1811 4122
2905 4164
197 4522
2279 3244
1630 583
3397 196
1361 166
4714 741
698 4252
2954 1841
2147 321
248 4460
3759 2211
3925 4903
2261 278
361 4751
198 1606
3790 2463
4331 1097
4991 618
4437 3213
120 3349
3704 181
3265 2763
2228 1040
244 904
1033 2821
2655 4231
2147 563
222 4299
1104 2701
223 2952
2014 2922
1293 1176
1041 1598
1779 3550
2961 2473
3911 3813
3995 1003
140 4351
1606 589
4935 3318
2576 3830
3271 154
3864 2654
397 1011
3695 1421
2427 3212
1425 1187
497 3578
1939 3394
4510 1984
1839 2638
2892 1447
2759 4072
1372 3926
4149 3927
4677 2097
458 1556
857 2019
265 4130
583 4934
2357 3503
1347 1654
3709 4823
4805 2282
954 905
3772 2664
2099 4147
2161 2810
1158 4118
2826 1214
3960 1143
3528 503
2676 4424
3436 3883
4802 4384
1951 4922
719 4421
1436 2527
2453 1642
4130 4974
3977 1497
2798 4306
1595 4506
1855 1427
2228 4907
4167 3055
1983 4093
2415 4504
2155 3382
2881 1042
2420 4619
4568 891
4678 4698
2630 642
529 3664
798 1839
2489 639
758 4655
1926 3185
1918 557
3268 3265
3330 1928
468 4529
2364 4027
4954 1721
1179 1157
411 4961
1574 4167
2477 3675
2126 4909
4108 1441
4182 158
3216 4243
979 3432
3142 1584
3527 1166
3352 4023
2705 4441
2344 786
4573 4631
478 4843
4134 3012
2914 1582
3330 3217
1043 3080
1440 272
1737 4171
1883 4225
823 2030
935 1039
924 4785
4298 2561
994 1848
328 3219
1135 2790
2831 3920
4474 3955
2082 4061
4077 1286
2604 3877
2019 743
1081 4661
840 2320
4489 1496
1984 493
1230 4195
2056 1793
1594 1210
1766 4471
1924 3071
4494 793
3789 1529
2252 392
3974 757
2972 2704
2738 2537
1136 3257
4135 3334
2004 1495
3896 4486
703 894
4913 632
1284 4323
2822 2127
96 3340
817 3625
1612 1910
4425 2800
471 4974
710 3270
1923 3492
4277 421
1997 3441
3994 3745
1079 4793
1772 4491
4587 2798
891 4513
115 845
2988 2540
1637 2088
4892 1862
4250 4610
3075 2428
3095 4329
4423 4309
3205 1491
1811 3143
1126 2286
3729 4386
4535 4486
1945 2325
4456 4836
1314 2229
2833 1740
2031 4499
281 625
1237 962
2699 168
3344 3878
3596 1884
4630 2629
3723 3645
1374 2630
3719 4169
4717 302
4765 4022
3000 806
126 3087
3871 776
605 2533
1646 4257
1365 3978
352 397
3698 2016
4300 2350
2344 4558
1535 2174
734 4111
1288 3236
313 3300
1213 847
4308 3638
2902 1035
1753 3686
3682 1900
2945 2802
3826 336
746 1088
1706 3116
4634 775
403 4132
3610 3192
3178 3306
3866 2889
2075 475
2775 2098
1775 183
3728 969
3630 397
3922 1737
3228 4066
3541 96
3009 2450
344 1458
686 1158
2329 476
431 4315
1065 1191
3780 1509
4277 2315
2045 4100
2628 2694
1361 960
528 4369
4903 2225
4561 798
4194 1270
1812 2293
4439 4750
4682 2256
4093 4113
1039 2077
1617 1788
2972 4611
3379 4706
1688 1210
516 2975
4788 3591
774 3499
4827 3519
2114 564
2187 1308
748 3483
3094 3675
2898 353
3156 123
3658 3259
4427 2538
4869 1422
4628 4477
4022 4704
3905 1904
4454 4361
1756 3192
4409 912
138 935
1745 1313
4135 4086
554 2570
2128 4232
1550 54
1706 2553
1121 1634
2294 508
826 2211
745 4501
1646 3936
4005 3195
4452 2423
1964 4245
264 1195
389 2624
437 1352
542 3620
165 3633
2603 3414
2608 3529
3403 1814
1 1724
4876 4821
2880 2941
2924 1964
1485 4139
2004 4704
2596 4350
1409 1111
1868 1396
3008 4523
3259 3876
4031 2406
3585 2585
4971 4721
1117 1878
2961 3401
1603 2266
32 3531
3146 4120
1986 2970
2736 3956
4632 2222
2266 1792
218 3657
4614 404
173 208
2635 2598
3053 3111
3665 1652
1325 191
4658 181
1137 2880
2004 2731
3301 1900
782 2423
766 3876
3488 3941
4305 4200
1399 2099
315 1725
1841 229
4526 2627
2891 2904
2958 1911
3412 132
17 3236
1753 1284
2059 2559
4096 1996
2522 334
4913 1989
3870 4393
3214 4762
1014 1066
3676 97
544 4823
180 2597
3217 2966
2750 53
2287 817
4890 931
623 1854
390 3309
2425 1690
1597 1013
3928 4640
3845 2885
4282 1196
3031 2668
4827 2982
4999 2271
3806 4879
2290 418
4191 2246
2369 482
2186 3744
343 3355
909 1551
2614 2501
296 3014
3023 4655
1017 330
1860 1773
3775 89
4702 2169
3159 3203
4921 2472
3405 4427
2094 2879
1464 4698
1063 4354
2472 2273
3454 4060
718 384
2719 2150
2108 10
4945 2277
1600 4973
1129 3661
4606 367
3905 3703
3791 2369
334 165
4747 2706
3800 4818
4814 4867
3701 4317
1710 1024
4528 3012
139 828
493 1097
1269 1318
1854 22
1778 1424
489 3836
1878 4809
3627 2796
153 4146
4074 1795
4037 1913
4494 1600
4642 266
4289 2888
4535 4112
1710 916
841 2453
1535 3544
196 4903
1534 2087
4703 4598
3658 3435
2037 3876
855 752
2658 4223
1111 2664
4573 2539
2697 1707
1852 3830
2313 4979
926 403
2541 2362
2398 1788
424 4622
1007 4714
2616 735
2939 2637
878 2577
4262 2502
4054 109
883 2921
1022 1050
2142 1081
1614 696
4876 2432
612 3101
1156 1804
2551 3989
4879 1912
4255 2499
45 546
4439 2845
2068 4249
958 2462
1885 3081
3132 4385
2131 2090
2366 2896
4501 4891
3610 2468
3713 2152
2601 3702
1940 1741
673 2185
4375 1224
428 2125
1252 1340
999 894
2986 776
3519 3225
1492 9
65 4931
2391 4013
159 136
4226 2040
155 660
1442 1585
1562 3902
2166 633
4829 1515
2167 40
3982 4797
3600 2517
1337 4457
4611 1329
4736 4478
1527 2568
431 4880
1298 530
4784 2977
278 2837
3115 3118
4216 4856
1697 1178
3230 3593
1384 2704
3870 2004
4313 1756
192 4985
2255 3428
4031 2595
2301 3544
1219 358
1365 1873
4085 3060
425 4698
1225 1075
3090 2014
15 4534
3957 1599
2759 2143
2298 765
2859 1098
302 1100
4266 2354
4777 1109
3175 3024
2595 3203
2136 703
308 851
4575 3863
4366 4921
3757 1430
1515 3510
3953 3291
1133 210
33 4295
2745 932
2097 3377
3131 4122
2011 1876
3427 2952
3241 1550
2391 1114
390 2088
1272 490
577 3900
761 1506
3455 1967
260 1978
93 3033
1063 4288
2606 2436
4610 1467
687 510
1569 3342
4698 4734
3831 453
2571 2334
1014 2073
4343 830
3335 1040
3541 1374
3985 2088
4327 2054
1168 3708
2202 2238
3619 4182
3505 4834
186 349
191 3433
1717 1937
1068 3706
784 3947
787 1212
4445 4934
3569 1328
1981 963
3309 4141
2309 2980
3637 3943
4709 2240
235 1638
2205 4091
684 1501
4543 487
3398 399
409 2959
698 2833
10 2230
3645 4706
4952 4334
2125 540
2273 3407
1535 1263
3007 1453
3180 1344
1172 4594
2884 299
1323 4992
4487 447
409 636
2819 2570
2943 2865
4574 2846
4071 4706
3610 3328
951 1333
1216 2799
1403 4877
1613 2206
4665 2412
1083 1223
1065 2603
771 1402
2373 1436
3484 4091
3990 4488
3909 628
1992 24
4005 3076
4611 2068
912 2280
1359 1508
430 816
2355 1244
992 4195
2931 2343
3003 4434
2525 1426
2900 4750
4557 2505
2893 1593
1482 1615
513 1982
3347 3749
4909 2664
994 4012
2873 1880
2014 3839
195 1821
4357 4551
3994 4499
1750 1780
1936 4185
417 2459
3395 3911
1612 2075
32 3520
1321 3094
3067 4045
3874 1401
352 1017
4703 465
3512 4203
1240 4603
944 2326
4552 3716
4834 396
1293 4200
620 1182
2652 312
1853 4537
1719 107
2345 4999
848 817
4122 3085
4263 2795
202 3823
3925 1753
4044 2347
4324 3155
1602 875
1423 3384
867 3166
3076 3878
1698 1108
2064 2626
3347 1897
1416 1624
3078 3170
3938 4553
4549 240
2212 511
2718 908
2532 1684
2774 1446
3068 1664
3403 193
1096 895
376 2003
4170 2580
618 1765
984 3054
2529 339
2797 3537
2114 3278
3831 1313
2945 1220
3413 1554
3017 3540
2211 4608
1223 2518
2035 4382
2324 4256
1448 2636
4381 3150
262 790
2700 342
3632 2537
1329 4341
4610 3387
1890 473
671 1897
3219 4290
1803 999
356 573
681 4342
4832 3436
1766 4086
2430 1097
2349 4141
1757 4266
2956 160
4972 2692
4485 884
1085 1658
3533 4867
2711 2049
651 1137
4732 2976
4744 2047
157 1568
4749 4340
1447 4454
2144 3399
3207 910
4038 3053
1295 4622
1672 142
3055 3027
4347 1593
3705 2089
3181 2614
1321 2544
1871 4674
1840 3109
1700 362
860 2600
3356 336
2341 1590
1601 3995
813 2259
2473 3695
790 4490
3324 798
1719 1772
865 4112
615 1685
2676 3731
1523 3294
3902 3663
3152 987
2902 287
4450 1253
2399 1881
1702 4693
2791 190
3472 1571
1691 2060
237 463
4323 4366
1463 3364
2086 2360
2712 3280
561 4495
1471 4945
1992 4159
2787 421
4031 1979
2747 3274
1607 2776
4186 2267
2885 4147
3119 113
3883 280
4968 3471
4808 2021
2898 410
2335 1465
2925 4448
3835 4898
614 1510
378 1462
1491 1783
4817 4995
686 1349
2814 416
1380 4655
2887 665
1894 446
3702 60
3048 1522
1441 1144
2019 855
4966 3482
4758 2321
2598 2225
1631 2961
953 1060
1777 2261
3637 870
404 1757
4060 1875
2585 3868
3404 4725
3932 4844
2815 2344
1031 1101
2736 3771
4958 4422
1744 4191
25 2111
4877 1087
4674 4434
4170 1225
2805 609
3626 78
4239 2493
1462 4478
3604 1982
4693 1680
3010 1243
2067 4817
4534 3084
895 2115
2863 3704
3699 1990
1646 1791
4786 1844
1384 3740
565 3637
2566 4649
2655 1954
2159 4002
146 1475
1892 4412
4177 1470
2463 2952
4673 4303
494 3878
1512 3373
265 1840
3279 4935
4482 305
4366 359
4937 3329
3846 589
1779 455
2147 2837
48 4471
3842 884
2123 1985
4614 3844
1990 2853
1008 837
214 976
3389 1023
2105 4533
3163 4881
515 1318
1043 3689
1445 1225
662 1782
214 1097
2373 4203
1361 1756
2589 4767
1591 2218
3579 4917
878 2016
52 2203
1578 4908
2225 2504
4212 2120
146 1838
519 2083
3516 3585
1918 1300
81 3843
203 1325
1689 659
691 96
3416 3354
3605 4007
2757 5
1764 2001
4157 2534
4428 553
2762 3503
945 4298
4811 62
3990 1081
2770 3098
2859 2389
579 1208
4665 4145
947 2129
2113 4262
2519 483
1390 3638
479 2963
3474 4584
544 3846
1588 4525
2560 4429
956 4285
1615 952
3118 1687
3698 47
2175 1060
4420 3415
4532 3656
2498 252
3550 3532
236 1865
4513 4811
1634 39
329 228
3209 2865
2971 3222
2382 1366
248 4440
3877 2506
2963 4795
4582 3490
1235 4356
2935 2747
4230 3533
1097 2207
130 1223
352 67
238 2
2767 4102
3431 3853
1297 4941
3583 689
3483 4952
4644 3523
1511 211
1346 1864
3224 756
3911 639
4826 3944
2811 2280
3785 4206
400 4322
271 1468
3115 476
2101 3581
1451 52
1557 4649
1953 1202
4207 408
91 1766
4609 2145
3869 3567
1950 2136
105 3098
2452 1034
320 4743
865 2557
63 3855
502 4454
4342 3198
1293 3263
2277 3662
2370 443
852 3786
1814 4426
3405 4042
1524 4593
2106 1565
913 9
4811 2895
1113 4729
1457 4310
481 3469
149 2767
4225 2276
3946 2861
2471 2602
847 1348
513 1997
4298 4969
4229 180
299 2940
4788 1864
3253 1591
4807 2143
1665 1980
2900 4176
1214 2044
1209 3161
3012 970
3667 2628
4336 242
1500 2815
4922 1800
2513 2720
3640 3693
3829 2397
4727 1561
2320 110
410 677
2624 3719
4912 4495
3573 3114
1854 805
1448 1349
2468 2196
1149 4665
1051 1878
1345 2096
4019 4628
2271 864
3112 2611
2303 1984
2592 1858
2280 3020
3453 2123
2278 4142
1795 2682
1070 2951
4072 2811
4901 1875
197 811
3963 1592
4006 4406
4985 1051
849 2723
2020 3739
3558 1543
1084 82
3366 4756
735 4809
3885 854
4905 3916
1434 1777
4524 3995
4209 2937
105 3595
360 2387
3314 3253
2340 3276
4971 1008
1397 434
4834 1942
2275 3561
4550 2183
59 2432
3473 802
4713 3867
40 4368
3804 4056
1667 1197
3138 933
4037 736
107 1281
205 2607
1072 4407
2684 4146
4444 2780
965 1083
1295 1712
3535 983
2311 4803
3142 530
22 1587
2790 2034
3217 1347
3427 928
868 2318
3626 54
1721 2759
2820 3633
980 2724
3793 1399
2227 1547
55 4100
3145 397
3594 3670
1125 109
1271 2378
1350 456
2031 854
4305 4930
2323 962
1261 384
3482 4139
837 4028
1869 4175
4295 455
1440 3769
29 3037
3067 4799
269 245
4799 3371
3916 809
2238 2702
2491 2882
1190 3779
340 4326
495 1002
504 2219
1608 3474
1486 1562
2341 2076
1523 4598
3457 1170
165 3463
3661 411
851 233
1436 923
1458 3651
202 1544
4126 3894
3350 3407
4623 2485
528 4683
409 1056
1123 3846
794 638
639 3733
909 1113
4467 2911
426 1410
3681 1184
303 2471
3467 666
1687 4009
1718 1107
2511 4944
1852 1861
503 3993
4130 4430
196 3284
3788 4141
1197 3098
3342 1839
1451 2456
4389 2560
4346 1924
1784 3797
163 4275
3198 1831
858 141
3640 486
1494 4489
2561 4657
653 1429
119 3185
126 4127
4439 3320
4503 2581
2467 4995
3432 951
364 2723
873 880
3638 790
4190 3518
4854 2515
2627 1197
1958 1627
1218 1063
4394 2759
4370 2173
3420 833
700 1137
2613 804
4600 2635
3029 2668
3588 2137
3573 4229
4196 1993
3984 1585
11 3480
3913 3102
2695 4485
2020 2855
3751 2774
41 2605
4616 3747
2393 922
2752 2252
3170 3997
586 1910
2936 383
4510 4031
4391 2582
2605 4713
1641 3209
3375 4365
1098 3455
1483 822
4144 4812
436 1040
2345 3446
3534 1096
4203 4638
2279 3092
620 4998
3696 4807
2208 2394
4395 3118
4460 1527
908 4647
741 40
1410 3582
2081 74
1447 2417
1719 661
924 2376
4036 152
3504 2543
2602 456
3681 1681
2065 4452
158 4536
2369 2877
2738 2451
1645 2294
747 915
876 3769
2767 2923
2080 1993
4860 3460
1176 4704
3361 2844
1575 4975
1528 4863
354 3320
798 853
4920 2693
1586 145
4587 4469
2340 1250
4647 4520
134 3024
3396 1754
1598 2599
266 174
2759 2631
221 2912
1861 1252
1243 156
699 3439
3887 2257
86 2458
576 2322
2097 482
3683 4184
2040 3883
536 2923
697 3780
1339 3018
909 3959
3832 3489
3851 1287
2500 2821
473 2345
2919 4202
1792 1768
4752 3122
2209 1827
249 1819
2284 2644
80 4979
1365 4589
1778 2772
3110 4443
1592 3319
1972 1325
4740 1018
421 4491
2819 2924
4908 4537
3903 1046
1243 2384
3619 1287
2622 3807
203 1824
2918 193
2706 2000
1722 3550
39 144
419 4337
2447 19
2928 2049
4246 4539
1051 4550
3785 946
853 4040
4896 3372
3072 2996
3166 2860
3646 3497
3030 784
1223 4253
4671 2207
3189 2992
183 3922
4426 2376
4612 2795
4216 4552
1079 2747
4219 1817
3040 4626
2983 3826
443 4263
2692 1664
2831 2237
3947 4778
2581 4048
1759 3445
1126 240
3564 2761
4353 4907
640 1020
2071 684
2945 1440
3211 135
3286 723
1059 1354
1759 4963
2218 4760
3810 2120
711 4054
4376 582
3166 4041
2918 3939
3754 10
1911 1570
4349 3337
4653 1533
4651 1460
3271 2256
3592 887
168 3253
4039 1310
4149 3693
248 738
232 3948
4067 362
3155 1034
3030 3483
1910 1237
4809 2396
2352 4322
793 1477
2104 4257
2348 4846
3783 1771
2998 4699
1565 1993
4277 4228
3528 3881
3696 3694
3772 794
1184 3469
817 4170
3575 960
3573 2082
3378 4058
720 4008
4488 1415
3568 3135
987 3534
4564 1410
2391 355
3979 2477
2418 983
4885 3451
2631 4245
4749 2129
526 1375
2052 3814
1704 364
429 1213
4212 1372
4642 3171
2830 2095
4739 2057
1170 1561
1330 796
2243 3503
1183 3486
436 2505
1883 716
3135 866
3814 400
2308 2814
424 172
3027 2272
1819 4343
4088 3120
896 2611
3074 3781
1207 4984
3960 3608
4230 1254
4851 1601
3495 1559
3937 3890
1449 4517
788 2785
4955 3644
1173 4353
853 2914
1384 335
561 527
287 3442
2217 4510
4906 1658
2617 3397
1984 1535
2467 4621
3983 451
4764 2248
4152 4838
471 3909
4712 4946
3812 2969
763 3263
4628 108
2461 4991
3576 2692
2058 3820
2631 1238
537 3216
3102 823
3437 3028
944 1096
1670 971
4230 449
4490 1571
1793 3256
4413 570
1663 931
3615 3973
4606 4119
1349 1266
3834 341
3982 4440
4498 1324
1535 638
3279 2711
1180 2396
2152 277
3473 3516
3194 4101
274 833
871 823
4897 2201
3973 1587
2673 2645
2303 860
4235 3021
3922 80
950 4270
4749 4962
1383 1119
4404 763
4440 1174
4604 1282
4390 4211
2041 3721
1466 3490
2868 4173
3417 3183
1051 538
2284 4122
1606 2746
2917 2079
1848 2279
277 97
3847 1195
2178 693
1278 2917
2842 4120
1842 2730
2163 2785
229 4752
4377 1397
1123 2225
182 4411
1901 1058
3217 1967
4354 1413
2881 2018
623 3070
4317 299
4547 761
33 3241
904 87
1437 816
4553 1478
924 3183
315 1678
3642 4038
3938 2868
3721 1887
2970 1164
3928 608
2085 4154
579 4353
4421 4449
73 4481
4164 4793
3486 3417
1474 1004
4507 4866
639 2125
2466 3967
4097 538
193 3499
1547 1482
1241 1964
2590 246
220 3080
3425 1313
3536 4298
84 4653
1206 1081
2995 2631
953 635
55 4854
4048 2379
3294 4886
1083 3081
446 3958
3899 4471
4670 147
2920 4150
1826 3125
4396 847
4022 4578
4390 4708
3134 1635
4459 903
3999 4823
615 697
1729 2640
389 162
430 688
3361 4014
1885 672
3994 3432
2015 3936
929 749
2539 415
3463 2749
462 4023
4646 850
4952 139
160 3163
1729 317
4428 4303
3707 2557
2802 2222
3368 4848
935 1210
850 2563
366 1696
2269 4876
2900 3696
4648 1081
670 4847
3710 2747
4291 4715
182 3043
2682 3702
889 690
2589 3511
4585 4933
3537 2267
4108 2793
2131 4353
3693 4500
3297 2056
1757 1439
4446 3017
2531 1062
616 302
2971 4744
2558 2885
1427 2436
4316 2678
11 4100
288 702
3374 4905
2044 1846
1507 1907
1550 4492
3026 2172
4404 1744
3715 4380
814 3148
4038 3838
8 2230
3256 1587
2559 1430
563 762
3850 525
1214 3203
394 1892
1361 3667
590 1538
559 4211
1656 4487
2757 1795
3851 2820
1473 3319
4286 533
3210 2006
3180 1834
2140 520
4462 3095
2896 1028
3923 4278
965 1987
1655 2922
2111 2973
2339 851
2057 1690
4851 3321
1917 1387
3025 4067
2321 3951
2166 2091
3233 798
189 3422
4437 3452
2014 7
446 3758
3667 538
2196 1741
1915 3677
4673 1221
851 4975
591 1143
4689 1165
1652 1762
117 1489
1378 1230
3496 1558
4509 3449
1104 3879
176 4284
4149 662
422 3293
1829 2563
4341 832
3475 1657
870 679
3146 2613
4080 4211
183 1964
632 1790
2448 3739
4259 4856
2227 1296
1105 4639
3235 2843
671 1903
3761 4350
2818 1737
1240 4046
4576 1530
758 330
4336 3763
3983 4399
3756 3188
3680 160
2062 4319
419 2032
4698 1412
598 1280
1444 1008
4183 1949
3357 4122
4472 1823
1087 3888
557 2676
3540 4997
515 464
370 4018
2094 2995
2008 1760
2643 56
361 1983
1486 372
2052 2998
1472 2194
2819 1450
2265 2059
2657 1122
1581 4581
4069 507
1264 3413
3881 3196
2198 4220
1754 3277
145 4021
1833 1126
2046 4388
2431 1984
4024 4413
812 808
4996 1311
2141 2410
2844 3321
1235 4065
1520 3002
2853 2057
2839 4145
1509 2318
1724 28
4626 4639
3086 4022
2195 1599
3228 4600
2345 1772
1708 4864
2680 3977
3654 278
4027 4953
2580 2349
1193 4943
2815 3155
1564 2375
3105 2170
2666 3520
1718 1795
1057 2315
572 580
4646 4180
1824 730
465 4389
3921 4190
2636 2365
1772 2260
4714 1611
1658 963
3855 4590
4175 1562
4858 801
1666 558
2965 820
3500 4133
4095 1044
836 3743
719 714
4282 641
3531 4614
2457 2484
201 4666
2352 2956
3403 3153
3131 2465
1904 2308
4208 1860
438 1640
2088 668
1 2834
3559 3400
971 1874
3347 777
3789 3862
1776 2796
4043 746
2637 2078
3776 136
2850 1139
1960 1570
2080 4641
3976 692
4750 1510
2114 1219
983 1295
1301 4085
1829 40
3449 128
3523 77
2427 3372
3144 1478
2096 3538
1683 1908
3713 4375
3801 2007
3081 3115
2205 1724
4894 3073
4185 398
3173 1886
4007 3509
2262 3426
519 4170
3642 415
938 1121
327 738
1570 1105
4746 586
3978 2175
616 2009
4088 2572
4210 3501
3202 2708
4124 14
860 4621
1078 1811
168 1095
3762 601
2007 4260
2815 2713
4350 1525
293 2029
2703 4192
3331 3532
722 1883
550 4580
357 967
2838 3370
1484 3926
3251 1553
2822 622
3551 502
2843 452
2177 591
1528 2397
789 1011
1837 3677
1133 555
4605 1118
4377 4903
1411 536
2137 411
929 2482
4831 2858
3718 1554
3153 3768
1262 4348
4827 938
4589 1295
1304 1312
3079 2735
3268 3425
2461 4564
4441 3467
3895 1493
3771 3938
121 4766
589 2656
3092 4781
148 2159
3140 4071
4566 1368
3628 3071
3152 4539
4903 3390
2347 4785
4666 4874
3582 2322
2018 3297
1035 3766
3932 1388
162 1168
4504 3536
2723 4025
2034 245
33 465
418 2262
4349 858
151 191
2955 4496
3270 1390
128 2688
3731 3963
3089 66
1373 1667
2066 1365
4783 332
221 2098
1283 461
2661 2477
4001 2548
1007 4764
4716 4708
3002 4204
3751 2107
4585 3996
1522 4126
3516 1981
1661 4470
3106 4032
4307 4954
1600 4231
4556 262
614 2968
609 409
1035 2732
3800 693
4051 275
610 1802
2375 780
195 2755
1931 3018
4266 4135
4527 1961
3152 1640
783 1464
3159 4568
354 2519
2790 241
1687 1611
861 1532
3999 4959
1812 2545
3190 3100
2001 3198
2744 2525
4151 2549
3920 3619
2175 3765
2911 423
3848 1464
4572 2727
4770 2971
2247 2823
3732 1289
1149 2322
571 130
502 2474
2193 3526
1288 3154
1360 2276
1556 1922
2097 2017
3267 1374
1849 4655
352 207
2662 3186
2805 791
630 1878
514 4147
937 4509
1057 4840
4528 68
1630 6
2204 4708
1757 4019
819 1521
1846 570
4353 4911
4012 4618
125 1598
3769 659
2242 2721
1619 3496
833 4573
3976 2157
1937 4071
837 262
1036 3855
2043 296
3364 3764
2046 4014
4687 2397
2199 4485
700 3640
2245 3140
4960 3495
521 3934
1543 653
4772 1983
2628 2383
747 4920
652 3865
3271 2260
258 33
3461 3818
2867 864
3889 4524
4341 4096
4100 4973
3921 4742
4430 418
1146 845
2479 4138
478 4358
1326 3930
1142 1369
3260 3949
3552 4057
4403 665
4671 3634
1355 1598
302 2560
1069 1012
1616 1410
761 630
945 1205
3207 3241
1736 2229
309 2950
1352 3286
4220 4866
4922 183
3127 4709
4209 4219
3204 2677
430 2947
2259 3438
2801 1277
449 745
3194 4884
4548 2638
4453 1546
154 3722
4001 1422
3374 506
4291 437
3241 3131
3485 3491
525 861
2032 1301
1380 1146
2787 2631
3472 519
2200 885
4760 2120
4789 835
1590 3585
2280 4557
1583 2414
3040 3262
2758 2115
4134 2072
1742 4622
1985 4114
259 2324
3485 3612
1339 741
2300 190
4390 456
2774 2998
396 1282
3474 2672
3735 4433
4982 3751
4452 3522
1577 2720
4963 3243
2550 3455
2612 2118
2957 4782
4725 1321
4596 2668
4539 2134
296 233
2684 4623
4740 4339
3238 1533
853 3039
1383 4022
3055 2580
1520 4293
3390 584
2865 470
850 4727
485 4077
3487 1456
2933 4051
3123 1408
4570 3554
1397 2092
1032 1442
2914 1005
3690 997
2587 4582
2074 3768
2485 370
3488 1765
2990 2986
3379 2798
4573 2778
2285 1736
4332 3618
562 3398
3512 3556
4897 4070
164 90
12 487
4363 4365
3133 261
2040 2090
2711 4998
3196 3993
1594 4713
2676 2008
3412 3325
1814 2272
4023 4445
659 3452
2775 3936
4979 3321
684 3216
276 3162
3600 3561
4250 408
3443 3577
734 1761
2315 4365
1346 4503
360 1025
2710 2945
2008 3427
4501 929
1526 943
1761 1978
405 3922
3572 1368
4262 1586
4415 596
793 1294
2362 2612
1569 990
1194 1638
2152 3556
3201 4350
3323 4047
405 660
3049 4976
350 2939
3980 2102
4329 4730
3486 3287
1681 1167
96 319
3618 2423
474 3877
3707 3929
3602 200
920 207
2105 3602
1066 261
2913 1789
2080 3020
1495 4316
492 1194
4301 588
3824 663
1260 2463
2953 4113
1366 3155
2126 399
3380 622
1900 2271
3481 970
4394 900
3093 4766
992 1372
207 3546
3481 4353
1447 2181
1985 2988
352 1914
3923 3651
1894 2577
3260 863
1570 1470
4323 94
1050 680
2225 647
1736 4391
1918 3873
4963 1888
3679 3183
876 4930
3968 805
2440 1474
1440 313
4895 1195
20 3962
1310 4404
4725 4396
2540 1826
3056 2911
4711 4269
943 675
3301 463
2017 3744
4546 903
4799 1083
2772 119
1430 4176
640 1576
3828 2609
4175 209
2275 2696
2598 4369
2844 1163
144 1345
2334 3047
4839 4804
3564 1223
50 2915
1385 2605
2854 4739
2439 2511
1169 4643
4543 3880
3218 3151
4376 1259
3658 454
1206 4939
876 863
4059 1552
1537 1777
1812 3702
1172 2847
602 745
4088 3192
1230 4249
4086 2328
2331 3772
4932 3059
350 1463
1272 3199
4708 4068
4135 5
3386 2856
3176 3046
3902 2921
4248 1343
908 936
3050 426
1899 853
3808 3259
4042 3197
1194 2498
2286 4645
727 3786
239 3931
227 4631
2596 4578
4263 806
2277 1563
2325 1082
2593 2294
3524 1406
3508 2630
1758 2432
4826 919
619 4108
1582 4421
4684 3953
2542 33
2659 1601
711 2879
2268 3702
709 66
3147 4802
3190 3223
1587 1503
4833 3672
1106 4842
1753 223
3451 1951
2894 4743
2082 2613
3465 3283
3728 1936
3604 4381
2183 975
4153 422
3208 3361
1704 223
3237 2638
4574 4616
1396 4042
4358 3271
3563 2542
4860 2206
3170 4274
2623 3647
3065 4746
2363 3013
4777 222
250 4749
4938 813
3520 1125
1760 4440
3926 2567
3752 2414
4063 2047
2415 4371
38 3523
692 4047
2041 1686
1972 4030
3173 3003
972 4101
4403 4626
3599 2357
1364 3164
1954 2212
1064 2872
2614 4702
1494 2456
3906 3002
4847 816
2488 1099
2608 4133
464 2355
4958 3801
3328 2244
1663 3810
2881 4184
4443 3328
17 3477
788 3354
1063 1307
4750 2990
1090 3167
2695 2681
4892 3339
2574 176
858 4995
1257 1294
4294 1663
1164 83
4628 4168
1738 4226
3591 3125
1029 797
4179 1080
295 2266
919 2359
1598 661
3852 1853
3568 4309
1092 4007
489 1728
3994 4417
1126 622
3605 3144
3030 2913
2376 2160
924 3376
3847 691
108 4776
1966 3982
3480 3149
1637 545
1217 2137
48 2924
2539 2568
3957 41
2100 3918
1587 2121
1835 1957
2459 4265
1573 4172
1652 4465
4534 1779
1748 4927
1385 445
1851 1147
2491 541
1665 2714
4041 1846
541 1221
3068 2279
585 1035
4272 1486
1500 1563
2389 3913
2446 17
448 3918
3865 573
2402 3357
3909 1848
2407 1486
3838 3365
2267 1183
419 4614
4574 1972
1504 1426
0 2452
513 1805
2094 208
2090 4933
15 774
94 3807
3363 1530
2347 4037
2772 537
3689 3915
2085 3771
3957 1222
4175 2842
4507 3315
816 3388
3731 650
735 53
336 307
4441 746
4202 2450
1614 3139
1092 2505
3411 2860
3554 465
847 4660
3641 3093
2870 1489
1096 2920
3496 2180
634 2566
1635 4366
259 1642
3141 942
3923 4095
3806 3281
2352 1913
4817 4308
2403 912
638 4792
2574 1733
3138 1775
1749 2559
3189 3992
1165 3262
4429 2856
3221 4927
3277 3812
3676 1306
3053 132
3415 2699
206 4990
1161 2510
1710 1520
597 3865
3544 3752
3219 3992
2133 1559
2448 2388
3363 3182
71 3526
2332 227
1179 2005
2147 4123
1368 4910
2180 2085
2345 4367
1204 3230
753 3294
2604 1329
1246 2409
3078 4632
1576 4041
3407 2592
3431 3703
1490 1988
2137 1570
1497 2930
399 443
4088 1529
4769 170
2188 4541
1869 1755
2194 3272
282 4998
2610 2958
2818 1675
1761 3161
1877 4275
3293 1150
2467 4077
3477 1496
533 1089
3826 3599
3585 3244
2331 15
2993 1383
1152 3053
2566 3036
3755 4887
2923 3310
1178 3456
600 3479
531 1659
2468 3898
675 4821
2834 2972
57 1510
2469 70
3439 3311
1945 2810
1384 4463
2485 4252
936 3815
764 3294
1831 1247
3921 1779
1034 4875
3341 1958
4105 2354
3074 3829
584 3363
3922 2906
3880 3175
2534 1340
3783 3242
4994 4852
4695 2075
4103 214
2766 4615
647 1847
841 4830
4657 736
4275 2657
4118 2939
4662 851
4684 3350
2614 1750
3450 4237
623 2392
3293 1513
1894 4807
3072 4025
355 4829
3987 4590
3703 4831
1552 4060
1815 2713
4461 3197
3109 4028
2130 775
287 2564
4117 4821
2725 130
2594 3353
1843 2896
2483 3522
3140 4546
2973 3386
3897 3505
4915 3754
4497 3766
2193 4214
1298 2544
2272 2292
1964 2139
3342 4909
1217 3373
496 2859
4178 751
499 3093
972 2559
2107 3881
3662 3086
2874 1313
3412 3140
3424 4197
36 4042
1039 1273
617 1055
4144 2271
3743 944
4498 325
1358 235
2813 2996
543 2274
1486 686
3055 4744
1043 2560
265 4215
425 3450
3231 1937
1794 4185
2308 4406
718 1982
2175 2601
769 2967
1423 3491
2881 4978
4882 2543
155 3976
4597 3542
4045 585
3122 839
2129 2835
4142 3901
1103 2439
4494 1091
3319 3110
3205 1776
3464 4925
4718 3953
1461 1100
2648 4339
766 3756
1800 2552
2359 35
1595 3315
2448 1504
4331 4483
4241 1520
3427 4979
3532 2292
4442 4957
3532 306
851 2524
4220 185
395 258
2836 3757
3779 183
1666 1919
1589 2453
1888 800
4352 1802
4486 2290
277 1434
4096 3273
233 4811
3251 3706
3822 2246
3491 4856
3252 144
848 3394
631 4857
4241 3627
3561 3114
4659 1171
727 3104
1780 3337
4758 3099
4312 4739
1776 4386
4828 3838
3928 3810
1495 2158
438 4398
2723 1722
1522 305
1048 4098
4551 3974
2758 925
1612 464
3692 4738
2111 1343
4208 3571
1622 4858
1102 4563
2160 1235
4651 3094
3291 2593
3950 4215
3835 1259
886 508
110 2502
1804 1573
4058 779
1967 288
1482 1293
4140 3292
1256 2936
3498 1610
1574 4265
2723 4997
4509 651
2995 4436
2257 3275
3220 2834
880 3588
109 4236
4536 4460
229 854
232 4306
3267 4077
4270 1308
1972 1654
1172 2649
219 580
2724 4323
2624 938
4981 1814
227 3144
2949 2455
4642 4334
2028 1587
2102 1536
4110 43
4672 3459
128 398
3676 1508
1740 2877
1807 1884
1786 1007
1882 3455
3308 4990
3478 446
2559 2391
771 1443
3771 3179
1863 2166
4917 4165
830 37
477 4608
4398 833
631 93
994 2885
2207 3107
4965 4327
760 732
952 673
4487 2716
4487 272
3318 2271
4842 4112
1555 4534
810 4417
3353 50
2905 3041
4323 2500
3612 1442
1231 209
3175 4622
1397 2901
3086 1103
772 863
3452 2392
1509 4768
3805 975
2361 4984
1316 4346
4231 817
2572 2989
4535 2477
4598 3765
4144 2097
3533 2209
3576 4794
2734 4448
308 3738
3321 1535
4301 3478
3052 3333
633 825
1410 1914
372 4662
213 1636
973 3081
1327 3084
1227 3900
1927 3308
1044 746
1469 1447
4022 1969
2026 318
4978 3060
945 1706
4754 1100
2479 788
1414 464
4698 1205
3287 3213
2454 4407
1375 1933
3508 4084
2985 3814
3165 4913
3308 3272
2186 2377
2224 2669
4555 2324
4214 2031
2182 457
4260 2672
775 2813
634 3628
4030 638
4875 464
1912 44
3563 3646
1011 4783
1916 688
3619 774
957 3234
49 3059
3330 1839
1999 4779
4700 998
405 664
3429 4972
2729 1097
905 950
1139 1117
1586 2331
2556 617
1997 882
2174 286
4868 1750
2504 1918
2070 3612
2106 825
802 2636
2364 4769
4754 1355
2870 928
1954 4605
2007 1462
73 1214
232 1207
1658 4957
3730 739
1462 881
2401 571
3700 2065
2882 615
2624 4026
1639 3402
1099 1731
959 3414
16 2787
2889 2496
239 2041
3690 1727
555 2018
1417 1259
2569 4211
4208 606
679 1495
4192 3816
3223 1968
3694 3539
1899 1649
4466 2069
1701 1139
486 2268
1004 1965
3474 4704
2846 3149
4859 1246
2672 1047
1211 4924
3131 3318
1264 4521
4665 185
3266 2725
1714 4986
193 1642
4229 2018
817 2260
1152 4465
4657 4939
823 1257
3619 3257
1552 3123
1266 4715
2173 1255
743 3250
2202 2710
1152 3418
4478 214
2389 587
1095 4604
3441 3601
2479 2695
873 3710
4480 674
3683 101
3017 2226
2046 3752
336 2458
1462 1486
4279 391
3001 2403
2032 4756
2431 301
1256 105
3117 1302
2221 198
3924 284
4925 4299
3277 473
1974 2950
1835 162
2802 594
2876 4744
3208 1016
3294 827
3096 317
2356 2493
4637 4542
506 896
564 2335
3341 350
2825 1251
902 4545
1736 1967
2825 2419
4855 4886
4502 3536
1794 3140
567 2754
3492 667
665 3814
3507 9
3307 3102
4979 3609
4683 578
8 252
913 2344
1138 4906
216 955
1761 3902
1872 4901
4874 1085
1928 2029
2201 3356
628 2067
4203 3509
4678 4556
3157 2003
1290 3206
335 502
622 303
1625 981
3022 3764
2459 618
3863 2394
3961 714
2898 2008
857 3058
3209 1375
2940 2648
3941 3216
3571 2222
2291 1973
1821 1795
2129 1911
2175 1798
3436 1768
4983 1112
666 4695
4470 1759
187 4926
2231 875
4438 4961
4414 2389
3669 3467
2717 3249
1829 4544
3147 618
4446 126
609 899
1323 242
961 3273
1336 181
2399 1627
2948 674
4395 1063
1346 374
2879 4250
1767 404
2302 1694
2861 1429
459 1305
2849 4078
1787 1514
791 3764
2033 4724
1341 3908
4827 2154
1596 485
4297 942
4653 2001
4462 3453
3462 2063
798 1939
423 564
3367 742
2546 3259
488 2945
1377 2289
3015 2017
4732 2267
3848 557
389 199
353 2491
4477 765
4181 1898
2761 4581
163 381
1880 4337
2327 4797
4457 3001
1399 3741
3928 4872
2870 4258
3520 1371
2813 1509
3367 863
4587 78
501 3005
466 2489
1211 428
60 818
3668 976
491 1270
659 1083
2920 1985
4840 4092
1827 1828
3690 1674
4156 915
2967 1050
2175 4497
3617 4579
3374 2606
4167 4457
2699 2696
4395 2594
2549 1705
3101 2447
2665 3048
397 1729
4571 1773
1388 3070
2999 3604
4915 2522
2439 234
4475 3418
4019 923
2294 1950
3653 4478
1127 383
3314 2568
2825 2111
1137 4777
4285 4691
1453 553
1030 221
634 221
3958 1852
1573 1143
3011 1749
1329 3671
3429 3430
571 57
968 1679
19 483
735 1333
3639 2341
4778 436
2830 253
1157 1736
3129 549
3658 1573
93 4754
3324 2222
4354 3491
4364 3950
2610 2815
3720 2158
3749 644
533 1993
2226 3643
1336 4074
1984 848
4604 4541
822 820
3344 3978
3170 3862
1735 4722
1511 1796
578 3577
2071 4119
4454 3735
1610 1280
3435 309
1231 466
2695 4471
2956 4512
403 1775
3474 4209
2097 4522
2617 2602
3759 406
877 648
1816 2553
1716 4601
4527 1446
1953 2558
132 1662
3043 1892
2850 3712
1890 1455
1136 1747
71 1423
207 264
2099 3026
2333 978
3183 1148
4614 3027
3967 3445
344 3652
3238 37
3824 1595
4648 2796
3779 132
3257 3699
927 2697
3169 1371
1856 1699
2119 352
448 4648
3106 2483
4821 3626
1887 4661
4619 4431
3501 797
2263 4423
550 2831
3177 3073
4390 1309
4539 2866
3546 4862
1191 383
3417 2725
3276 571
3778 1721
2360 47
1634 4107
1377 2236
269 2030
1316 2980
1113 2126
3749 202
3988 484
3814 2317
4879 4627
161 1450
2571 3384
3796 1482
55 3912
94 1625
2666 4375
3536 3477
3665 3133
1407 2465
2512 1464
2642 4432
189 3619
3344 274
1308 1210
2292 414
4289 4919
4647 426
3614 808
4591 2251
3130 1927
2801 3903
2061 895
657 1105
4755 1127
2186 4044
3440 2089
1671 1649
449 4310
3219 4601
657 2273
3508 274
3201 4961
3839 1276
781 4002
172 245
4626 2824
4948 660
2026 4213
2946 1409
3467 4787
4026 321
4465 2906
1514 3772
2825 3334
3506 1517
3992 1905
1656 3074
2454 839
878 528
4429 1613
1841 87
698 1092
4149 2498
486 2404
3708 4482
1212 1047
759 1745
4555 971
3455 4561
3644 2511
1738 2325
3587 1977
1942 3818
1307 1321
4190 3438
2631 593
229 4441
310 1131
4771 4652
2097 1891
1059 4373
3044 3162
819 456
4272 2955
805 4493
2400 2831
4177 3620
1157 1683
3491 3558
1399 4185
2622 894
3844 4908
2267 2652
1954 4178
1279 4497
2956 3399
4630 4770
4602 4937
383 949
149 782
1740 4828
4534 3490
2115 3722
413 4504
919 929
2707 1382
3605 546
3632 2635
731 1403
519 958
4058 4729
766 3050
582 3229
3173 2057
1155 2633
272 71
2410 3761
1202 3617
1610 1227
1066 4510
2988 1782
1687 922
422 4445
864 1114
4971 4137
929 3458
1368 647
3811 543
578 262
4080 933
2 4761
1292 4449
1710 4962
3661 3164
1486 3268
1049 3230
4082 4389
2329 281
1534 4736
2201 3479
818 365
3868 3413
777 1761
2635 2953
1608 1689
3681 4984
448 4474
1442 1885
2510 1497
2274 2681
68 2203
358 4931
4508 2403
2785 4819
3289 4581
775 789
4381 4550
4114 4206
3290 790
1540 2578
2402 2048
1591 3563
1916 879
3509 2783
2323 2923
2844 4352
4169 2829
3379 1249
2849 4201
4046 3927
3528 4230
276 3707
4034 2641
3313 629
2984 1622
4990 3732
3751 4238
4085 1145
4499 3643
2243 1624
307 4942
123 2152
2726 4252
1045 3659
4369 2072
1774 1819
917 4642
3233 1279
2906 921
2713 4956
3408 4286
2076 3847
3783 3180
206 874
3550 2420
2197 1629
1872 1078
3104 1579
1815 2530
3895 2832
417 4706
3586 801
2543 1219
3577 981
4361 3012
1413 3883
102 120
1067 2492
3037 707
2359 3798
2235 2005
3798 576
1198 2948
1817 482
3465 2847
3439 3612
4610 4103
1601 3072
28 2507
4462 1724
3620 920
3472 756
1257 2710
4218 4518
4755 2242
1699 2826
119 824
1425 2028
84 4021
4107 220
4710 1718
4720 4355
3839 405
530 3549
48 1294
922 1858
2281 2134
3184 1642
3141 1043
1266 1402
383 4024
3686 2563
4422 3880
766 2513
2923 3035
3878 2733
1956 1785
1536 2431
2250 1774
323 1943
2812 4924
4842 3419
4324 46
425 3388
4167 3546
3406 415
1348 2087
4663 2895
4885 4994
1394 742
3128 4379
4919 4578
3334 4447
1825 2426
2859 3171
1440 2026
2851 543
874 1120
2634 3992
13 2518
3885 3917
4100 1627
1746 268
2441 1318
2769 366
4030 3554
4121 3901
2431 3754
3154 2651
358 2408
4064 657
4922 2903
3512 3793
2695 3305
444 2825
738 3568
3707 4971
4581 1563
658 3050
3325 4640
3402 4335
2423 4014
3723 714
712 1300
1673 4196
3600 1812
1186 4603
3707 3924
415 4231
876 3394
119 1200
4113 3794
4036 1884
4741 3851
3901 4140
245 4988
1050 3924
207 4467
4252 4626
620 2650
129 2827
4415 3866
3040 2828
903 4170
1441 813
3657 2467
2227 1227
2853 4658
3914 551
772 4855
978 4465
3271 1613
731 4036
550 726
4101 3568
2702 4876
2621 3719
1618 72
594 4704
2454 344
3252 2539
2629 3314
2935 2603
848 3574
1486 3565
1889 306
1567 2995
4344 27
4789 643
3025 281
561 3480
3532 1546
3969 2301
4517 3338
3550 139
146 1962
4361 3993
672 1483
3899 3410
2374 3330
4029 4688
3074 2775
1001 1429
4722 2696
1334 2770
1750 470
3309 1100
1791 13
2071 2511
3714 4532
4968 4563
4856 1878
3216 4292
1879 3509
4620 3816
1024 743
1096 619
218 121
1300 1846
2215 2411
508 863
1356 2421
4413 2705
786 2793
1560 2416
4398 3107
2908 1816
3818 4252
2961 925
4736 3102
4151 2183
1535 4759
2058 599
3192 528
1765 3235
4234 1134
1125 2380
3143 3790
87 698
715 4202
685 3771
3631 346
119 4851
3813 94
4580 4925
4033 97
4119 1332
796 4541
1403 789
3056 3498
4997 2998
694 63
3089 3446
2574 1768
4002 3901
777 1266
1923 2481
2772 4678
3085 2923
406 1996
246 583
2350 3228
2995 4161
1667 3723
3954 2554
2237 2304
4601 2890
425 1228
660 573
880 2037
2655 4214
2421 4047
3820 1278
3331 4497
2648 828
1447 3841
1696 2825
3614 2341
2187 847
542 4903
4876 506
1584 1042
4543 2023
1496 929
2110 2320
2942 1130
2452 4420
2073 1620
944 4775
4628 4726
3322 2061
1010 1342
4520 174
3367 2706
1538 3447
1431 3321
331 4696
2538 380
1698 4833
1538 185
3925 3384
665 785
4390 4386
754 2934
4816 4494
1564 3971
363 834
210 97
875 4392
1054 2408
4562 4614
4887 1930
3660 1544
280 2004
3607 3869
2609 2552
615 2482
580 3693
315 4176
1977 2275
4224 539
3310 613
2725 1680
1436 645
1207 1347
2953 83
625 4109
1039 2931
4289 412
1534 4859
3822 1434
1827 2866
1323 1643
4258 15
1315 2462
2640 3908
4954 1933
2473 533
1206 1243
3470 3877
4464 3503
3657 3703
3006 2430
3916 4866
4095 667
2589 866
3344 4411
4794 4088
2416 2335
3037 2682
4943 3622
4263 3634
1699 4680
1495 4621
1780 4753
61 229
1898 4745
4620 2595
855 2719
1708 2635
2641 359
4612 1428
367 915
752 497
721 918
4644 2171
2350 3041
4635 365
4948 4797
4330 3701
4404 1664
4277 2377
3724 3891
4741 3006
2473 896
3309 1397
2443 236
2035 670
1145 3316
3714 170
888 4185
1430 2253
2064 4525
2487 3396
4729 4056
1463 3598
580 3251
4477 4744
1719 3295
1877 3881
760 4121
1070 2620
2816 1127
3194 1982
3440 1220
489 1857
4104 2957
3290 2215
4406 4985
452 4678
1981 2662
1783 957
2147 1419
557 3388
3718 2103
4913 2951
949 4437
2242 4396
1805 1389
4712 1914
4042 3368
4544 1778
1416 3765
4735 3066
3012 3230
4478 3669
1520 1378
1014 752
2805 951
4785 1611
3219 3974
3074 3327
2176 1948
1025 352
1300 4492
1866 968
4748 268
148 4923
1870 3073
3785 1352
89 4050
261 370
3941 3851
2136 3717
654 2516
1860 1567
4353 4024
4446 2037
4530 3428
1655 2855
4483 1101
4094 1060
3834 2678
3957 4963
3045 3420
1616 3314
1557 1916
3878 883
1612 2377
29 2356
2510 3527
958 2819
1319 2798
3578 1116
3032 1357
4035 4738
879 3923
1178 4256
4098 1825
4275 1458
3210 1134
1921 99
2859 4583
3185 1077
4088 4786
1428 1923
3293 85
3317 4643
1909 4182
2771 3652
2322 3597
3170 3169
1575 4831
3468 2826
1299 2452
939 4095
4406 4314
3753 4392
847 830
1117 2640
1385 3623
2438 1678
1311 476
1211 3507
858 3877
4581 4022
4760 52
1114 3574
1245 876
3132 783
4565 3260
355 1307
2060 2220
2877 2250
3923 1541
57 3599
1161 3097
3806 2713
4515 1187
834 2473
4132 3637
3151 1964
603 2311
4159 1525
3925 1358
938 315
151 2150
1811 3852
266 2137
856 956
782 741
2767 4189
3648 1494
2302 3860
1729 1460
3795 1140
1131 3231
4240 3705
1473 2931
2373 2464
2080 3380
3023 1792
1158 1378
299 3603
275 3017
3255 3081
3160 2026
89 117
317 4182
2894 2846
3917 958
1952 2821
4211 910
4713 4275
4179 3587
2202 4918
2678 4618
4603 2831
4114 2411
387 575
5 2459
3716 1089
475 2381
843 2548
2708 481
4712 1956
3055 2740
2434 2164
2446 3450
1496 3830
364 298
4653 4530
4173 1678
1659 330
1134 2431
1893 268
1359 563
3838 4354
2897 2339
2976 2632
2735 4492
3893 4778
1453 1659
3053 866
4866 329
2696 3746
3549 1218
4359 4699
3488 3682
4525 1204
4921 1140
444 4505
3030 2989
1531 2373
4719 1191
1543 3430
438 2970
1078 1610
2205 4569
2854 777
1789 453
2633 1303
1657 2714
3872 3914
3617 921
4050 4186
2037 905
3059 1596
4509 41
1979 2132
3684 830
936 106
4793 3183
218 1775
1897 1275
773 2034
3880 3667
4957 847
2935 190
3171 726
2190 1793
63 3860
4887 2966
1100 3331
372 4615
3641 352
3930 226
1647 3500
1591 2373
4650 4716
1145 1532
1384 1814
1253 3317
1700 4760
3223 1532
637 3048
117 538
2187 1909
933 3864
3778 1525
2331 870
4846 871
3333 128
2304 2430
1213 885
1135 3675
3592 2045
4690 974
4716 1929
2098 2446
4248 4978
4915 4475
1353 757
2934 4115
4689 2442
2156 2801
793 1588
1789 3273
4041 420
4225 2981
2685 2364
1265 3798
4854 2923
1404 4859
1365 2164
3652 2072
704 2418
3804 894
3683 2819
2931 2955
875 3239
4531 4377
4622 1755
3461 2891
3624 145
4582 3524
2190 4613
2966 4080
1524 4035
2764 2899
1856 832
3987 3580
2874 4262
2595 1400
4071 312
290 1623
1585 4395
255 3359
3541 4698
4444 3940
643 4407
59 2895
4796 3870
1200 1551
2423 246
4233 495
1368 1364
2111 4626
1751 4283
2095 4093
3520 330
3246 993
2087 3451
4162 3180
2624 3161
3625 1026
3962 4812
419 3322
4094 1733
1031 2129
1640 1190
4756 657
413 3019
1435 4464
671 1328
3024 1038
3497 4897
302 707
281 584
4157 971
1528 1659
499 3961
2488 1701
3090 4775
3115 1570
3701 3616
3348 3498
2200 2173
13 1220
868 3949
2981 523
3829 2310
4949 3802
3017 180
1797 4937
3863 3126
568 1967
339 3864
693 915
3401 4263
4490 743
2395 2762
2913 244
4332 4772
612 4144
3843 3561
1004 3436
496 1983
2342 2643
3283 2443
4568 4985
4157 3199
3680 4028
3750 2552
2828 4751
973 3076
4168 3065
895 3156
4582 2853
344 3282
4740 29
3432 701
2728 4520
3834 2667
534 410
1539 2669
4226 1205
931 4018
4852 1667
1297 2089
249 3395
3448 416
2872 714
3997 1089
3066 2943
2894 244
4888 1031
331 4861
1346 409
3106 1066
2070 211
3064 4038
1832 568
892 4376
154 246
4779 751
1284 4671
1874 3719
2796 3240
4303 233
3690 3682
4738 1393
3542 4750
584 3213
1639 1866
4166 1167
3166 1992
2361 804
1407 3960
2274 3545
4215 1059
4617 4486
2124 2554
2 4699
4501 2325
3584 2882
1858 863
4850 752
4731 4773
4533 816
2396 2195
1572 2980
3865 128
4739 2907
3068 787
3276 3934
857 1951
3154 561
3694 17
2491 217
476 539
3306 1598
4156 3983
2121 1623
44 1784
4225 592
3459 3008
2108 866
4374 126
418 719
2992 4067
4845 1697
1025 3871
2508 3954
2155 4361
1962 2209
1301 19
4303 367
3000 1154
1822 364
3445 4399
2259 338
4100 4101
3057 2304
3384 4648
4435 4091
521 3183
1911 2809
1499 4262
4137 721
1673 3166
1963 2676
1412 4559
803 3017
4466 896
632 3135
1176 4925
433 1205
3055 3547
1508 1988
1532 4560
4228 435
3939 332
3426 2965
599 1911
3436 4178
3293 1389
3575 321
2174 765
3799 3183
165 2558
4298 386
1537 2581
85 1811
1038 2897
4733 4929
1983 3570
171 279
4063 4582
4495 792
246 2789
597 1326
1398 4987
1933 1884
4732 1415
796 3606
2064 1549
4866 2546
1696 2587
3993 3146
4872 4054
1756 2372
4562 1088
2958 4916
3321 2753
1139 2898
18 3167
4203 2094
766 1754
4537 4828
2221 314
220 534
3805 2206
1059 2272
481 2295
2286 2429
4264 505
878 1702
509 1576
435 3576
2235 1151
4467 4476
1239 2324
1786 4708
4296 4365
2909 2004
580 180
2226 1718
278 781
919 3029
3343 2646
4654 4194
4692 285
299 840
2771 2191
3951 287
3603 2987
3250 1371
3513 24
3592 3094
2251 3064
3488 1953
2452 344
1340 2914
1598 3438
366 2183
684 1526
1422 4673
4433 411
1568 4498
3063 3652
401 4392
2951 3182
1437 982
967 1999
3286 4569
2601 4237
3229 1325
2208 3488
4183 1818
2830 3013
4394 2001
3057 4224
4504 4384
3239 737
1656 3685
2972 1376
3997 352
2462 3260
2388 1096
757 849
2460 1201
3585 1081
2807 4197
4080 1289
4727 871
4085 1138
4284 4731
3100 743
868 2528
4999 2498
1568 1707
4424 3987
3352 2721
1595 1581
2104 1458
3007 1720
3439 3363
4559 1179
226 4229
1656 2759
345 1965
1191 673
1509 1019
327 110
4074 2827
2071 4435
323 4835
2914 3663
3222 1564
1088 2423
1478 888
3336 2080
2141 2400
4271 2065
3379 4867
3090 2778
4886 2863
90 4425
2731 401
4799 3352
2939 1333
2887 648
2532 4621
4295 2772
4796 839
4584 431
2125 1759
395 981
801 3655
1095 3836
2462 3744
619 645
3306 4365
3922 2153
915 3124
1923 204
4338 4697
396 1512
4971 668
3233 3742
5 3576
237 930
2697 3210
1935 2658
1054 923
3545 4768
4708 2954
2832 4603
4150 2138
4417 2253
2379 834
669 1526
4196 2779
388 52
357 473
2738 3921
3696 1150
1530 3777
2598 1403
2541 374
4340 4369
190 481
1883 145
1893 4768
675 1
2717 3983
1719 3420
2868 4152
865 3545
4879 2139
2122 4039
4471 624
3535 185
2614 4501
1086 215
4775 1264
3331 2341
2087 2540
1743 2730
2651 2582
2666 3873
4634 507
3722 3394
1877 4127
4267 750
1641 4116
3888 4366
2529 377
1455 4663
2575 2708
2771 2354
3946 4307
4811 850
1407 2902
416 3510
1245 2840
4920 3237
1030 700
4774 3671
1909 3823
744 2063
716 4445
580 1174
2637 1492
2286 740
2804 2423
3150 845
3617 3206
3563 3872
3534 2942
953 601
3963 581
4990 384
577 3993
3374 186
1254 714
4444 2345
4354 3620
4020 68
4343 1741
1951 4025
4669 3897
1382 2562
940 2
3095 1646
1297 4440
430 425
3611 4451
4497 343
1252 4963
2950 1965
3750 594
4469 4482
90 2720
3304 736
3933 944
3754 1467
4092 1462
1807 1923
616 3409
745 3065
2990 3471
89 4417
1345 1111
3425 1184
975 80
758 3758
1507 2341
3599 3700
2315 2743
3344 3181
1233 1543
2812 3549
372 955
4241 659
970 1318
3941 4339
4744 4663
2361 4552
2638 925
433 3301
2618 687
1966 761
1995 1462
973 542
3764 1673
1515 596
2201 3553
1709 3579
592 850
1417 4868
3839 211
1404 3882
4654 3578
1125 2481
2346 4550
1625 2804
1699 2524
3335 3603
4517 4512
1499 4156
4866 2185
1096 2948
1474 1359
3468 4361
3222 4894
374 2734
2631 2440
4708 4982
4978 413
79 2786
234 445
1755 4755
1637 4211
2465 2407
1417 1727
1470 1590
2450 4499
2605 4144
1731 1136
719 2853
750 2203
4201 4104
911 3289
679 1505
4385 663
696 102
551 3656
4541 3125
2450 419
4590 3283
3931 2149
4581 3463
2661 373
1420 318
1255 2725
2867 2693
4734 29
2757 606
3516 2092
3166 747
3735 638
944 1493
6 4391
3404 804
4531 1777
3629 3137
556 2845
848 4414
4494 1895
3616 4595
2969 4030
4063 625
3951 4356
2867 3982
2640 1310
3741 345
2655 1884
3277 3853
3798 4491
1607 4358
4568 733
4081 2335
2291 3004
1632 2136
2468 4394
715 2464
2394 4179
498 1712
2744 2986
1586 3188
4038 689
2016 2018
3528 2802
1687 3011
235 26
262 883
1168 1399
1295 1440
4626 41
4927 3187
3813 463
3336 4968
65 4166
4263 928
2012 2663
216 134
3946 3207
1809 119
3968 485
4604 4604
4950 811
3131 1008
3353 1875
3559 1714
4854 3961
625 3981
4566 1050
3798 424
4536 2339
4642 1045
786 1539
2441 2668
4325 880
2076 1264
1606 1049
751 306
3987 2282
2022 4670
2677 1898
187 1890
3279 4181
2860 4234
3436 1886
4857 3077
3016 2495
4184 3506
3112 2728
2895 4191
2747 92
3953 3344
1425 371
108 1718
4776 119
3750 4153
598 333
1114 1418
575 3584
2727 4994
4637 943
2806 1840
4920 2729
264 4365
3596 424
1296 2068
1172 312
1141 962
4179 2465
3594 1546
50 1669
2529 1976
2319 4381
1516 122
2427 1928
3585 265
4928 2031
1490 2055
3637 3875
4941 3690
252 3200
1880 254
23 4131
4906 471
1946 4257
4625 2932
3164 393
2532 3563
756 4167
1752 190
1553 4676
338 1146
1850 3916
1865 4682
2531 3082
2837 2334
2255 2918
49 4426
487 3834
3904 3707
182 4955
3541 4823
2961 47
573 1807
3121 1985
3434 2216
1806 2947
4278 4298
632 401
592 3254
2954 4208
4671 2243
252 3563
3786 803
568 4065
2347 4964
5000 2418
4133 389
4743 318
2126 1060
4113 2366
2265 3582
2781 4667
1797 2016
2444 1598
4663 4984
4928 71
3565 2268
471 1099
1954 3168
1118 452
211 1697
4211 4594
690 2863
1495 1836
4583 975
3696 3367
339 1064
3190 1051
2197 832
1610 3479
2976 1994
4736 1190
4849 4514
279 4433
1616 32
1230 4426
2641 728
4616 3488
223 2057
469 1066
2956 1234
3556 4676
1515 330
2888 1773
164 1598
2862 2538
1151 2039
2720 3357
963 756
3043 829
2213 3526
2440 2256
2247 2881
3537 2569
1319 2791
3571 4139
1479 3975
641 1415
4792 3956
4436 2860
1053 4069
246 68
2264 3464
652 527
1230 2453
4623 2723
4414 2320
4039 4392
231 3880
1363 2982
957 308
4110 2057
2995 4356
3385 2821
4233 2393
1459 4383
306 2189
3675 4088
2001 2451
302 269
3954 1931
1602 1399
4294 2524
787 1186
1874 3026
3482 4043
3396 4528
699 26
766 1019
3882 486
3755 1842
4980 4141
1879 3262
2481 1381
1564 1938
2006 3037
1686 1635
4642 3328
2959 1908
4294 1827
2137 2739
4074 4978
2632 4896
3116 1333
4845 4855
3733 484
3855 4382
4125 3977
797 1658
1765 2049
323 3953
1424 1527
4729 1876
1043 4279
1332 4153
2237 4259
2108 4374
2437 1166
3594 3708
79 331
2240 63
4965 1106
4903 228
376 4984
3000 3723
4476 420
556 3639
783 2598
4915 2682
3646 4514
2070 1759
2730 4249
402 1859
3012 2686
3816 3649
1739 3056
3566 1488
536 1041
460 265
3994 3655
3698 624
2681 4249
3987 2484
1236 2472
1535 2768
3653 1147
3259 3731
2853 3272
4181 1266
2687 536
199 1163
2214 841
4436 1263
3637 2307
337 50
4855 429
3715 2146
520 2911
3092 4907
2694 2094
3539 3906
159 4595
1694 667
4544 4630
936 1025
2706 2104
712 4020
3616 3308
1465 3998
4193 2831
3859 1494
1405 685
3607 4656
200 2044
3985 815
738 1161
130 2739
3650 4245
1613 2556
4345 4541
2941 1304
91 2222
3403 3321
2616 2187
4825 2899
4549 3489
2914 3278
4939 3415
3905 1209
2922 3627
3371 2699
1779 3649
2763 372
3425 2972
49 656
1876 283
697 3092
2863 953
1588 1048
2233 786
1039 2563
4509 4706
677 1393
3108 3938
1817 90
2655 1189
2288 3876
36 313
3756 712
1536 4012
43 1255
2551 314
356 1486
4722 4477
649 4448
2581 2179
3081 2465
3504 4554
4834 1914
2984 2532
3201 86
1623 1163
525 3860
1103 3608
427 319
108 2525
1166 4859
4636 623
2733 4118
2110 4893
100 3344
84 4797
4286 2984
860 4789
2097 1433
1741 337
2009 1320
1878 4772
4493 1742
1083 1828
1318 4849
2039 3148
1703 755
3000 153
3294 4572
2487 800
4025 2576
3734 4319
4551 2097
1079 73
2204 1680
3075 741
874 607
1149 2798
4081 1653
3319 3582
3216 4100
1865 3382
4957 277
3534 4409
3952 721
244 3365
204 260
4959 4258
1425 602
2789 2720
2144 1521
4148 781
4893 3675
1550 782
1436 3915
4086 1889
1549 3792
319 1674
1268 1298
191 2428
2563 4070
2069 4501
4847 3155
1650 3322
4315 1833
973 599
4149 4281
702 550
2854 4892
4084 136
1596 726
1016 151
4560 2280
329 1436
981 1133
2433 3852
1207 887
3681 4297
2459 4255
2557 3329
4038 2585
276 1960
1172 785
4989 3746
4937 3290
2960 2443
864 1837
4 2965
4238 3060
2147 2569
32 1455
4497 4977
1930 90
2081 2703
212 4311
1098 728
776 4878
4984 1308
1611 4925
1093 3013
2139 2829
3905 1022
720 3670
4720 4352
3703 807
2221 4561
4093 1487
1280 3778
1128 2189
2279 1533
359 1449
2301 1063
4909 4224
1936 4348
4637 3536
2541 2701
2410 1235
636 4615
966 3029
295 2861
969 331
4467 2078
57 3218
3187 2583
2545 376
4738 2541
2696 545
4604 97
2492 4687
3414 2222
2106 2665
4270 4129
4089 3034
4657 108
480 4196
2303 4347
4662 3606
169 4977
2493 4215
3238 4332
3912 4542
3556 4678
1522 1274
1384 815
1731 2845
4771 2960
1643 2732
4554 2733
2630 2648
2816 3821
2988 895
4211 3791
3448 1819
2369 1560
1937 3889
3103 2050
2779 3121
1332 4718
1117 3332
2328 741
3391 2224
1278 4189
3805 292
565 1772
2953 1998
117 2814
1877 3205
1574 4187
1586 1043
1633 2027
1206 2219
2221 2722
2730 613
1362 517
87 3581
1527 813
3454 3862
1950 687
4395 2164
3273 1306
2958 4412
3639 609
911 3735
4187 414
1711 3559
3089 2128
2251 3015
696 1595
1683 4480
2003 3667
3128 4042
2388 3249
3575 301
8 2655
789 3220
1432 1865
2347 444
1530 2171
4546 1700
4941 4673
1646 1565
218 3367
2007 2739
684 2645
2458 1214
264 1268
2819 2425
3956 3820
2607 2734
1113 4219
877 3454
361 154
3773 437
1878 3793
4868 4316
2174 408
2692 105
4321 1703
3144 909
4461 3403
1135 2702
393 4280
553 3478
3535 1962
2437 2444
3328 2423
4524 4627
2315 1700
4923 4144
239 4715
2044 4620
1147 2123
4213 1998
4280 2991
367 4937
4243 1123
3240 445
4117 489
908 2780
2565 535
4048 2604
3055 399
4156 2366
4808 77
2108 4497
234 2543
2789 923
237 1794
230 852
1768 4577
2487 2278
940 4920
3705 4830
4247 2935
2442 2801
3435 805
3424 1141
2718 4133
598 1692
4741 3177
3082 2609
2432 1066
895 4359
1736 2760
2239 4549
2779 1524
4140 2435
2460 3730
1897 4290
4951 2125
1534 37
558 3663
4918 1948
3421 1930
4446 3121
4162 1147
3790 3719
4179 4763
3153 4596
3076 2686
2816 3513
1816 4567
1348 2018
489 2028
728 4488
155 691
251 924
1531 2368
963 3833
4187 2079
69 4559
1340 4988
340 3561
794 4182
844 1559
4648 4810
1534 2265
790 2225
1693 4244
605 4431
4220 3316
3495 4080
766 2807
3252 4322
4914 2421
2020 1606
3892 747
3687 2035
1061 2432
2675 4984
1063 815
3826 127
1981 860
4491 4947
4442 3779
2226 664
4984 1618
3516 352
4094 4264
1623 2320
1081 51
986 982
3555 2000
406 4571
296 535
3105 2703
2648 2464
2097 4347
374 4740
4658 2966
1616 1270
157 3759
4460 278
2142 4992
3565 2580
3458 468
1264 3262
791 598
4849 4934
584 1059
4753 2974
4124 3446
638 4971
1655 2100
946 2872
1951 2916
1006 1691
1806 3501
1861 4191
2711 2375
4729 1570
3634 4521
278 3123
2320 2904
1181 3385
4106 1298
3882 1819
1721 2612
962 1769
3911 305
3854 1757
1230 4738
1746 1622
2386 2211
1312 3050
4378 2171
3657 425
1506 4084
4321 3623
3792 4033
3809 1462
4681 3377
4115 485
1370 3442
916 3760
1640 1051
573 617
1758 1043
3435 3880
2423 3382
2698 1143
3546 4916
4153 1127
3652 3585
3333 836
525 4225
1396 317
3543 151
4759 1876
4580 2399
3740 4637
1718 3980
4030 1178
3297 4296
2543 158
2393 628
2572 859
4812 2641
3098 2137
295 1440
597 1253
2059 2445
4318 305
2353 182
4662 78
1627 78
4615 3
429 2608
4078 552
630 383
4138 4804
4358 4807
2223 597
557 1036
3277 4475
4261 4874
3600 3179
1088 443
4407 4928
3171 4951
4279 3467
2372 2797
1283 2604
4336 3183
1041 1270
2085 259
3788 2597
2033 2055
1969 4743
3294 4240
2549 888
1124 3227
747 2486
155 625
4293 2998
821 974
564 3304
2718 2094
58 463
4718 3635
3185 1745
769 1723
3209 2102
1457 3292
4432 2783
1945 4278
1002 1665
1957 1134
4 3088
4670 1608
905 1503
4795 4003
2536 252
1429 4132
3741 1559
2989 4664
114 3862
4365 3897
3789 4195
3517 1292
3644 2565
3213 3510
2401 185
4106 869
1309 1155
770 352
4042 4533
3052 1579
1708 4055
1080 2271
3060 1174
1661 1728
224 4501
3890 877
3981 3210
1295 3364
3912 1161
3430 3107
2499 1551
4274 988
3281 2755
2195 4523
1186 3313
2502 3633
4457 3031
936 1566
1512 4651
2410 1600
3735 831
490 3465
164 3938
4737 4024
2042 2601
4953 2831
2911 835
896 1120
313 2462
3023 4688
511 491
4609 3960
3578 1005
1833 1151
3230 3934
3865 15
4405 1686
2557 687
3606 3696
4131 4335
2434 4000
3721 2222
2649 690
123 1025
2643 1370
1390 3964
3231 1540
4069 4625
1620 2211
3898 313
1563 1411
3402 146
2256 3095
4169 4977
3837 303
3744 4047
853 2712
3093 2774
144 4238
3843 791
3290 844
2891 1098
134 1012
2551 3888
445 150
2332 811
2075 3141
4066 18
277 1734
1901 1298
4593 178
2664 4704
2122 2435
4980 3327
3046 568
1074 3475
4166 370
4045 2295
3002 1730
1830 1997
1897 2990
4947 4318
215 2963
1305 2068
1327 4042
1196 1078
2939 2320
342 3418
1629 179
2835 1445
3158 2098
4178 959
2368 518
2772 2557
315 2497
4000 2121
4628 1424
3191 3709
4337 2709
4130 3399
3418 2439
1995 421
159 974
4304 4518
1905 3874
3324 2023
2164 3576
4741 4226
3202 4248
4292 3582
1792 708
412 1504
3724 1849
821 4183
4909 4978
3434 4719
411 3265
1373 495
4750 1427
1769 1892
4148 4476
2240 3463
87 2094
388 3254
2110 1367
3698 2735
1876 3186
2773 2916
4693 4986
1331 4820
1467 1446
2748 4549
2244 2535
1841 1135
3778 3603
4745 2372
4186 459
316 1284
3506 700
897 1266
1819 2773
1946 2585
137 4961
1169 678
4462 973
2337 1423
1846 1600
339 894
3458 4308
256 1125
2735 1698
4841 740
1830 3312
305 3727
2791 1778
4764 3940
4559 1027
4512 686
4778 842
4021 3603
318 2390
2553 1842
2749 1488
3239 2813
4142 860
4438 1676
3591 2972
809 3381
1794 4419
150 2698
809 2334
714 4726
3565 4676
3372 3049
2052 1681
963 1754
4856 1556
1408 1350
4880 1913
4807 617
2477 369
4645 2275
3547 2528
2103 1848
369 2183
160 1780
4120 2804
438 3222
3339 2764
2549 2608
4846 1218
3376 3289
673 1547
2526 4058
704 4509
4852 1154
1278 3320
1842 1147
445 2299
3469 4392
3046 1320
4269 4216
926 2114
1891 4486
1447 1291
638 893
791 3875
4256 1510
4946 1691
2230 919
1949 3609
2019 3853
2987 4015
2042 2790
3413 4352
1252 1173
4972 818
326 4162
3115 494
3728 1246
503 2775
625 4458
1690 1813
453 2954
2477 3886
2269 702
968 2582
1677 827
3965 1832
3289 1320
274 2659
2120 2336
4021 946
3279 3490
1620 3447
4371 1244
902 952
1623 483
3374 3764
4802 3911
2837 2327
2491 3905
803 155
4292 2348
2648 2842
1519 776
755 380
3690 3182
2782 3330
4349 1835
4841 311
3275 4660
3316 268
4060 914
801 3650
1 2806
1102 4810
598 3025
3091 3038
238 275
1647 4344
2297 4197
514 3593
46 1273
4163 1537
4373 2313
3020 3737
169 3558
2489 3091
1071 3366
257 638
1014 2832
630 1903
2808 592
190 4785
2227 4222
928 284
3811 2438
4187 3183
4555 3350
4682 2896
2472 2979
4657 2314
1567 392
642 4249
4138 968
4993 3468
2790 4493
4601 2126
597 3954
1117 48
4453 979
679 4252
823 4711
3762 2559
4801 3648
2602 2163
2062 492
2784 891
4422 619
3205 2870
359 1803
4662 3718
2707 4808
4343 3709
2170 439
236 4621
2046 898
4831 2480
3334 2462
3051 3571
4395 866
460 1747
675 3621
4166 4426
4482 4137
1505 3553
302 1309
61 954
1289 4194
2638 4048
3161 3860
681 1342
4542 3895
4860 269
1214 4545
2771 376
3244 825
2829 1549
4546 3785
509 1989
151 4230
2494 4942
412 1827
4555 343
962 3920
843 4494
4506 1619
731 4024
1340 1099
2627 1307
1822 119
588 1006
1973 517
4034 4549
639 4435
49 3172
187 4863
1830 468
4996 3203
720 896
1530 2162
4255 3205
1896 3717
480 1409
1260 1520
389 4445
1237 3751
4568 3143
3272 4347
4387 4034
3814 4401
4244 4214
3225 559
1456 4320
1136 2918
3947 995
3615 256
4771 4145
4253 1001
1765 874
3327 1775
1 2498
3117 1965
1613 1005
81 4413
3087 3254
4936 1445
1462 4256
1421 17
1677 1929
2809 3246
3000 333
4827 226
1866 404
3679 2348
4149 3280
4115 4864
2661 3496
1314 830
2929 2789
263 1838
906 1944
3327 849
856 366
116 327
4321 1707
2967 2263
3218 1845
952 2585
1600 3035
1813 4311
4983 365
474 974
59 4933
4381 1465
3130 2146
3842 2877
86 2555
2439 2494
3557 3647
732 451
3481 4820
1373 2699
1011 3286
216 571
3669 855
3130 4482
4429 2529
4690 4785
3916 2947
3966 324
1365 485
2841 1346
1855 2069
3651 4598
3135 2089
1925 3562
1266 3660
1646 1932
1520 3284
3930 1017
3273 747
2252 4630
2756 228
2917 3034
2918 1687
1736 2764
4162 3245
4733 4229
3806 2149
4998 3746
1115 202
2016 2818
4356 4279
4556 2354
977 911
3642 2657
4074 99
4666 1960
4299 2432
1267 4356
4127 3143
1229 3835
914 2548
2958 712
54 872
3452 4667
3106 58
4919 2527
1390 3416
552 4266
3138 2750
2193 3511
1133 3494
4321 4298
749 350
981 3891
4257 2556
2360 655
2814 3040
1945 376
3232 3553
2490 1896
3554 1803
2549 4462
3104 4455
1390 4705
3613 2346
1789 4185
2111 35
2427 4701
1114 340
3282 1051
85 4399
150 2808
255 875
114 899
4830 3249
2388 3992
4406 1201
2878 3590
4607 2911
70 829
2690 2573
479 768
114 4053
4757 906
743 814
4292 3021
1527 2845
325 3684
2990 2461
4203 4669
2708 3300
4681 3018
682 3692
1859 56
4436 3150
3887 3911
3226 4165
1474 3140
2718 1480
302 4868
1164 4146
3408 3095
2171 2250
1452 348
3365 4216
4865 1499
4775 4952
3333 4678
1774 3782
3059 3355
2042 4765
2436 4130
1963 271
3905 2625
2618 1434
2036 2735
1829 4886
1795 1626
1132 3497
1843 354
368 4333
4504 4610
1500 1183
4689 1623
4152 3633
3802 1305
2384 3832
3253 80
756 887
4560 2152
580 2876
2426 2782
2311 4781
1686 757
65 4416
1391 351
2566 2267
706 4449
2029 867
3488 327
1060 2466
1777 3275
2680 2783
3926 1758
3224 668
1705 891
2348 3212
2525 4602
2804 1802
866 4522
4281 3797
1944 4556
256 577
438 2540
1033 1666
3304 3256
4878 4955
1234 3642
2516 1520
3075 3433
893 3349
4912 4273
4251 4793
1025 1253
1935 1474
381 693
2182 1351
0 3482
3941 2766
1589 4220
1006 1950
1673 427
4109 4336
3875 4169
4582 3765
2056 4100
1115 2122
577 2675
2805 2683
4776 1766
146 3428
4724 3296
4023 4417
613 3308
487 2903
2599 2928
4798 2989
3590 2845
2215 3756
4732 2635
224 1217
3070 2321
1466 4392
821 978
3795 739
1109 2842
3934 1837
2903 1097
4320 4761
3410 110
4645 2077
2530 1000
1850 1241
1554 4397
1752 669
1707 3407
4002 3139
561 3912
4005 441
2826 3213
1706 2953
2432 1596
1038 2265
3177 4904
57 299
3851 2862
3059 4094
3011 936
1380 2904
3981 4140
1933 2299
1092 1454
3463 13
2666 3870
143 487
4391 1271
368 871
1057 1847
1233 117
319 191
4558 630
2469 2952
2536 2713
1593 2086
4855 853
4762 1857
2367 726
3366 2682
3574 3614
4761 4638
957 3336
4872 1436
813 1113
3065 475
2548 1942
1813 3708
4836 961
4218 1851
3712 3211
3609 2295
2483 4176
1762 215
3030 2359
4296 2673
4017 1043
3103 3332
4465 4616
4088 2680
1975 444
2295 1846
1883 2841
243 788
2750 211
2352 1333
576 4152
4991 1141
2886 2701
4428 1701
1532 3028
3247 2185
4377 4890
1963 3480
244 2595
389 4676
1910 4785
2483 217
1275 4274
1896 457
1605 2688
89 4414
4208 2573
4758 2451
4567 2920
3421 1668
4576 3908
1573 4089
3875 3043
3323 86
2440 1688
3415 3058
820 553
3721 132
1558 519
4911 865
4899 1565
4363 2982
115 2723
3611 1657
221 904
4555 937
384 2359
513 2998
3165 2250
2752 2606
1303 3568
1926 4742
3989 970
2789 916
3013 2381
46 4700
4191 1828
3104 1745
4100 20
4074 3000
1157 2696
431 4770
842 3358
658 3537
4214 4737
102 1333
4047 4560
1022 2242
3878 4751
2030 3789
1772 1013
4270 3814
4559 3688
2625 2915
154 742
1284 3410
3213 870
914 2416
3892 1653
3135 2199
2457 2284
3405 3780
3430 575
3452 2549
840 3406
3300 2680
1032 1361
4564 4153
3647 4481
4402 1122
1303 3810
2177 4566
3586 270
2700 177
2204 2225
1266 3891
3191 680
999 4301
4144 2254
2850 121
3438 4492
398 176
248 1400
3651 3553
2499 2523
3903 98
711 3790
733 3549
1565 2884
3182 3196
1735 2541
1926 1843
2872 4956
241 2794
3460 2911
2460 3965
177 823
4189 842
3917 383
4049 1734
3699 2375
3732 2323
3425 860
4958 269
1143 3541
3047 648
3176 1058
4690 491
4782 1477
2504 894
2392 4625
2991 3227
2939 822
2660 1407
2832 2682
48 3688
488 3960
3394 1631
2426 4623
2046 2941
3386 2975
4803 489
2470 2185
250 1809
4307 56
654 1404
3281 1875
3360 2922
3766 1395
1727 3309
4851 4586
3366 3676
4878 30
270 3629
3964 592
4848 2073
3003 820
1723 2557
3113 2412
4364 977
4166 1221
3858 1105
4644 1785
4769 4409
1266 66
2699 4758
3019 4736
1493 1048
3163 728
4740 4876
79 247
2820 4755
1502 2036
2792 492
242 1473
737 1415
2946 4113
2500 3538
3742 1280
2111 2265
3611 2517
1687 217
2459 2948
2631 4223
4556 3190
4054 1811
420 4633
342 2993
3057 2116
4777 1388
1294 407
783 191
1946 858
1669 4256
1006 1697
4414 4948
2203 3372
1647 3154
7 909
2618 2833
1128 1808
2809 2135
130 1245
235 4708
2234 1675
76 3897
2882 2650
4547 229
3261 2646
1599 2332
2951 1437
2166 3611
2844 3297
506 4649
4592 4846
1925 1041
3179 3250
1915 3211
409 3935
3585 3416
3545 311
1329 2592
2941 1099
1060 1650
47 284
3670 2706
1120 2189
1689 2346
3969 1312
2876 3370
3939 615
4228 2475
3782 668
1827 3219
306 2615
2837 3378
2802 2374
2860 3776
4479 3225
3094 1499
253 2725
1657 300
1397 898
1436 72
4830 944
4591 433
3660 1092
2894 4299
2261 2400
2525 1692
1393 2361
4679 3700
4333 3292
2500 1110
4367 2647
1170 2023
2278 768
4511 3823
3327 4302
3961 2602
3805 3294
123 1689
4906 3046
1062 2611
1860 2362
676 626
4189 4159
1469 2477
3310 4254
4496 1835
1499 141
270 3321
2833 2050
2730 1171
4495 4350
496 2092
2898 2970
3809 2073
2686 81
2892 186
4777 4221
2277 2771
1750 4045
2149 3754
3732 1331
4406 3002
4568 1603
3748 2736
3801 4548
630 752
2975 305
4095 2322
4306 785
4762 2785
3977 1512
4585 1368
1471 2270
168 1071
1133 3443
696 3442
2041 4049
2017 1477
3679 808
1298 1790
3028 3736
2918 1878
4167 1794
3934 3020
2036 4873
4111 4602
4056 1697
3328 995
57 193
3852 3853
1839 4773
2135 1388
1087 1462
75 3216
290 4336
1281 281
592 4903
236 1592
4212 1163
616 3045
2612 2481
2090 3308
490 4626
2459 4868
504 3743
1851 4194
4012 3963
309 4965
3215 4851
1837 4821
340 602
381 2589
620 656
1490 4188
3458 3791
3570 4032
4103 2280
3829 3963
4672 2437
504 3864
3888 3560
1503 3605
353 4634
3047 4341
2973 2177
831 3441
1433 1331
4081 4857
1875 215
712 1534
1245 48
1584 3678
4510 281
272 2696
1965 108
4205 1402
3379 357
4043 1569
2379 2377
4657 708
185 741
971 1650
2282 229
1825 4420
2854 4821
2163 4186
410 2256
2839 1022
4626 1516
4335 2801
498 1322
4281 1518
1893 3278
1284 2002
4284 3738
1063 4743
3888 769
1113 2120
1617 3868
586 2603
4715 3961
1344 3450
4212 2815
105 1778
3085 1613
1770 1343
4834 2569
2339 3486
4302 2708
3870 836
1203 1232
2968 4182
2629 2501
4012 1185
2291 3674
2907 1728
830 1135
2502 3894
4573 700
2226 4484
4444 3996
3045 3089
1459 2999
282 4420
330 3185
538 1902
1553 419
1233 966
333 975
1494 2993
1162 4469
3536 2545
4776 2641
2135 4221
4239 3456
1348 4336
3912 846
4507 4402
2800 4840
4629 3116
797 4233
2459 4318
1829 2165
3579 148
2126 2388
877 1489
1271 3594
4533 375
3980 1889
4428 1261
1749 371
412 4772
2965 3079
3130 4607
4859 3928
7 2737
4439 3113
3086 107
4942 4865
998 853
3234 3617
774 1862
3733 3072
3249 744
2241 954
3920 683
3032 1978
3646 3598
2376 590
4955 81
4676 4867
1624 3466
154 3322
750 3841
2978 1863
4671 1490
4289 3411
1997 4879
4805 4230
2635 2921
4863 3646
3965 52
2294 147
3573 2157
4571 1259
2048 2602
3013 4974
4387 1852
1668 1792
85 4511
2230 2764
1664 4827
2037 1137
2436 2832
4886 489
3454 637
2702 1527
3726 830
4945 3055
3553 2336
505 1283
4361 523
4774 2907
3671 2328
723 4660
179 66
3298 4675
4172 1267
4504 2265
4569 2660
2155 1250
6 552
28 3051
255 61
4775 4714
3842 4775
2333 1256
3766 3733
786 1417
844 3085
1675 3242
2267 673
3564 2057
4419 2571
165 23
1787 2436
4817 631
708 945
3765 3215
102 906
1115 3026
1824 3486
3369 17
1435 2213
3336 4041
2493 3352
2448 3838
139 1727
2530 3648
3428 4798
2091 4998
28 4340
2048 4133
4334 2096
1077 3444
586 1369
82 146
4056 1068
4763 3670
1379 776
4785 1214
3371 736
1801 1408
3148 435
3760 3177
3285 4870
1709 4559
2445 921
13 4338
2673 3296
4304 3277
2652 2190
124 907
795 3815
3839 962
3401 3180
2845 747
198 4764
2947 4178
2832 2013
3661 3521
1772 10
44 2082
715 2021
4818 3848
3853 1247
1896 756
3819 2831
3946 2872
3672 3306
224 1905
4670 193
79 4705
2147 3492
1046 4457
600 1667
4944 173
3960 3709
2208 698
3956 4233
3706 4058
1815 3921
4463 3283
3143 4884
4184 1653
495 3307
3055 2785
2095 3975
1336 3923
3583 2941
4398 4322
2373 3919
1289 1367
1110 1890
0 332
397 4169
2675 3732
2738 4017
3719 506
253 1680
160 3438
4514 188
3261 796
2092 3798
1629 361
510 969
2180 3093
4028 150
3047 4664
4031 1616
3367 2390
908 2964
1296 2780
105 102
3185 1861
564 4588
2011 547
1376 36
1494 4458
3034 2860
4109 1428
1659 1556
4673 3227
1216 986
4478 4937
3590 45
2119 3234
639 4883
4333 1321
1301 3016
4369 1503
2651 3509
2651 1294
3528 3782
341 2156
468 4183
2927 411
1388 4826
423 4440
4055 37
3936 2789
536 3563
3898 4483
2241 83
3471 1935
2351 480
3789 3264
3224 3492
3811 2794
2813 2460
4635 1780
1831 3302
2619 645
2170 4754
4484 793
1423 4002
2764 4675
3072 2576
4474 3488
2757 3238
312 300
2700 489
1297 2321
102 4102
757 1818
2861 2285
1223 342
4330 2433
2231 2081
1625 4523
1692 1049
4747 506
979 3099
4884 4941
4404 3321
3039 1473
4283 3031
2643 1015
3787 3618
1024 1300
956 873
1682 748
3552 1994
3763 2214
4903 3126
271 3399
1634 936
4209 3203
2598 4103
3443 1943
2660 780
2068 2625
4616 2803
3012 4874
152 4875
1576 3331
1187 2058
2582 4243
3733 1638
519 1370
32 3009
1420 51
262 24
1827 1866
612 551
1508 3843
4144 1882
971 3867
1408 3868
1382 698
2036 1747
3663 4733
4033 4266
4291 4790
356 2022
3652 2588
44 2955
1074 1484
1543 2228
2338 513
1720 3847
3943 27
140 3831
2903 1719
633 2946
1808 4899
4082 1539
1940 588
1666 3732
2746 163
3651 2255
1362 2045
460 3405
2241 2916
940 595
374 3890
2772 2552
4914 4257
2276 924
1245 413
686 2664
4354 133
3385 2486
2877 4002
1802 1004
4427 4849
733 1204
98 4894
1878 3214
2611 4031
1796 1640
1384 4813
3397 1449
4255 3695
1270 1301
3682 386
473 2677
2401 1161
1835 2470
1991 768
2724 1585
659 2544
3219 3779
4905 2464
2892 3384
2902 4072
428 167
1572 2770
3160 2152
4431 595
4772 659
9 220
4014 1209
3248 1218
3652 4011
1333 3427
3896 4637
240 1284
2903 4418
4122 3408
4561 560
4884 1479
4053 1322
988 2840
759 802
4429 1609
4198 3137
456 535
1284 4824
4288 3067
2304 3456
795 2152
4016 3133
3012 244
240 4559
4137 4820
518 568
4558 1615
2366 1072
2858 1534
2056 92
2424 2474
2675 2056
2109 1416
815 1986
4010 3961
3819 229
1713 921
3063 1643
2228 549
700 2450
780 4136
1396 167
1685 41
207 2288
3402 4492
711 2050
3791 2089
1827 4591
4604 4592
1051 2909
584 4426
2805 3455
2151 4917
2158 1658
651 989
4185 444
4890 4168
4260 2015
2954 4746
1648 2081
578 1413
2878 1718
672 1277
2434 546
4502 3534
2888 2177
3755 1762
3476 2872
2510 4971
270 4680
4229 635
2379 3239
1830 2731
3170 4263
402 4570
453 2815
1542 1052
1322 4661
3173 3450
3610 1007
683 244
3209 2649
4260 1089
5000 633
1486 4540
538 3569
247 882
3831 1649
2967 2298
4381 103
3517 3933
1569 3262
762 4216
3230 4105
4455 3435
864 1460
1196 3919
2311 1620
2782 3191
1297 4496
452 4404
3285 779
1105 2754
291 2995
1176 2634
49 200
338 2060
2158 2960
1277 3211
1146 2233
2129 3427
4481 3959
782 1956
477 3535
3474 3805
4864 3431
1922 882
842 3404
2160 3679
2361 1454
832 4113
861 2599
381 3948
1539 70
4708 595
1680 2409
3447 975
814 955
1102 2819
1702 828
2355 3608
2527 4883
1278 537
2520 1460
1833 4960
4772 593
897 1074
3706 1027
4337 1833
2387 1052
4329 3406
3458 2130
1369 22
1195 4299
2711 2869
2638 3788
1366 4154
3360 2497
2964 1514
4446 4341
2161 4802
1256 495
2853 4386
2022 4229
2541 2579
1663 95
3244 1504
1289 4055
329 3784
1826 1550
1552 264
4988 1133
1195 3144
1422 154
489 4416
3314 3145
4245 42
253 3910
301 689
4561 4937
65 4088
4709 2886
3914 171
1405 3893
1883 4686
604 1858
2582 3640
3456 232
171 3962
3547 4551
3596 2198
4054 1615
2548 4258
3833 3602
894 3310
1061 2255
1964 3712
790 4384
3560 1228
4647 1082
4640 140
2778 1192
4715 1482
847 690
2046 1014
1454 1102
2574 1133
1758 3765
4904 2549
881 459
1161 742
1376 401
3917 1623
1931 4824
2681 3861
2734 489
3174 761
4538 3367
2537 1372
2389 1245
1535 1333
4816 4543
3861 2630
3706 3739
3486 1292
3300 2068
1355 1402
3096 2009
4841 1863
1494 514
4178 1519
1185 4603
1522 3730
2896 4580
2839 2060
795 3630
4291 349
2307 4185
591 4803
276 3745
1522 468
695 4860
3135 1829
2685 4747
4366 4320
4483 3444
1679 2788
4361 2929
278 4464
3550 472
1981 2335
3393 1720
3293 2536
2030 4708
4970 1438
3325 3242
4311 2290
4902 4946
2648 2771
3899 3285
1106 1290
4282 542
204 206
4185 875
2099 4663
3501 3360
839 1885
1350 4804
1675 4372
1427 2284
4113 1938
1606 2286
871 4806
21 2421
64 3020
4940 1158
1134 3459
4064 1487
3124 4578
3124 377
4266 4331
4598 2626
1249 4614
2827 4062
4131 3877
1553 1578
686 1727
1601 4507
1604 1809
3954 1477
3297 3193
3150 1682
2776 3427
1164 4691
4961 3553
1711 888
1143 2353
2292 3085
1818 2936
4631 1877
3156 1618
4940 3615
2875 1864
1412 942
2172 4373
2504 4846
3944 4064
1249 4856
3283 4584
1357 1945
457 4132
2036 2462
3161 2608
2049 4387
2820 4264
4134 374
51 3858
3339 2614
703 4538
247 1326
3628 502
3333 4526
3118 171
3104 4208
3904 851
1646 4384
1464 206
3188 1398
4965 1470
1109 4179
4268 4282
4246 1719
1670 3694
209 3141
1728 1191
129 2623
3533 507
4875 385
4635 669
254 2739
1751 4706
730 4654
4806 3934
3992 3192
699 645
2612 541
3933 1794
3341 458
4120 1391
3010 358
582 1228
1872 687
1804 2475
4627 3824
4176 3888
4577 31
1928 969
240 1649
2062 3938
1315 4647
3435 1409
1571 4078
4721 2375
2658 1717
4151 3013
1742 3179
152 4690
2252 4183
4812 3432
1731 1973
2288 2830
784 3856
4913 4652
1847 3316
3934 2382
4717 2791
680 2981
4952 4351
2717 203
38 3514
4898 853
1572 4316
2559 31
785 1462
628 2417
2226 1255
1777 3149
2568 1958
1379 70
355 2524
381 1493
3620 771
855 2810
3967 2572
3170 1245
4782 1967
3698 3579
4808 936
4194 3517
1947 298
3450 4268
1079 3457
960 1291
4869 4595
2763 3301
791 4222
3640 1359
3451 440
44 3012
2611 2678
2948 4286
90 1142
1695 2908
4379 1698
649 382
919 243
2820 2788
1140 3100
3831 3061
2511 4662
3022 3417
2058 3899
1506 942
3775 3920
4608 3921
4635 2563
681 1768
2592 4772
3390 551
1677 945
3065 2188
1249 3393
2254 3437
3510 94
2969 2894
1092 1194
2771 3138
4629 4330
3692 2996
4478 1424
3724 2948
396 3827
3529 723
1168 4572
1923 3458
4705 834
2444 4621
742 3417
4646 4391
2411 4444
4986 4725
365 986
3 4017
3179 1283
1637 4269
2822 4658
2948 1387
3854 4576
1053 2757
2371 2278
1149 250
989 2772
3318 3549
3674 444
3228 623
3630 2094
2420 3338
4500 1196
4586 2431
2686 1471
577 468
815 2969
2391 3051
856 563
1659 2836
1299 2301
2911 808
3081 3205
1313 3367
2264 2165
1321 1501
777 2606
763 4886
2205 538
2673 643
2843 300
3925 4240
2724 3052
3634 1287
2338 3511
1946 2758
3809 4294
4628 2899
512 4257
3685 57
3602 288
1275 4953
2393 185
1691 667
252 3808
1248 2083
3949 4718
298 2463
1040 2548
1026 4599
3756 4259
4119 4082
2742 4920
1790 2487
2452 4821
1235 4894
698 3723
3745 579
4910 1844
4452 3181
438 120
1387 2255
1542 1109
3097 1297
1628 4007
2853 3825
922 2798
3577 3102
445 1183
3573 1182
1934 4235
3059 2358
3724 4963
1121 4620
1733 4181
4193 3492
2409 34
1163 1813
2450 2021
818 4030
2998 3812
2194 1277
3914 4979
1481 1341
2592 3767
976 4323
1668 938
1179 481
248 1140
4236 4212
2092 2434
2078 284
3924 3159
366 378
2993 1603
4194 539
1778 517
1819 2504
2387 1564
3457 4218
3283 130
2593 3884
2333 510
4165 4682
4024 1296
1670 2152
2530 4996
1751 828
3177 377
474 1079
2208 2730
4880 234
645 4115
4855 2621
3286 320
1574 3383
632 1372
