0 0 100 100
1000
0 1
0 9
0 19
0 28
0 44
0 48
0 54
0 57
0 58
0 73
0 100
1 5
1 12
1 14
1 17
1 20
1 56
1 70
1 87
1 91
1 99
2 2
2 6
2 57
2 63
2 91
3 0
3 8
3 15
3 22
3 37
3 55
3 61
3 94
4 16
4 19
4 61
4 64
4 67
4 68
4 72
4 77
4 79
4 89
4 90
5 3
5 14
5 47
5 53
5 58
5 78
5 79
5 99
6 23
6 24
6 25
6 28
6 39
6 53
6 57
6 58
6 60
6 70
7 1
7 2
7 8
7 21
7 24
7 33
7 36
7 54
7 59
7 62
7 83
8 1
8 8
8 9
8 25
8 30
8 33
8 58
8 61
8 76
8 80
8 83
8 94
8 97
8 98
8 99
9 0
9 19
9 35
9 48
9 62
9 66
9 90
9 92
9 97
10 2
10 18
10 39
10 50
10 55
10 57
10 59
10 67
10 80
10 96
11 3
11 21
11 27
11 39
11 40
11 44
11 47
11 53
11 63
11 68
11 83
11 99
12 34
12 37
12 40
12 58
12 68
12 82
12 86
12 91
13 1
13 2
13 11
13 43
13 46
13 57
13 61
13 95
14 12
14 14
14 21
14 24
14 25
14 45
14 61
14 78
14 81
14 90
15 3
15 29
15 50
15 53
15 58
15 65
15 73
15 87
15 100
16 10
16 15
16 29
16 32
16 42
16 49
16 86
17 13
17 26
17 44
17 53
17 73
17 81
17 85
17 100
18 14
18 49
18 72
18 81
18 91
18 100
19 0
19 15
19 18
19 21
19 43
19 44
19 48
20 1
20 10
20 22
20 24
20 51
20 92
21 15
21 30
21 33
21 38
21 67
21 70
21 77
21 78
22 2
22 30
22 32
22 40
22 50
22 60
22 61
22 69
22 88
23 0
23 2
23 7
23 13
23 50
23 52
23 60
23 65
23 79
23 82
23 88
24 18
24 21
24 24
24 36
24 47
24 52
24 59
24 82
24 96
25 9
25 25
25 32
25 36
25 38
25 48
25 58
25 60
25 64
25 70
25 73
25 81
26 5
26 7
26 23
26 41
26 59
26 66
26 87
26 89
26 96
26 97
26 99
27 2
27 12
27 17
27 19
27 37
27 51
27 52
27 53
27 65
27 81
27 90
27 92
27 94
27 100
28 2
28 21
28 58
28 69
28 77
28 79
28 87
28 99
29 7
29 18
29 25
29 47
29 61
29 63
29 64
30 0
30 2
30 3
30 7
30 56
30 75
30 80
30 82
30 91
30 100
31 0
31 22
31 30
31 49
31 59
31 69
31 93
32 4
32 5
32 16
32 17
32 23
32 32
32 38
32 45
32 46
32 49
32 52
32 92
33 35
33 39
33 76
33 77
33 88
33 91
34 0
34 4
34 9
34 10
34 19
34 37
34 51
34 62
34 64
34 67
34 70
34 93
34 96
35 6
35 10
35 23
35 62
35 67
35 79
35 81
35 83
35 89
36 24
36 34
36 39
36 41
36 57
36 63
36 77
36 78
36 82
36 99
37 8
37 20
37 24
37 31
37 58
37 76
37 86
37 99
38 4
38 28
38 31
38 36
38 49
38 63
38 65
38 69
38 71
38 74
38 85
38 90
39 0
39 2
39 5
39 15
39 21
39 24
39 26
39 40
39 46
39 48
39 50
39 64
39 72
39 78
39 81
39 87
40 4
40 16
40 18
40 31
40 36
40 37
40 42
40 51
40 66
40 76
40 88
40 97
40 99
41 28
41 40
41 52
41 66
41 76
41 93
41 97
41 98
42 17
42 63
42 67
42 77
42 93
42 97
43 9
43 11
43 33
43 34
43 53
43 66
43 70
43 71
43 76
43 80
43 86
43 88
43 89
43 95
44 3
44 5
44 24
44 25
44 26
44 37
44 39
44 67
44 75
44 85
44 94
44 95
45 4
45 7
45 44
45 73
45 78
45 96
46 6
46 25
46 31
46 34
46 39
46 41
46 61
46 76
46 77
46 95
46 97
46 100
47 7
47 12
47 17
47 25
47 26
47 57
47 61
47 63
47 71
48 6
48 8
48 14
48 16
48 23
48 25
48 26
48 46
48 47
48 52
48 56
48 83
48 99
49 13
49 22
49 26
49 27
49 57
49 62
49 64
49 68
49 69
49 81
50 42
50 70
50 73
51 18
51 20
51 39
51 47
51 56
51 59
51 60
51 67
51 76
51 80
51 91
51 96
52 4
52 45
52 52
52 56
52 70
52 71
52 82
52 86
52 98
53 3
53 5
53 6
53 9
53 11
53 14
53 16
53 46
53 58
53 68
53 80
53 98
54 12
54 30
54 56
54 76
54 83
54 85
54 91
55 0
55 2
55 5
55 33
55 38
55 39
55 47
55 55
55 62
55 77
55 87
55 93
56 1
56 5
56 48
56 67
56 79
56 87
56 93
57 12
57 32
57 38
57 44
57 52
57 57
57 70
57 86
58 1
58 10
58 13
58 27
58 42
58 53
58 56
58 91
59 0
59 7
59 19
59 33
59 41
59 47
59 65
59 78
59 91
59 94
59 97
59 98
60 37
60 42
60 56
60 60
60 66
60 72
60 75
60 81
60 85
60 90
61 2
61 13
61 21
61 23
61 24
61 46
61 50
61 75
61 76
61 90
62 7
62 9
62 46
62 48
62 58
62 62
62 85
62 96
63 8
63 10
63 16
63 37
63 44
63 68
63 70
63 73
63 75
64 0
64 10
64 20
64 24
64 31
64 34
64 43
64 72
64 73
64 75
64 92
65 0
65 9
65 14
65 19
65 42
65 43
65 50
65 58
65 62
65 75
65 76
65 79
65 89
65 99
66 5
66 15
66 16
66 23
66 24
66 25
66 31
66 46
66 58
66 63
66 71
66 83
66 87
66 98
66 100
67 2
67 10
67 15
67 24
67 40
67 46
67 49
67 53
67 62
67 69
67 74
67 79
67 83
67 91
68 0
68 3
68 28
68 37
68 75
68 92
68 94
69 8
69 14
69 24
69 25
69 35
69 54
69 65
69 67
69 74
69 94
70 5
70 7
70 15
70 21
70 28
70 36
70 40
70 42
70 77
70 90
70 97
71 4
71 6
71 13
71 15
71 35
71 39
71 42
71 45
71 50
71 80
71 85
71 89
72 10
72 18
72 21
72 34
72 38
72 45
72 57
72 61
72 63
73 0
73 14
73 16
73 41
73 64
73 67
73 76
73 85
73 86
73 87
74 34
74 63
74 64
74 73
74 97
75 2
75 8
75 29
75 31
75 35
75 40
75 51
75 62
75 72
75 99
76 4
76 5
76 11
76 42
76 54
76 55
76 57
76 77
76 81
77 0
77 4
77 9
77 10
77 13
77 15
77 18
77 43
77 44
77 59
77 72
77 76
77 92
77 99
77 100
78 8
78 24
78 38
78 53
78 54
78 56
78 61
78 93
78 96
78 98
79 15
79 23
79 31
79 32
79 44
79 45
79 63
79 84
79 95
80 8
80 14
80 15
80 16
80 19
80 30
80 41
80 45
80 58
80 67
80 68
80 69
80 84
80 99
81 1
81 24
81 38
81 45
81 53
81 59
81 78
81 89
81 92
81 93
82 6
82 14
82 24
82 29
82 31
82 34
82 43
82 63
82 73
82 91
82 97
83 9
83 10
83 12
83 14
83 18
83 20
83 23
83 26
83 28
83 36
83 51
83 53
83 63
83 67
83 73
83 95
83 100
84 8
84 9
84 10
84 11
84 27
84 32
84 34
84 35
84 51
84 54
84 61
84 78
85 18
85 24
85 32
85 48
85 59
85 71
85 82
86 25
86 28
86 37
86 41
86 43
86 44
86 56
86 66
86 90
86 93
86 100
87 21
87 23
87 33
87 39
87 41
87 54
87 85
87 87
88 11
88 28
88 29
88 49
88 69
88 83
88 87
88 89
89 12
89 29
89 31
89 34
89 45
89 52
89 69
89 74
89 75
89 78
89 99
90 8
90 58
90 65
90 71
90 86
90 91
90 92
91 2
91 18
91 39
91 43
91 46
91 64
92 7
92 10
92 12
92 19
92 25
92 26
92 31
92 33
92 84
92 93
92 96
93 0
93 3
93 12
93 20
93 22
93 38
93 85
93 89
94 0
94 4
94 14
94 29
94 30
94 41
94 57
94 84
94 87
94 89
94 91
95 2
95 8
95 18
95 28
95 32
95 44
95 48
95 63
95 69
95 72
95 78
95 86
95 89
95 91
95 100
96 1
96 4
96 5
96 7
96 12
96 13
96 20
96 25
96 29
96 46
96 52
96 59
96 70
96 88
97 16
97 20
97 39
97 61
97 69
97 73
97 75
97 77
97 97
97 99
97 100
98 1
98 17
98 28
98 33
98 38
98 75
98 79
98 80
98 98
99 2
99 6
99 13
99 28
99 33
99 56
99 78
99 91
100 3
100 7
100 13
100 37
100 43
100 68
100 81
100 96
100 99