0 0 1000 1000
10000
0 2
0 36
0 235
0 327
0 333
0 355
0 390
0 410
0 544
0 668
0 709
0 947
0 957
1 300
1 449
1 521
1 714
1 830
1 881
1 907
2 30
2 106
2 322
2 401
2 414
2 538
2 917
3 13
3 44
3 414
3 460
3 591
3 735
3 835
3 858
3 980
4 156
4 174
4 180
4 187
4 245
4 287
4 333
4 462
4 495
4 629
4 666
4 735
4 736
4 789
4 997
5 71
5 152
5 153
5 162
5 256
5 381
5 494
5 570
5 870
5 922
6 46
6 56
6 349
6 404
6 519
6 701
6 708
6 713
6 717
6 803
7 72
7 90
7 191
7 203
7 404
7 490
7 499
7 522
7 597
7 607
7 661
7 824
7 928
7 997
8 57
8 107
8 140
8 204
8 279
8 294
9 115
9 149
9 178
9 219
9 305
9 576
9 603
9 758
9 882
9 897
9 948
9 987
10 17
10 18
10 94
10 168
10 374
10 488
10 601
10 618
10 651
10 652
10 768
10 837
10 855
10 860
11 36
11 43
11 92
11 408
11 648
11 649
11 734
11 771
12 21
12 170
12 174
12 290
12 578
12 632
12 638
12 652
12 752
12 755
12 802
13 37
13 152
13 227
13 294
13 315
13 371
13 376
13 382
13 393
13 417
13 426
13 668
13 736
13 825
13 865
13 894
14 119
14 215
14 315
14 379
14 536
14 639
14 785
15 33
15 69
15 155
15 162
15 276
15 426
15 528
15 646
15 713
15 830
15 892
16 87
16 209
16 233
16 268
16 284
16 813
16 847
16 949
17 43
17 216
17 531
17 638
18 70
18 95
18 198
18 475
18 586
18 769
18 828
18 864
18 963
18 979
18 986
19 66
19 73
19 193
19 292
19 297
19 311
19 323
19 384
19 575
19 641
19 695
19 738
19 757
20 180
20 196
20 241
20 289
20 328
20 330
20 578
21 220
21 348
21 635
21 863
21 919
22 7
22 39
22 142
22 147
22 452
22 641
22 659
22 689
22 717
22 755
22 856
22 893
23 164
23 219
23 442
23 506
23 513
23 563
23 580
23 681
23 704
23 795
23 927
24 16
24 21
24 160
24 280
24 403
24 472
24 494
24 500
24 752
24 850
25 127
25 182
25 427
25 511
25 900
26 205
26 380
26 613
26 626
26 692
26 718
26 739
26 812
26 902
26 931
26 939
27 73
27 84
27 121
27 150
27 369
27 420
27 473
27 483
27 712
27 827
27 954
28 94
28 105
28 117
28 130
28 148
28 181
28 185
28 243
28 339
28 449
28 563
28 818
28 837
28 844
28 947
28 967
28 968
29 14
29 75
29 89
29 112
29 268
29 277
29 656
29 686
29 696
29 741
29 842
29 914
29 928
30 371
30 383
30 468
30 498
30 616
30 671
30 721
30 793
31 121
31 154
31 198
31 486
31 612
31 867
31 884
32 7
32 31
32 167
32 192
32 261
32 307
32 566
32 595
32 717
32 736
32 748
32 765
32 839
32 878
32 893
32 942
32 951
33 77
33 93
33 98
33 150
33 164
33 177
33 493
33 519
33 528
33 625
33 695
33 792
33 879
34 29
34 357
34 389
34 479
34 515
34 774
34 947
35 96
35 139
35 334
35 667
35 896
35 992
36 2
36 130
36 197
36 221
36 223
36 275
36 349
36 375
36 385
36 390
36 901
36 969
37 59
37 100
37 110
37 245
37 337
37 385
37 457
37 498
37 626
37 730
37 789
38 18
38 374
38 707
38 747
38 811
38 837
38 866
38 938
39 33
39 64
39 219
39 221
39 273
39 367
39 517
39 518
39 616
39 752
39 776
39 818
39 900
40 12
40 447
40 503
40 533
40 614
40 625
40 692
40 746
40 870
41 55
41 79
41 120
41 241
41 422
41 446
41 455
41 484
41 547
41 617
41 655
41 657
41 666
41 896
41 958
42 590
42 730
42 740
42 786
42 790
43 75
43 305
43 311
43 419
43 455
43 570
43 820
43 896
43 1000
44 19
44 98
44 545
44 546
44 781
44 815
44 875
44 878
45 172
45 292
45 388
45 393
45 472
45 962
46 108
46 313
46 318
46 408
46 621
46 640
46 674
46 727
46 752
46 760
47 78
47 129
47 220
47 231
47 700
47 805
47 964
47 965
47 992
48 90
48 231
48 300
48 374
48 406
48 730
48 891
49 176
49 188
49 426
49 550
49 830
49 934
49 956
50 156
50 505
50 858
50 986
50 997
51 69
51 251
51 284
51 316
51 442
51 516
51 562
51 605
51 791
51 820
51 878
51 891
51 915
51 954
51 965
52 10
52 423
52 426
52 558
52 857
52 945
53 104
53 359
53 832
53 891
53 992
54 53
54 172
54 339
54 770
54 867
55 115
55 146
55 458
55 473
55 563
55 601
55 701
55 897
55 970
55 983
56 1
56 202
56 210
56 239
56 250
56 259
56 283
56 342
56 511
56 722
56 731
56 816
56 817
56 922
57 63
57 78
57 337
57 429
57 520
57 660
57 914
58 81
58 218
58 246
58 481
58 626
58 650
58 663
58 695
58 924
58 980
59 1
59 11
59 43
59 163
59 227
59 298
59 324
59 551
59 561
59 614
60 52
60 162
60 234
60 246
60 254
60 285
60 582
60 598
60 645
60 655
60 814
60 882
61 154
61 181
61 498
61 503
61 521
61 690
61 786
61 789
61 792
62 76
62 109
62 161
62 398
62 503
62 513
62 531
62 581
62 670
62 687
62 714
62 845
62 867
63 105
63 106
63 209
63 247
63 262
63 288
63 461
63 482
63 747
63 804
64 17
64 48
64 375
64 385
64 419
64 481
64 534
64 587
64 630
64 737
64 740
64 770
64 951
65 31
65 230
65 453
65 530
65 603
65 637
65 716
65 752
65 786
66 13
66 20
66 71
66 232
66 362
66 364
66 437
66 531
66 689
66 805
66 877
66 979
67 63
67 208
67 219
67 345
67 437
67 546
67 594
67 599
67 611
67 705
67 773
67 814
67 860
68 15
68 70
68 133
68 195
68 577
68 578
68 676
68 710
68 718
68 730
68 785
69 99
69 346
69 388
69 414
69 524
69 704
69 730
69 795
69 796
69 802
69 869
70 125
70 135
70 352
70 526
70 586
70 695
70 715
70 807
70 838
71 310
71 315
71 410
71 659
71 661
71 796
71 862
71 920
71 986
72 196
72 231
72 241
72 268
72 418
72 519
72 637
72 709
72 835
72 880
72 963
73 77
73 360
73 469
73 525
73 619
73 697
73 701
73 841
73 866
73 892
73 940
73 968
74 112
74 217
74 415
74 522
74 645
74 660
74 762
75 33
75 51
75 106
75 112
75 222
75 310
75 378
75 398
75 697
75 699
75 757
75 970
76 32
76 74
76 157
76 240
76 574
76 597
76 821
76 836
76 863
76 956
76 982
77 133
77 210
77 445
77 534
77 685
77 707
77 749
77 774
77 891
78 12
78 17
78 71
78 117
78 251
78 353
78 452
78 476
78 577
78 598
78 904
78 925
78 933
79 154
79 251
79 314
79 442
79 761
79 961
80 94
80 117
80 195
80 408
80 490
80 621
80 658
80 664
80 672
80 951
80 952
80 960
81 92
81 104
81 161
81 226
81 388
81 394
81 507
81 566
81 616
81 634
81 642
81 824
81 921
81 955
82 24
82 28
82 139
82 149
82 400
82 600
82 623
82 672
82 760
82 884
82 902
82 941
83 19
83 38
83 107
83 141
83 233
83 257
83 425
83 650
83 665
83 711
83 763
83 877
84 27
84 73
84 151
84 247
84 403
84 414
84 490
84 583
84 623
84 700
84 734
84 830
84 960
84 984
85 86
85 281
85 351
85 352
85 395
85 403
85 459
85 532
85 895
85 991
86 153
86 346
86 421
86 749
86 900
86 911
86 943
86 989
87 394
87 450
87 551
87 564
87 605
87 632
87 647
87 676
87 815
87 867
88 194
88 227
88 228
88 271
88 282
88 613
88 616
88 777
88 872
88 943
88 991
88 1000
89 63
89 234
89 253
89 349
89 384
89 453
89 485
89 518
89 622
89 712
89 716
89 750
90 5
90 68
90 172
90 225
90 261
90 295
90 349
90 355
90 375
90 474
90 701
90 815
90 842
90 898
90 914
90 952
91 204
91 377
91 387
91 637
91 749
91 791
91 824
91 983
92 6
92 162
92 213
92 344
92 518
92 520
92 659
92 699
92 756
92 922
93 151
93 154
93 222
93 378
93 462
93 538
93 611
93 651
93 783
93 830
93 907
93 997
94 92
94 136
94 328
94 423
94 437
94 494
94 521
94 654
94 661
94 723
94 783
95 207
95 215
95 329
95 544
95 712
95 766
95 993
96 165
96 169
96 346
96 434
96 447
96 519
96 548
96 602
96 609
96 611
96 756
96 776
96 858
96 911
97 65
97 181
97 387
97 389
97 475
97 533
97 577
97 632
97 643
97 697
97 709
97 724
97 760
97 828
97 832
97 844
97 872
97 903
97 970
98 174
98 222
98 235
98 449
98 481
98 536
98 601
98 785
98 844
99 7
99 256
99 303
99 358
99 404
99 607
99 618
99 641
99 777
99 941
100 70
100 77
100 166
100 188
100 524
100 607
100 644
100 711
100 779
100 821
101 140
101 390
101 625
101 900
102 80
102 151
102 374
102 406
102 595
102 847
103 99
103 105
103 119
103 190
103 233
103 255
103 385
103 445
103 468
103 505
103 549
103 801
103 936
104 41
104 53
104 78
104 427
104 467
104 598
104 611
104 641
104 694
104 713
104 844
104 863
104 873
104 874
104 888
104 892
104 947
105 38
105 131
105 153
105 342
105 426
105 431
105 534
105 557
105 723
105 820
106 93
106 128
106 192
106 305
106 380
106 473
106 475
106 566
106 749
106 752
106 960
106 987
107 13
107 35
107 133
107 510
107 606
107 621
107 622
107 657
107 711
107 795
107 986
108 49
108 151
108 203
108 366
108 369
108 413
108 420
108 421
108 427
108 580
108 625
108 705
108 809
108 934
109 165
109 183
109 254
109 402
109 661
109 784
110 23
110 56
110 76
110 234
110 425
110 789
110 877
110 908
111 9
111 28
111 61
111 111
111 136
111 165
111 199
111 301
111 411
111 452
111 620
111 677
111 700
111 806
111 820
111 910
111 925
111 933
112 188
112 392
112 485
112 789
112 931
112 956
112 988
113 69
113 147
113 248
113 255
113 260
113 303
113 635
113 800
113 873
113 948
113 985
113 992
114 174
114 511
114 563
114 587
114 827
114 852
114 869
114 961
114 963
114 972
115 40
115 247
115 376
115 379
115 384
115 607
115 673
115 713
115 844
115 933
116 30
116 98
116 133
116 241
116 243
116 560
116 626
116 663
116 793
117 91
117 473
117 562
117 836
117 838
117 870
117 963
118 126
118 158
118 334
118 339
118 359
118 381
118 427
118 459
118 516
118 538
118 748
118 872
118 899
119 380
119 408
119 570
119 718
119 802
119 848
119 885
119 931
119 957
119 967
120 180
120 281
120 421
120 503
120 586
120 641
120 764
120 883
120 895
121 56
121 102
121 254
121 262
121 414
121 474
121 525
121 613
121 762
121 783
121 807
121 850
121 907
122 169
122 201
122 243
122 357
122 379
122 401
122 454
122 531
122 551
122 659
122 676
122 700
122 808
122 951
122 954
122 992
123 63
123 117
123 218
123 378
123 399
123 414
123 687
123 705
123 746
123 822
123 861
123 967
123 984
124 112
124 309
124 350
124 429
124 570
124 597
124 711
124 876
124 988
125 8
125 168
125 188
125 270
125 271
125 428
125 501
125 553
125 650
125 687
125 754
126 27
126 292
126 404
126 536
126 688
126 807
126 821
126 826
126 969
127 11
127 268
127 274
127 348
127 376
127 502
127 509
127 689
127 805
127 836
128 66
128 71
128 258
128 392
128 399
128 608
129 34
129 129
129 189
129 227
129 316
129 331
129 395
129 456
129 571
129 601
129 922
130 136
130 170
130 189
130 254
130 328
130 416
130 598
130 682
130 842
131 118
131 175
131 218
131 225
131 308
131 410
131 488
131 801
131 925
132 2
132 32
132 188
132 216
132 273
132 424
132 481
132 554
132 584
132 741
132 810
132 980
132 994
133 42
133 61
133 103
133 169
133 271
133 357
133 371
133 384
133 501
133 626
133 702
133 808
133 899
133 975
134 8
134 68
134 84
134 222
134 280
134 297
134 634
134 662
134 688
134 924
134 952
135 41
135 71
135 163
135 173
135 174
135 182
135 358
135 439
135 464
135 822
135 982
136 57
136 74
136 80
136 132
136 180
136 191
136 269
136 591
136 618
136 641
136 811
136 823
136 886
136 900
136 945
136 991
137 18
137 139
137 152
137 170
137 241
137 265
137 350
137 361
137 481
137 599
137 608
137 767
137 906
138 72
138 260
138 302
138 438
138 486
138 523
138 545
138 586
138 661
138 902
138 937
138 941
139 466
139 722
139 732
139 774
139 858
140 13
140 20
140 88
140 153
140 477
140 500
140 589
140 661
140 698
140 705
140 786
140 833
140 840
140 863
140 932
140 939
141 69
141 142
141 473
141 649
141 692
141 898
142 18
142 49
142 103
142 107
142 365
142 394
142 396
142 549
142 652
142 849
142 901
142 902
142 905
142 918
143 249
143 530
143 565
143 582
143 705
143 882
143 984
144 103
144 134
144 320
144 451
144 621
144 768
144 858
144 894
144 949
145 35
145 76
145 193
145 271
145 277
145 413
145 560
145 702
145 715
145 822
145 906
146 50
146 202
146 236
146 330
146 335
146 376
146 514
146 721
146 802
146 916
146 985
147 39
147 59
147 166
147 215
147 287
147 295
147 322
147 377
147 525
147 978
147 986
148 144
148 242
148 578
148 751
148 810
148 821
149 80
149 222
149 317
149 372
149 465
149 493
149 495
149 546
149 668
149 734
149 735
149 764
149 866
150 11
150 91
150 171
150 180
150 224
150 322
150 357
150 401
150 505
150 567
150 836
151 61
151 77
151 247
151 622
151 654
151 725
151 741
151 754
151 795
151 969
151 989
151 991
152 27
152 28
152 158
152 173
152 439
152 617
152 621
152 770
152 821
152 877
153 125
153 157
153 199
153 308
153 350
153 502
153 607
153 644
153 819
153 912
154 291
154 293
154 625
154 712
154 873
154 995
155 35
155 47
155 180
155 359
155 546
155 562
155 619
155 784
155 800
156 91
156 130
156 152
156 156
156 331
156 414
156 499
156 641
156 663
156 869
156 870
156 931
157 12
157 40
157 179
157 304
157 462
157 482
157 611
157 823
157 856
158 153
158 239
158 240
158 281
158 302
158 454
158 459
158 497
158 525
158 581
158 618
158 866
159 65
159 77
159 131
159 161
159 174
159 198
159 203
159 486
159 539
159 643
159 910
160 18
160 45
160 149
160 164
160 264
160 345
160 479
160 584
161 44
161 45
161 163
161 241
161 315
161 491
161 641
161 657
161 917
162 38
162 208
162 274
162 299
162 311
162 426
162 436
162 495
162 593
162 611
162 655
162 698
162 703
162 735
162 896
162 979
163 0
163 64
163 122
163 133
163 161
163 209
163 327
163 366
163 433
163 636
163 663
163 703
164 39
164 43
164 70
164 141
164 146
164 189
164 691
164 836
165 31
165 32
165 90
165 110
165 183
165 194
165 205
165 215
165 281
165 473
165 504
165 682
165 698
165 919
166 42
166 314
166 412
166 462
166 465
166 482
166 492
166 614
167 23
167 264
167 359
167 726
168 138
168 211
168 349
168 473
168 554
168 555
168 571
168 598
168 646
168 922
169 16
169 139
169 156
169 244
169 333
169 352
169 377
169 381
169 395
169 411
169 432
169 447
169 472
169 529
169 616
169 650
169 688
169 826
169 836
170 127
170 146
170 209
170 348
170 456
170 511
170 532
170 538
170 637
170 905
170 955
171 289
171 331
171 364
171 625
171 651
171 679
171 866
171 930
171 933
172 248
172 251
172 261
172 316
172 382
172 675
172 690
173 22
173 260
173 271
173 289
173 566
173 586
173 746
173 925
173 938
174 39
174 121
174 168
174 188
174 429
174 716
174 721
174 807
174 840
174 868
174 940
175 144
175 160
175 195
175 245
175 510
175 650
175 678
175 752
175 882
175 886
176 181
176 232
176 259
176 327
176 349
176 444
176 479
176 528
176 624
176 633
176 690
176 716
176 764
176 862
176 1000
177 95
177 255
177 413
177 618
177 652
177 783
177 786
177 840
177 892
177 907
177 948
178 270
178 443
178 566
178 570
178 603
178 649
178 839
178 893
178 970
179 51
179 81
179 368
179 384
179 444
179 474
179 627
179 642
179 674
179 989
179 997
180 27
180 77
180 171
180 222
180 279
180 449
180 512
180 576
180 600
180 663
180 721
180 725
180 727
180 732
180 947
180 955
181 10
181 146
181 211
181 537
181 652
181 749
181 800
182 59
182 160
182 231
182 354
182 371
182 446
182 614
182 664
182 954
183 7
183 25
183 35
183 77
183 223
183 409
183 579
183 582
183 620
183 648
183 807
184 108
184 188
184 505
184 525
184 722
184 873
184 878
184 883
184 887
184 908
185 111
185 203
185 400
185 431
185 478
185 582
185 593
185 636
185 800
185 853
185 936
186 130
186 224
186 403
186 498
186 518
186 616
186 804
186 913
187 51
187 84
187 115
187 213
187 392
187 519
187 536
187 764
187 922
187 943
188 6
188 11
188 27
188 40
188 50
188 126
188 158
188 214
188 225
188 231
188 250
188 465
188 501
188 599
188 744
188 963
189 65
189 77
189 150
189 219
189 322
189 391
189 597
189 609
189 781
189 793
189 923
189 938
189 993
190 40
190 200
190 212
190 219
190 227
190 245
190 359
190 387
190 394
190 568
190 613
190 671
190 717
190 721
190 977
191 43
191 82
191 148
191 244
191 345
191 450
191 532
191 734
191 741
192 72
192 141
192 210
192 448
192 481
192 858
193 8
193 73
193 202
193 214
193 394
193 738
193 849
193 886
194 10
194 30
194 38
194 167
194 189
194 384
194 420
194 536
194 619
194 843
195 157
195 188
195 397
195 429
195 525
195 550
195 624
195 757
195 780
195 857
195 974
196 29
196 42
196 188
196 473
196 499
196 590
196 600
196 743
196 851
196 944
196 959
197 19
197 36
197 47
197 60
197 224
197 389
197 399
197 414
197 422
197 427
197 577
197 580
197 856
197 890
197 932
198 42
198 822
198 943
199 156
199 174
199 592
199 636
199 762
199 779
199 982
200 3
200 76
200 273
200 275
200 284
200 411
200 544
200 707
200 861
201 153
201 504
201 758
201 786
201 947
202 22
202 183
202 251
202 400
202 434
202 560
202 643
202 739
202 780
202 894
202 911
202 918
203 6
203 9
203 159
203 406
203 560
203 623
203 690
203 722
203 728
203 810
204 11
204 46
204 56
204 597
204 603
204 704
204 781
204 787
204 867
204 934
205 73
205 107
205 341
205 429
205 444
205 699
205 709
205 989
206 181
206 247
206 253
206 406
206 522
206 758
206 862
206 905
206 939
207 19
207 79
207 290
207 335
207 384
207 600
207 868
207 920
207 996
208 10
208 242
208 430
208 805
208 996
209 192
209 265
209 343
209 356
209 392
209 395
209 524
209 670
209 775
209 824
210 90
210 94
210 187
210 720
210 725
210 744
210 799
211 52
211 173
211 512
211 744
211 763
211 883
211 989
212 75
212 90
212 104
212 279
212 598
212 629
212 645
212 665
213 138
213 222
213 426
213 875
213 908
213 922
214 171
214 196
214 305
214 440
214 525
214 590
214 799
214 899
215 407
215 415
215 601
215 762
215 916
215 989
216 26
216 352
216 377
216 578
216 728
216 847
216 862
216 904
216 922
216 969
217 269
217 389
217 413
217 610
217 631
217 632
217 640
217 680
217 798
217 857
217 871
217 961
218 10
218 179
218 351
218 463
218 491
218 526
218 629
218 841
218 972
219 86
219 570
219 657
219 800
219 832
219 972
219 978
220 5
220 28
220 73
220 293
220 380
220 493
220 542
220 618
220 849
221 309
221 467
221 635
221 649
221 682
221 709
221 929
221 982
221 983
221 986
222 310
222 381
222 611
222 649
222 675
222 760
222 770
223 25
223 103
223 217
223 219
223 458
223 512
223 658
223 660
223 737
223 771
223 932
223 949
224 9
224 20
224 319
224 386
224 441
224 477
224 573
224 670
224 746
224 752
224 867
224 882
224 934
224 980
225 111
225 254
225 326
225 360
225 644
225 686
225 779
225 800
225 819
226 12
226 99
226 258
226 480
226 523
226 560
226 582
226 648
226 700
226 703
226 758
226 954
227 281
227 556
227 559
227 725
227 752
227 789
227 856
228 69
228 296
228 329
228 341
228 428
228 440
228 531
228 683
228 779
228 780
228 789
228 909
228 934
229 214
229 346
229 550
229 786
229 795
229 838
230 29
230 48
230 218
230 256
230 409
230 623
230 693
230 900
231 290
231 327
231 451
231 459
231 539
231 693
231 869
231 896
232 107
232 149
232 253
232 350
232 369
232 713
232 736
232 771
232 856
233 6
233 114
233 296
233 297
233 407
233 463
233 555
233 625
233 638
233 796
233 972
234 193
234 245
234 259
234 377
234 526
234 568
234 707
234 826
234 873
234 931
235 333
235 441
235 815
235 905
235 962
235 978
236 26
236 126
236 351
236 427
236 581
236 670
236 820
236 841
237 70
237 357
237 383
237 404
237 527
237 748
238 727
238 837
239 163
239 259
239 530
239 772
239 964
240 1
240 6
240 49
240 130
240 202
240 363
240 496
240 911
241 114
241 143
241 196
241 204
241 289
241 294
241 464
241 495
241 540
241 735
241 744
241 807
241 877
242 22
242 180
242 193
242 208
242 280
242 375
242 392
242 519
242 588
242 804
242 903
242 993
243 31
243 92
243 161
243 197
243 218
243 331
243 539
243 668
243 740
243 825
243 894
243 911
244 12
244 203
244 221
244 535
244 628
244 649
244 725
244 765
244 792
244 892
244 914
245 51
245 203
245 442
245 656
245 713
245 719
245 840
246 62
246 368
246 515
246 536
246 600
246 605
246 694
246 742
246 879
246 890
246 958
247 138
247 480
247 621
247 663
248 19
248 122
248 226
248 227
248 421
248 436
248 443
248 449
248 470
248 481
248 537
248 578
248 658
248 772
248 847
248 989
249 20
249 39
249 115
249 128
249 312
249 363
249 538
249 650
249 761
249 820
249 965
250 229
250 304
250 315
250 445
250 547
250 555
250 612
250 622
250 623
250 636
250 680
250 723
250 891
250 897
250 936
251 11
251 30
251 39
251 69
251 160
251 328
251 671
251 709
251 746
251 749
251 768
251 873
251 938
252 80
252 83
252 87
252 124
252 185
252 239
252 249
252 405
252 408
252 414
252 419
252 587
252 719
252 731
252 824
252 953
252 974
253 4
253 18
253 89
253 114
253 202
253 404
253 425
253 483
253 506
253 583
253 588
253 679
253 755
253 760
254 138
254 209
254 316
254 517
254 588
254 659
254 704
254 765
254 849
255 57
255 275
255 278
255 367
255 440
255 484
255 625
255 701
256 57
256 175
256 206
256 260
256 304
256 323
256 345
256 519
256 565
256 639
256 641
256 668
256 785
256 839
257 272
257 291
257 293
257 349
257 693
257 860
257 976
258 117
258 232
258 620
258 655
258 669
258 730
258 779
259 36
259 65
259 121
259 518
259 650
259 685
259 800
259 878
259 968
260 301
260 523
260 533
260 559
260 589
260 609
260 613
260 632
260 763
260 807
260 873
260 935
261 27
261 107
261 354
261 369
261 394
261 429
261 659
261 709
261 723
261 927
261 946
262 7
262 70
262 108
262 323
262 369
262 511
262 557
262 619
262 669
262 693
262 847
262 913
263 156
263 160
263 205
263 275
263 596
263 653
263 685
263 689
263 695
263 836
263 942
263 962
264 47
264 71
264 180
264 513
264 537
264 798
264 804
264 874
264 940
265 49
265 79
265 188
265 281
265 347
265 477
265 630
265 692
265 709
265 825
265 938
265 989
266 427
266 441
266 893
267 16
267 200
267 209
267 383
267 433
267 494
267 532
267 534
267 668
267 747
267 868
267 989
267 992
268 13
268 247
268 258
268 409
268 420
268 470
268 642
268 774
269 47
269 285
269 330
269 387
269 593
269 605
269 623
269 659
269 714
269 788
270 320
270 339
270 389
270 517
270 672
270 855
270 923
270 940
270 997
271 314
271 407
271 585
271 634
271 812
271 914
272 55
272 67
272 114
272 200
272 285
272 315
272 328
272 353
272 532
272 563
272 714
272 718
272 734
273 23
273 267
273 280
273 309
273 391
273 440
273 527
273 590
273 720
273 891
274 19
274 146
274 245
274 283
274 414
274 478
274 666
274 670
274 707
274 721
274 846
274 902
274 993
275 80
275 305
275 491
275 575
275 707
275 806
275 836
275 862
275 967
276 37
276 103
276 150
276 186
276 286
276 310
276 367
276 424
276 550
276 603
276 616
276 646
276 733
276 770
276 835
276 865
276 877
276 887
277 123
277 124
277 201
277 222
277 596
277 631
277 724
277 752
277 925
278 226
278 240
278 261
278 301
278 588
278 706
279 73
279 91
279 130
279 270
279 674
279 703
279 734
279 736
279 748
279 758
279 851
279 932
279 967
280 283
280 316
280 473
280 518
280 896
280 960
281 72
281 242
281 339
281 524
281 566
281 615
281 666
281 794
281 824
281 973
282 109
282 213
282 247
282 291
282 360
282 373
282 428
282 442
282 639
282 760
282 797
282 835
282 875
282 879
283 184
283 227
283 269
283 289
283 342
283 408
283 422
283 505
283 589
283 717
283 849
283 970
284 135
284 151
284 224
284 242
284 302
284 338
284 420
284 579
284 721
284 731
284 827
285 41
285 48
285 201
285 208
285 229
285 379
285 451
285 477
285 557
285 700
285 866
285 903
286 26
286 155
286 270
286 351
286 393
286 695
287 103
287 246
287 315
287 335
287 441
287 462
287 473
287 515
287 541
287 550
287 617
287 645
288 197
288 397
288 509
288 556
288 602
288 609
288 743
288 970
289 50
289 191
289 231
289 346
289 445
289 451
289 536
289 585
289 977
290 38
290 81
290 86
290 641
290 749
290 947
291 51
291 496
291 568
291 668
291 683
291 819
291 838
291 929
292 61
292 169
292 341
292 773
292 796
292 867
292 1000
293 360
293 504
293 645
293 755
293 968
294 16
294 52
294 225
294 370
294 392
294 524
294 555
294 658
294 716
294 777
294 894
295 102
295 177
295 454
295 465
295 492
295 514
295 644
295 798
295 928
296 96
296 380
296 409
296 419
296 465
296 476
296 546
296 650
296 779
296 835
296 861
296 899
296 999
297 38
297 60
297 77
297 79
297 150
297 264
297 277
297 419
297 522
297 601
297 698
297 715
297 866
297 930
298 41
298 205
298 462
298 533
298 639
298 839
298 898
298 917
298 967
298 969
299 140
299 178
299 199
299 799
299 843
299 921
299 942
300 256
300 286
300 333
300 835
300 923
300 997
301 58
301 89
301 256
301 396
301 404
301 491
301 558
301 692
301 769
301 813
302 66
302 142
302 221
302 275
302 284
302 383
302 426
302 541
302 577
302 687
302 926
302 979
302 984
303 34
303 73
303 250
303 332
303 336
303 395
303 421
303 426
303 491
303 508
303 666
303 856
303 936
303 972
303 988
304 27
304 64
304 394
304 400
304 409
304 669
304 744
304 999
305 19
305 124
305 181
305 182
305 314
305 383
305 393
305 404
305 413
305 420
305 514
305 519
305 655
306 49
306 231
306 254
306 298
306 377
306 407
306 578
306 727
306 759
306 876
307 67
307 99
307 177
307 329
307 475
307 594
307 663
307 668
307 703
307 923
308 52
308 123
308 227
308 325
308 437
308 455
308 529
308 616
308 652
308 739
308 826
308 828
308 865
308 890
308 987
308 1000
309 0
309 23
309 27
309 127
309 246
309 249
309 381
309 432
309 471
309 499
309 661
309 765
309 901
309 924
309 972
310 171
310 299
310 354
310 540
310 571
310 584
310 718
310 755
311 16
311 107
311 635
311 907
312 97
312 198
312 248
312 292
312 340
312 374
312 386
312 396
312 540
312 577
312 581
312 811
312 829
313 174
313 392
313 459
313 487
313 753
313 858
313 874
313 893
313 922
314 332
314 446
314 509
314 564
314 590
314 704
314 866
314 905
314 958
314 978
315 97
315 260
315 363
315 520
315 619
315 641
315 724
315 783
315 810
315 843
315 860
315 864
316 6
316 28
316 37
316 212
316 288
316 467
316 803
316 815
316 822
316 970
317 24
317 127
317 191
317 261
317 267
317 277
317 355
317 368
317 451
317 600
317 711
317 737
318 39
318 99
318 105
318 226
318 446
318 611
318 927
318 959
319 70
319 224
319 394
319 457
319 535
319 611
319 661
319 677
319 701
319 805
319 914
319 971
319 994
320 4
320 237
320 258
320 382
320 450
320 579
320 601
320 751
320 755
320 797
320 811
320 841
320 883
320 894
321 63
321 202
321 301
321 413
321 447
321 469
321 482
321 704
321 758
321 766
321 830
321 958
322 88
322 205
322 426
322 478
322 511
322 596
322 694
322 801
322 875
323 78
323 161
323 165
323 320
323 335
323 448
323 472
323 499
323 652
323 690
323 995
324 56
324 101
324 160
324 177
324 253
324 264
324 270
324 292
324 328
324 361
324 471
324 484
324 503
324 625
324 793
324 858
324 881
324 894
325 13
325 54
325 63
325 332
325 456
325 475
325 514
325 562
325 628
325 641
325 842
325 865
325 937
326 20
326 116
326 219
326 375
326 482
326 772
326 850
326 911
327 190
327 227
327 290
327 340
327 432
327 760
327 774
327 798
327 806
328 132
328 269
328 290
328 298
328 474
328 614
328 726
329 3
329 100
329 137
329 225
329 481
329 606
330 26
330 66
330 87
330 147
330 514
330 551
330 845
330 953
331 87
331 161
331 241
331 410
331 552
331 586
331 668
332 218
332 422
332 457
332 541
332 561
332 755
332 894
333 216
333 332
333 539
333 650
333 664
333 686
333 724
333 737
333 933
334 0
334 364
334 495
334 559
334 650
335 101
335 108
335 174
335 297
335 365
335 477
335 497
335 562
335 607
335 705
335 730
335 855
335 993
336 206
336 264
336 294
336 304
336 364
336 459
336 630
336 684
336 800
336 860
336 894
337 9
337 111
337 140
337 254
337 257
337 392
337 410
337 569
337 733
337 748
337 771
337 805
337 839
337 925
337 966
337 995
338 129
338 244
338 340
338 539
338 616
338 654
338 679
338 752
338 854
338 967
339 92
339 108
339 322
339 387
339 441
339 466
339 472
339 485
339 646
339 862
339 896
340 168
340 187
340 322
340 396
340 556
340 751
340 869
340 985
341 125
341 151
341 218
341 327
341 418
341 524
341 561
341 600
341 711
341 820
341 903
342 62
342 120
342 515
342 577
342 597
342 709
342 844
342 854
342 858
342 865
342 925
342 947
343 239
343 353
343 396
343 473
343 494
343 505
343 524
343 543
343 607
343 917
344 4
344 90
344 119
344 284
344 604
344 728
344 734
344 979
345 241
345 278
345 286
345 289
345 352
345 363
345 432
345 447
345 584
345 612
345 627
345 788
345 794
345 799
345 857
345 972
345 994
346 290
346 457
346 477
346 532
346 547
346 624
346 788
346 790
346 799
346 801
346 812
346 821
346 963
346 993
347 121
347 333
347 335
347 386
347 388
347 450
347 608
347 685
347 798
347 802
347 1000
348 19
348 177
348 339
348 551
348 601
348 608
348 657
348 722
348 772
348 795
348 917
348 996
349 52
349 268
349 321
349 356
349 621
349 634
349 702
349 727
349 776
349 807
349 818
350 259
350 274
350 441
350 460
350 668
350 682
350 751
351 151
351 237
351 272
351 320
351 462
351 469
351 514
351 518
351 742
351 804
351 876
352 227
352 367
352 589
352 883
352 950
352 960
353 84
353 132
353 183
353 189
353 236
353 347
353 428
353 443
353 902
353 912
353 933
353 960
354 109
354 146
354 252
354 304
354 402
354 589
354 656
354 696
354 700
354 782
354 971
355 53
355 203
355 271
355 303
355 509
355 565
355 646
355 735
355 772
355 912
355 915
355 924
356 269
356 317
356 342
356 396
356 685
356 702
357 24
357 49
357 194
357 286
357 316
357 420
357 471
357 549
357 688
357 695
357 792
357 975
358 143
358 395
359 188
359 198
359 209
359 384
359 403
359 424
359 527
359 709
359 712
359 781
359 849
359 901
359 962
360 53
360 95
360 150
360 386
360 439
360 473
360 622
360 743
360 816
360 854
360 950
361 76
361 117
361 357
361 470
361 580
361 660
361 736
361 810
361 832
361 899
362 23
362 78
362 80
362 165
362 258
362 277
362 562
362 656
362 843
362 942
362 985
363 24
363 139
363 218
363 333
363 471
363 590
363 735
363 894
363 898
364 22
364 54
364 171
364 275
364 300
364 377
364 410
364 435
364 482
364 590
364 707
364 734
364 825
365 35
365 56
365 92
365 174
365 252
365 266
365 449
365 519
365 557
365 687
365 755
365 835
365 965
365 982
366 10
366 55
366 110
366 347
366 472
366 502
366 531
366 655
366 762
366 769
366 825
366 955
367 193
367 286
367 499
367 504
367 860
368 53
368 64
368 165
368 598
368 817
369 95
369 133
369 381
369 447
369 513
369 535
369 735
369 786
369 789
370 26
370 29
370 202
370 459
370 533
370 655
370 717
370 915
370 944
370 954
371 46
371 47
371 137
371 197
371 394
371 445
371 649
371 659
371 858
371 930
372 4
372 44
372 118
372 770
372 812
373 29
373 216
373 280
373 307
373 313
373 468
373 485
373 506
373 621
373 702
373 804
373 953
374 301
374 339
374 381
374 389
374 480
374 526
374 678
374 725
374 801
374 833
374 875
374 947
374 948
375 36
375 201
375 205
375 489
375 607
375 673
375 726
375 770
375 786
375 830
375 956
375 997
376 60
376 70
376 124
376 133
376 347
377 384
377 563
377 769
377 995
378 259
378 298
378 630
378 816
378 853
379 49
379 458
379 775
379 783
379 843
379 888
379 944
380 43
380 112
380 166
380 228
380 290
380 298
380 407
380 711
380 732
380 775
380 832
380 880
380 1000
381 59
381 90
381 325
381 326
381 340
381 395
381 429
381 558
381 651
381 877
381 948
381 976
382 220
382 265
382 284
382 500
382 577
382 636
382 691
382 696
382 705
382 831
382 842
382 870
383 39
383 41
383 51
383 121
383 224
383 357
383 386
383 467
383 618
383 623
383 874
384 77
384 110
384 162
384 218
384 275
384 395
384 559
384 647
384 659
384 666
384 730
384 795
384 889
384 949
384 990
385 64
385 156
385 224
385 368
385 382
385 409
385 514
385 533
385 707
385 731
385 769
385 824
385 901
385 967
386 23
386 34
386 37
386 54
386 241
386 313
386 359
386 411
386 419
386 446
386 850
386 916
386 927
386 993
387 14
387 43
387 120
387 218
387 240
387 485
387 530
387 583
387 757
387 785
387 811
387 850
387 900
387 954
388 101
388 238
388 264
388 304
388 575
388 917
388 919
389 140
389 178
389 485
389 496
389 565
389 575
389 616
389 718
389 721
389 850
389 864
390 0
390 24
390 34
390 76
390 230
390 313
390 317
390 374
390 433
390 462
390 668
390 693
390 749
390 783
390 939
390 1000
391 20
391 106
391 114
391 423
391 427
391 446
391 559
391 565
391 622
391 784
391 866
392 245
392 330
392 528
392 571
392 630
392 658
392 734
392 738
392 904
392 931
393 6
393 322
393 398
393 522
393 681
393 737
393 948
393 980
394 33
394 53
394 385
394 408
394 511
394 673
394 893
394 984
395 48
395 60
395 123
395 247
395 289
395 349
395 548
395 645
395 696
395 725
396 108
396 166
396 256
396 333
396 556
396 599
396 709
396 730
396 833
396 882
396 981
397 39
397 54
397 256
397 507
397 571
397 833
397 886
397 915
397 958
397 976
398 124
398 181
398 354
398 363
398 469
398 533
398 542
398 543
398 552
398 659
398 760
398 773
398 828
399 100
399 106
399 116
399 234
399 307
399 643
399 714
399 733
399 984
400 241
400 440
400 585
400 591
400 594
400 768
401 65
401 286
401 309
401 452
401 458
401 488
401 541
401 661
401 792
401 879
402 80
402 247
402 343
402 569
402 582
402 667
402 772
402 849
402 874
402 911
402 945
402 963
403 194
403 404
403 457
403 538
403 747
403 975
404 241
404 249
404 315
404 320
404 403
404 405
404 495
404 850
404 861
404 935
405 147
405 190
405 350
405 584
405 698
405 854
405 864
405 883
405 923
405 947
406 9
406 140
406 312
406 321
406 344
406 357
406 450
406 829
406 894
407 464
407 613
407 641
407 914
408 124
408 539
408 568
408 587
408 674
408 748
408 756
408 893
408 978
409 74
409 107
409 321
409 717
409 758
409 840
409 851
409 949
410 123
410 545
410 582
410 590
410 615
410 655
410 752
410 774
411 3
411 181
411 222
411 231
411 406
411 540
411 660
411 717
411 784
411 839
411 992
411 993
412 21
412 155
412 195
412 374
412 443
412 491
412 767
412 776
412 777
412 803
412 880
412 962
413 100
413 125
413 152
413 315
413 370
413 392
413 514
413 588
413 617
413 743
413 746
413 824
414 38
414 57
414 208
414 220
414 337
414 375
414 391
414 399
414 443
414 493
414 698
414 868
414 894
414 952
415 12
415 168
415 559
415 572
415 600
415 606
415 620
415 699
415 776
415 811
415 836
415 984
416 53
416 295
416 377
416 449
416 516
416 723
417 61
417 190
417 195
417 339
417 470
417 512
417 618
417 639
417 852
417 924
418 223
418 310
418 314
418 386
418 438
418 472
418 653
418 692
418 707
418 793
418 826
418 850
418 954
418 958
419 75
419 143
419 413
419 425
419 539
419 545
419 821
419 918
420 41
420 59
420 156
420 180
420 339
420 364
420 412
420 516
420 630
420 683
420 815
421 91
421 99
421 130
421 245
421 334
421 510
421 515
421 522
421 530
421 603
421 747
421 759
421 763
421 818
421 874
422 8
422 46
422 228
422 312
422 457
422 479
422 565
422 598
422 605
422 620
422 696
422 712
422 843
422 848
422 965
423 15
423 55
423 175
423 431
423 471
423 603
423 654
423 682
423 701
423 724
423 983
424 78
424 121
424 164
424 204
424 238
424 270
424 418
424 480
424 513
424 561
424 593
424 599
424 645
424 792
425 364
425 488
425 794
425 862
425 880
426 108
426 164
426 346
426 360
426 447
426 688
426 840
426 932
427 20
427 116
427 124
427 184
427 323
427 331
427 385
427 858
428 66
428 73
428 104
428 335
428 430
428 438
428 449
428 501
428 554
428 576
429 301
429 382
429 407
429 562
429 573
429 581
429 769
429 967
430 40
430 136
430 282
430 323
430 342
430 410
430 499
430 761
431 49
431 68
431 85
431 101
431 114
431 152
431 227
431 320
431 504
431 553
431 663
431 751
431 849
432 262
432 266
432 336
432 360
432 441
432 462
432 566
432 609
432 675
432 791
432 860
432 969
433 158
433 245
433 286
433 324
433 350
433 404
433 474
433 498
433 702
433 746
433 981
434 308
434 456
434 547
434 651
434 748
434 750
434 835
434 906
435 26
435 75
435 251
435 289
435 366
435 771
436 163
436 239
436 242
436 257
436 331
436 459
436 553
436 860
436 944
437 173
437 470
437 534
437 652
437 689
437 802
437 953
438 32
438 45
438 166
438 312
438 413
438 630
438 824
438 927
438 934
439 143
439 166
439 315
439 591
439 670
439 672
439 888
440 19
440 178
440 458
440 490
440 526
440 571
441 125
441 236
441 242
441 304
441 424
441 647
441 737
441 816
442 32
442 48
442 158
442 259
442 283
442 487
442 540
442 705
442 745
442 891
443 143
443 163
443 250
443 419
443 452
443 615
443 780
443 853
443 857
443 867
443 886
443 933
444 7
444 11
444 151
444 152
444 173
444 226
444 385
444 416
444 521
444 584
444 672
444 803
444 871
444 977
445 286
445 294
445 316
445 325
445 410
445 487
445 555
445 636
445 681
445 741
445 776
445 815
445 862
445 939
445 966
446 183
446 198
446 200
446 261
446 458
446 716
446 785
446 795
446 799
447 177
447 294
447 380
447 535
447 564
447 751
447 844
447 919
447 928
447 970
448 28
448 172
448 242
448 475
448 508
448 568
448 637
448 712
448 812
448 825
448 915
449 2
449 49
449 433
449 522
449 748
449 781
449 808
449 978
450 18
450 111
450 262
450 319
450 406
450 488
450 512
450 584
450 674
451 124
451 191
451 280
451 400
451 500
451 532
451 624
451 628
451 762
451 809
451 925
451 986
452 270
452 354
452 393
452 544
452 628
452 637
452 706
452 911
452 942
453 45
453 77
453 100
453 190
453 323
453 363
453 437
453 462
453 501
453 707
453 746
453 821
453 890
453 965
454 237
454 305
454 671
454 675
454 681
455 3
455 32
455 66
455 191
455 284
455 451
455 498
455 637
455 676
455 843
456 22
456 145
456 209
456 245
456 449
456 572
456 608
456 638
456 740
456 846
456 928
457 73
457 164
457 174
457 324
457 721
457 793
457 816
457 859
458 3
458 134
458 422
458 442
458 485
458 546
458 601
458 723
458 840
458 899
458 918
459 10
459 30
459 588
459 643
459 663
459 766
459 780
460 43
460 215
460 507
460 650
460 753
460 772
460 839
460 886
460 984
461 160
461 267
461 352
461 398
461 862
461 905
461 966
462 292
462 481
462 587
462 602
462 651
462 805
463 148
463 154
463 227
463 250
463 530
463 550
463 588
463 710
463 982
464 70
464 81
464 219
464 335
464 378
464 460
464 467
464 503
464 558
464 658
464 692
464 741
464 876
464 886
465 360
465 728
465 748
465 778
465 830
465 889
465 936
465 975
466 48
466 133
466 136
466 202
466 310
466 430
466 639
466 673
466 801
466 819
466 839
467 6
467 102
467 108
467 175
467 253
467 356
467 375
467 624
467 656
467 818
467 981
467 986
468 126
468 167
468 199
468 221
468 279
468 429
468 482
468 514
468 534
468 554
468 591
468 634
468 700
468 839
468 938
469 71
469 177
469 297
469 476
469 486
469 642
469 787
469 897
469 981
470 20
470 40
470 107
470 172
470 176
470 356
470 410
470 470
470 658
470 717
470 729
470 986
471 4
471 22
471 51
471 95
471 160
471 255
471 315
471 333
471 635
471 776
471 805
471 875
471 953
471 973
471 988
471 991
472 4
472 54
472 413
472 576
472 617
472 872
472 931
473 55
473 191
473 339
473 442
473 507
473 529
473 570
473 601
473 794
473 822
473 904
473 998
474 80
474 85
474 110
474 327
474 348
474 487
474 567
474 766
474 917
474 971
475 2
475 24
475 346
475 410
475 623
475 783
475 844
475 906
475 990
476 104
476 404
476 436
476 554
476 706
476 992
477 98
477 116
477 141
477 335
477 343
477 529
477 537
477 570
477 655
477 778
477 877
478 22
478 24
478 95
478 247
478 290
478 429
478 758
478 790
478 796
478 905
479 46
479 177
479 199
479 295
479 314
479 657
479 738
479 812
479 905
479 964
480 63
480 332
480 519
480 588
480 843
480 894
480 965
481 381
481 396
481 418
481 457
481 505
481 539
481 591
481 634
481 691
481 811
481 880
482 262
482 401
482 422
482 455
482 765
482 779
482 843
482 891
482 917
482 927
483 9
483 85
483 132
483 147
483 333
483 501
483 577
483 579
483 694
483 828
483 891
483 943
484 283
484 505
484 530
484 676
484 781
484 985
485 306
485 313
485 487
485 594
485 655
485 770
485 799
485 839
485 862
485 916
486 84
486 133
486 188
486 261
486 271
486 315
486 543
486 580
486 610
486 678
486 923
486 978
487 99
487 159
487 165
487 433
487 547
487 670
487 727
487 746
488 381
488 403
488 412
488 470
488 550
488 648
488 757
488 838
488 877
489 14
489 94
489 309
489 397
489 446
489 472
489 483
489 513
489 844
489 981
490 22
490 72
490 112
490 184
490 344
490 374
490 444
490 536
490 569
490 900
490 918
490 982
491 1
491 159
491 297
491 330
491 437
491 469
491 496
491 525
491 535
491 616
491 960
492 128
492 142
492 167
492 212
492 989
493 24
493 33
493 45
493 79
493 140
493 186
493 435
493 673
493 688
493 975
494 19
494 133
494 228
494 249
494 255
494 351
494 373
494 454
494 577
494 588
494 624
494 875
494 935
494 945
494 987
495 115
495 196
495 299
495 317
495 524
495 561
495 794
495 799
495 813
495 884
495 946
496 54
496 171
496 176
496 185
496 233
496 420
496 572
496 601
496 900
496 992
497 5
497 179
497 283
497 425
497 573
497 601
497 628
497 736
497 885
497 912
497 959
498 65
498 225
498 252
498 322
498 403
498 513
498 720
498 737
498 936
498 958
499 2
499 30
499 76
499 115
499 122
499 136
499 141
499 369
499 374
499 807
499 910
500 95
500 136
500 157
500 195
500 266
500 456
500 490
500 498
500 527
500 686
500 739
500 804
500 932
500 936
500 958
501 25
501 143
501 216
501 300
501 742
501 799
501 906
502 8
502 62
502 118
502 147
502 176
502 222
502 437
502 605
502 907
503 70
503 489
503 640
503 677
503 746
503 884
503 910
504 173
504 660
504 845
504 938
504 941
505 95
505 150
505 203
505 280
505 297
505 325
505 422
505 425
505 525
505 656
505 783
505 836
505 949
506 90
506 218
506 245
506 379
506 433
506 593
506 615
506 716
506 904
507 142
507 179
507 313
507 605
507 780
507 787
507 792
507 814
507 879
507 895
507 918
508 12
508 150
508 152
508 187
508 311
508 533
509 24
509 117
509 125
509 263
509 269
509 297
509 412
509 470
509 564
509 565
509 621
509 666
509 773
509 783
509 908
509 929
509 938
509 995
510 94
510 159
510 219
510 267
510 439
510 501
510 621
510 633
510 752
510 766
510 926
510 951
511 56
511 81
511 141
511 160
511 431
511 703
511 747
512 40
512 61
512 72
512 93
512 173
512 403
512 460
512 644
512 808
512 871
512 879
512 894
512 940
513 229
513 275
513 499
513 997
514 108
514 219
514 330
514 520
514 753
514 778
514 832
514 854
514 913
515 83
515 151
515 152
515 163
515 437
515 588
515 764
515 938
516 3
516 106
516 225
516 265
516 302
516 431
516 542
516 617
516 623
516 750
516 928
517 236
517 239
517 281
517 390
517 421
517 479
517 495
517 633
517 997
518 52
518 154
518 196
518 432
518 704
519 89
519 129
519 196
519 261
519 299
519 352
519 419
519 441
519 451
519 481
519 530
519 718
519 741
519 773
519 774
519 784
519 850
519 887
519 986
520 134
520 149
520 245
520 375
520 439
520 447
520 494
520 520
520 753
520 935
521 38
521 123
521 124
521 142
521 206
521 334
521 339
521 355
521 405
521 498
521 645
521 658
521 800
521 872
521 924
522 24
522 28
522 171
522 269
522 284
522 385
522 745
522 752
522 950
522 989
523 98
523 495
523 512
523 570
523 605
523 962
524 109
524 124
524 303
524 306
524 463
524 501
524 667
525 69
525 105
525 130
525 248
525 293
525 386
525 475
525 533
525 614
525 663
525 715
525 780
525 783
525 786
526 224
526 372
526 398
526 655
526 744
527 124
527 299
527 424
527 532
527 798
527 809
527 832
527 898
527 1000
528 244
528 381
528 410
528 454
528 607
528 650
528 741
528 867
528 885
528 903
528 904
529 321
529 406
529 513
529 567
529 710
529 749
529 903
529 959
529 999
530 27
530 46
530 160
530 165
530 383
530 438
530 741
530 803
530 948
531 76
531 206
531 278
531 323
531 368
531 415
531 451
531 599
531 624
531 685
531 758
531 853
532 40
532 44
532 376
532 407
532 591
532 608
532 659
532 746
532 814
532 885
532 901
533 78
533 80
533 291
533 322
533 345
533 402
533 424
533 512
533 524
533 661
533 764
533 772
533 787
533 861
533 871
533 930
533 951
533 963
533 976
534 141
534 420
534 431
534 466
534 502
534 676
534 806
534 889
535 41
535 47
535 55
535 168
535 360
535 389
535 401
535 418
535 486
535 547
535 738
535 770
535 925
535 976
536 0
536 153
536 155
536 241
536 254
536 427
536 496
536 524
536 632
536 640
536 654
536 662
536 760
536 901
536 917
537 217
537 285
537 553
537 624
537 761
537 798
537 806
537 852
537 884
537 897
537 919
537 943
538 63
538 295
538 322
538 468
538 481
538 632
539 1
539 115
539 214
539 228
539 241
539 273
539 314
539 427
539 445
539 598
539 853
539 908
539 909
539 967
540 33
540 35
540 329
540 472
540 582
540 602
540 671
540 802
540 859
541 3
541 76
541 140
541 148
541 162
541 447
541 482
541 545
541 669
541 686
541 707
541 749
541 845
541 941
541 975
542 188
542 288
542 349
542 509
542 518
542 987
543 25
543 111
543 123
543 162
543 239
543 322
543 414
543 505
543 817
543 868
543 874
543 891
544 59
544 131
544 153
544 181
544 232
544 289
544 305
544 346
544 539
544 637
544 639
544 678
544 718
545 130
545 235
545 284
545 325
545 355
545 373
545 381
545 621
545 661
545 787
545 807
545 845
545 926
545 927
545 975
546 96
546 269
546 271
546 298
546 326
546 337
546 341
546 446
546 495
546 563
546 574
546 678
546 713
546 846
546 898
546 933
547 20
547 58
547 131
547 176
547 199
547 293
547 445
547 452
547 457
547 653
547 737
547 776
547 808
548 33
548 207
548 208
548 447
548 478
548 678
548 868
548 881
549 51
549 84
549 168
549 260
549 736
549 784
549 891
550 91
550 146
550 221
550 252
550 417
550 516
550 608
550 710
550 842
550 988
551 36
551 190
551 251
551 349
551 510
551 797
551 921
551 923
552 154
552 157
552 231
552 233
552 337
552 387
552 400
552 403
552 414
552 567
552 598
552 836
552 941
552 993
553 119
553 167
553 208
553 271
553 374
553 391
553 414
553 481
553 598
553 672
554 85
554 148
554 226
554 368
554 540
554 766
554 795
554 811
554 884
555 140
555 230
555 245
555 413
555 511
555 668
555 899
555 952
556 54
556 75
556 445
556 480
556 537
556 847
556 967
557 17
557 59
557 114
557 151
557 314
557 441
557 457
557 566
557 604
557 724
557 842
557 884
557 961
558 52
558 112
558 177
558 194
558 208
558 278
558 280
558 693
558 810
559 125
559 260
559 270
559 299
559 436
559 591
559 622
559 659
559 678
560 35
560 144
560 145
560 403
560 498
560 610
560 777
560 827
561 155
561 371
561 416
561 432
561 608
562 189
562 302
562 453
562 497
562 548
562 550
562 575
562 762
562 814
562 900
562 912
562 922
562 936
563 98
563 156
563 158
563 161
563 225
563 420
563 459
563 482
563 495
563 499
563 596
563 619
563 655
563 663
563 666
563 684
563 687
563 729
563 831
563 981
564 208
564 298
564 303
564 570
564 602
564 736
565 218
565 302
565 629
565 766
565 850
565 858
566 107
566 339
566 538
566 599
566 965
567 17
567 89
567 252
567 265
567 632
567 649
567 793
567 846
567 905
567 921
567 928
567 929
568 45
568 134
568 147
568 153
568 263
568 308
568 363
568 580
568 689
568 727
568 754
568 764
568 838
568 840
568 913
568 935
568 965
569 3
569 80
569 156
569 165
569 200
569 365
569 387
569 559
569 577
569 874
569 917
569 993
570 52
570 174
570 294
570 341
570 347
570 473
570 488
570 499
570 654
570 772
570 931
571 39
571 114
571 266
571 308
571 319
571 634
571 723
571 833
571 853
571 973
571 997
572 5
572 67
572 70
572 104
572 146
572 434
572 546
572 609
572 687
572 719
572 740
572 924
573 39
573 178
573 363
573 400
573 402
573 499
573 589
573 605
573 620
573 646
573 653
573 887
573 945
573 989
574 13
574 70
574 144
574 219
574 257
574 384
574 454
574 583
574 672
574 705
574 733
574 884
575 275
575 293
575 624
575 652
575 677
575 740
575 749
575 753
575 754
575 767
575 790
575 821
576 144
576 512
576 525
576 543
576 560
576 657
576 689
576 890
576 916
576 941
576 973
577 17
577 34
577 59
577 63
577 91
577 119
577 386
577 405
577 647
577 883
578 68
578 87
578 202
578 219
578 277
578 299
578 484
578 582
578 905
578 988
579 390
579 394
579 452
579 527
579 651
579 822
579 926
580 21
580 169
580 215
580 218
580 291
580 553
580 579
580 716
580 771
580 882
581 39
581 108
581 130
581 473
581 522
581 571
581 608
581 970
582 10
582 35
582 44
582 157
582 416
582 456
582 461
582 727
582 908
583 137
583 374
583 424
583 484
583 565
583 580
583 828
583 985
584 210
584 272
584 372
584 470
584 499
584 653
584 703
584 901
584 939
584 953
585 99
585 102
585 202
585 205
585 459
585 643
585 836
585 882
585 971
585 987
586 40
586 349
586 400
586 481
586 525
586 548
586 558
586 678
586 785
587 654
587 662
587 688
587 781
588 146
588 287
588 529
588 637
588 648
588 671
588 788
588 939
589 61
589 72
589 292
589 362
589 398
589 551
589 620
589 642
589 688
589 768
590 18
590 67
590 320
590 483
590 679
590 748
590 786
590 805
590 894
590 905
590 951
591 115
591 238
591 290
591 379
591 422
591 583
591 669
591 749
591 881
592 54
592 72
592 151
592 172
592 411
592 632
592 683
592 768
592 798
592 865
592 872
592 878
592 982
593 85
593 203
593 208
593 374
593 526
593 531
593 724
594 135
594 150
594 284
594 484
594 544
594 555
594 716
594 765
594 849
594 984
595 51
595 76
595 195
595 215
595 224
595 261
595 488
595 576
595 766
595 824
595 939
596 66
596 146
596 173
596 506
596 579
596 781
596 987
597 38
597 161
597 300
597 497
597 520
597 577
597 646
597 809
597 825
597 861
597 910
597 969
598 177
598 470
598 549
599 5
599 250
599 282
599 354
599 565
599 655
599 659
599 669
599 839
599 843
600 18
600 43
600 83
600 169
600 305
600 420
600 496
600 543
600 636
600 686
600 698
600 699
600 729
600 817
601 373
601 431
601 659
601 776
601 856
602 88
602 101
602 582
602 716
602 859
602 912
603 93
603 185
603 202
603 396
603 466
603 508
603 683
603 684
603 739
603 933
603 964
604 99
604 145
604 271
604 380
604 401
604 402
604 536
604 823
604 841
604 878
605 198
605 548
605 616
605 789
606 76
606 94
606 97
606 133
606 141
606 147
606 175
606 177
606 182
606 193
606 211
606 531
606 595
606 669
606 690
606 763
606 960
607 378
607 571
607 699
607 733
607 774
607 809
607 843
607 969
608 92
608 250
608 258
608 318
608 375
608 417
608 620
608 793
608 804
608 824
608 879
608 926
609 57
609 130
609 162
609 209
609 565
609 630
609 826
610 30
610 118
610 127
610 309
610 365
610 366
610 400
610 411
610 522
610 525
610 609
610 727
610 746
610 984
611 55
611 160
611 171
611 247
611 306
611 323
611 344
611 350
611 366
611 442
611 546
611 713
612 180
612 286
612 568
612 595
612 674
612 714
612 719
612 743
612 793
612 810
612 888
612 985
613 28
613 99
613 207
613 271
613 327
613 351
613 631
613 659
614 90
614 169
614 197
614 272
614 292
614 322
614 336
614 424
614 577
615 89
615 127
615 221
615 341
615 405
615 459
615 637
615 669
615 691
615 742
615 772
615 995
616 44
616 174
616 613
616 695
616 763
616 806
616 900
616 916
616 991
617 235
617 289
617 663
617 696
617 755
617 916
617 1000
618 139
618 255
618 476
618 548
618 764
618 926
619 130
619 535
619 607
619 646
619 767
619 873
619 874
619 922
620 62
620 79
620 152
620 224
620 232
620 333
620 385
620 484
620 664
620 778
620 919
621 286
621 424
621 462
621 957
621 970
622 51
622 126
622 190
622 208
622 322
622 496
622 655
622 783
622 825
623 122
623 145
623 233
623 766
623 936
623 939
624 30
624 152
624 314
624 453
624 458
624 519
624 660
624 811
624 895
625 110
625 214
625 306
625 487
625 575
625 579
625 594
625 812
625 969
625 987
625 998
626 14
626 28
626 286
626 415
626 514
626 631
626 684
626 843
626 897
626 951
627 144
627 173
627 241
627 311
627 489
627 697
627 736
627 772
627 820
627 890
628 162
628 173
628 174
628 842
628 857
629 203
629 208
629 330
629 629
629 692
629 749
629 780
629 798
630 64
630 115
630 250
630 565
630 777
630 845
630 884
631 174
631 212
631 293
631 414
631 766
631 783
631 834
631 941
632 5
632 8
632 385
632 478
632 512
632 557
632 805
632 867
632 890
633 15
633 56
633 118
633 344
633 654
633 727
633 750
633 761
633 855
633 873
633 874
634 37
634 172
634 211
634 475
634 571
634 576
634 734
635 110
635 154
635 241
635 251
635 296
635 547
635 733
635 756
635 758
635 786
635 806
635 817
635 868
635 912
636 18
636 41
636 282
636 392
636 528
636 847
636 851
636 878
637 113
637 273
637 302
637 303
637 414
637 468
637 493
637 577
637 710
637 711
637 750
637 857
638 30
638 84
638 211
638 235
638 243
638 516
638 523
638 580
638 596
638 642
638 788
638 838
639 81
639 82
639 99
639 458
639 617
639 776
640 16
640 45
640 141
640 229
640 282
640 312
640 321
640 340
640 427
640 579
640 619
640 632
640 670
640 728
640 885
640 902
640 970
640 982
641 254
641 438
641 451
641 623
641 757
641 851
641 922
641 933
642 9
642 44
642 60
642 361
642 369
642 511
642 779
642 937
643 10
643 138
643 281
643 311
643 549
643 716
643 854
643 937
644 241
644 443
644 532
644 533
644 561
644 618
644 820
644 905
644 928
644 1000
645 281
645 299
645 330
645 365
645 526
645 534
645 869
646 319
646 426
646 606
646 683
646 733
646 864
646 906
646 981
647 128
647 146
647 207
647 252
647 485
647 655
647 657
647 958
647 972
648 74
648 122
648 179
648 363
648 492
648 581
648 805
648 921
649 438
649 470
649 581
649 589
649 626
649 728
650 399
650 433
650 471
650 504
650 624
650 712
650 812
650 825
650 841
650 885
650 888
650 984
651 99
651 161
651 197
651 532
651 614
651 738
651 761
651 778
651 831
651 846
651 985
652 23
652 508
652 536
652 828
652 889
652 911
653 53
653 149
653 318
653 369
653 726
653 760
653 766
653 902
653 980
654 80
654 94
654 187
654 301
654 417
654 529
654 544
654 580
654 632
654 641
654 647
654 993
655 269
655 302
655 416
655 450
655 537
655 583
655 755
655 892
656 0
656 90
656 105
656 129
656 172
656 291
656 337
656 493
656 544
656 571
656 650
656 692
656 707
656 744
656 801
656 957
657 8
657 149
657 167
657 503
657 539
657 577
657 656
657 821
657 876
658 27
658 80
658 220
658 267
658 381
658 453
658 524
658 595
658 636
658 712
658 751
658 814
658 907
658 939
659 82
659 182
659 259
659 262
659 648
659 719
659 792
660 25
660 108
660 264
660 441
660 574
660 879
660 925
661 23
661 145
661 153
661 188
661 318
661 323
661 345
661 449
661 451
661 461
661 587
661 662
661 673
661 735
661 749
661 839
661 903
662 19
662 159
662 176
662 217
662 236
662 256
662 315
662 316
662 507
662 847
662 849
662 924
662 940
663 6
663 137
663 236
663 417
663 432
663 518
663 570
663 631
663 687
663 754
663 832
663 858
663 915
663 972
664 120
664 315
664 362
664 958
665 24
665 26
665 120
665 130
665 241
665 329
665 370
665 388
665 467
665 875
665 977
666 2
666 111
666 184
666 262
666 359
666 406
666 413
666 494
666 659
666 726
666 727
666 910
667 157
667 213
667 300
667 743
667 851
667 853
667 897
667 954
668 59
668 87
668 346
668 726
668 764
668 864
668 968
669 101
669 137
669 212
669 219
669 324
669 592
669 776
669 969
670 244
670 351
670 929
671 120
671 242
671 547
671 562
671 652
671 674
671 749
671 783
672 353
672 555
672 562
672 601
672 613
672 632
672 642
672 692
672 729
672 831
672 863
673 187
673 443
673 456
673 493
673 597
673 598
673 659
673 707
673 757
673 938
673 950
674 28
674 291
674 373
674 521
674 772
674 933
675 20
675 408
675 495
675 515
675 581
675 732
675 774
675 789
676 136
676 248
676 313
676 385
676 436
676 550
676 687
676 700
676 736
676 792
676 826
676 903
676 921
677 25
677 77
677 203
677 211
677 418
677 533
677 555
677 635
677 680
677 781
677 966
678 14
678 44
678 90
678 152
678 234
678 285
678 573
678 850
678 890
678 926
678 945
678 979
679 72
679 112
679 190
679 326
679 346
679 539
679 580
679 672
679 716
679 807
679 879
679 978
680 37
680 39
680 150
680 344
680 345
680 364
680 516
680 552
680 766
680 975
681 38
681 46
681 107
681 258
681 266
681 281
681 313
681 329
681 812
681 830
682 51
682 269
682 389
682 511
682 550
682 757
682 915
682 933
683 178
683 324
683 498
683 612
683 740
684 147
684 225
684 229
684 289
684 340
684 344
684 455
684 558
684 572
684 833
684 838
685 75
685 205
685 324
685 346
685 372
685 447
685 667
685 735
685 740
685 800
685 869
686 4
686 86
686 159
686 406
686 496
686 604
686 667
686 728
686 767
686 912
686 960
687 219
687 274
687 313
687 385
687 425
687 520
687 574
687 597
687 817
687 891
688 356
688 380
688 494
688 501
688 633
688 914
689 144
689 224
689 253
689 255
689 337
689 351
689 519
689 725
689 749
689 860
689 930
690 34
690 61
690 92
690 133
690 137
690 331
690 359
690 399
690 553
690 643
690 782
690 920
690 921
690 926
691 41
691 158
691 267
691 278
691 589
691 705
691 881
691 918
692 61
692 79
692 163
692 211
692 308
692 370
692 371
692 523
692 650
692 959
693 3
693 67
693 68
693 477
693 486
693 518
693 700
693 713
693 735
693 741
693 773
693 906
693 983
694 27
694 206
694 366
694 560
694 575
694 588
694 745
694 783
694 917
694 993
695 32
695 110
695 113
695 246
695 285
695 355
695 363
695 386
695 447
695 767
695 818
696 31
696 89
696 143
696 215
696 366
696 401
696 540
696 873
697 21
697 368
697 398
697 502
697 821
697 863
698 138
698 232
698 327
698 342
698 554
698 760
698 860
698 865
698 890
699 81
699 194
699 297
699 737
699 770
699 819
699 884
699 1000
700 2
700 22
700 249
700 261
700 288
700 329
700 733
700 737
700 898
701 17
701 336
701 354
701 391
701 392
701 398
701 517
702 196
702 257
702 444
702 669
702 691
702 746
702 818
702 846
702 847
702 954
702 986
703 433
703 490
703 532
703 581
703 597
703 749
703 876
703 971
704 70
704 286
704 323
704 586
704 599
704 776
704 779
704 781
704 875
704 891
704 900
705 195
705 418
705 463
705 595
705 682
705 764
705 887
706 5
706 25
706 96
706 268
706 467
706 849
706 907
707 241
707 260
707 267
707 386
707 475
707 476
707 512
707 530
707 634
707 641
707 683
707 903
708 92
708 204
708 359
708 361
708 485
708 665
708 777
708 973
708 999
709 8
709 107
709 172
709 200
709 225
709 238
709 354
709 421
709 621
709 714
709 905
710 131
710 138
710 140
710 182
710 520
710 621
710 700
710 711
710 723
710 828
711 21
711 54
711 196
711 270
711 345
711 433
711 437
711 577
711 684
711 997
712 19
712 27
712 31
712 335
712 374
712 470
712 598
712 599
712 658
712 892
713 34
713 73
713 81
713 130
713 164
713 303
713 353
713 390
713 669
713 695
713 851
713 999
714 94
714 548
714 752
714 774
714 794
714 967
715 528
715 768
715 787
715 795
715 922
715 926
715 951
716 468
716 619
716 841
716 989
717 157
717 173
717 247
717 346
717 530
717 688
717 736
717 781
717 925
717 957
718 92
718 190
718 419
718 441
718 443
718 446
718 450
718 479
718 557
718 620
718 633
718 644
718 683
718 730
718 1000
719 106
719 371
719 618
719 651
719 656
719 771
719 830
719 896
719 940
720 17
720 75
720 157
720 722
720 725
720 782
720 919
721 399
721 484
721 522
721 717
721 798
721 841
721 848
721 861
721 923
722 283
722 328
722 540
722 592
722 669
722 672
722 889
722 908
722 980
722 983
723 0
723 47
723 116
723 161
723 319
723 455
723 466
723 707
723 910
723 953
724 164
724 568
724 577
724 582
724 675
724 722
725 217
725 304
725 359
725 512
725 519
725 553
725 608
725 645
725 788
726 112
726 197
726 256
726 326
726 386
726 496
726 661
726 706
726 874
727 304
727 334
727 484
727 598
727 636
727 717
727 792
727 816
727 844
727 944
728 16
728 134
728 261
728 354
728 545
728 687
728 940
729 129
729 144
729 165
729 387
729 406
729 461
729 466
729 673
729 916
729 939
729 969
730 145
730 159
730 160
730 298
730 496
730 506
730 684
730 821
731 53
731 234
731 371
731 411
731 456
731 474
731 524
731 532
731 545
731 626
731 849
731 895
731 989
732 89
732 297
732 303
732 448
732 472
732 617
732 699
732 931
732 945
733 124
733 342
733 583
733 586
733 695
733 814
733 837
733 897
734 194
734 330
734 464
734 658
734 694
734 810
734 833
734 992
735 151
735 209
735 244
735 280
735 357
735 566
735 630
735 785
736 35
736 44
736 157
736 233
736 614
736 711
736 714
736 769
736 775
736 851
736 856
737 76
737 215
737 243
737 282
737 538
737 631
737 822
738 118
738 452
738 514
738 519
738 608
738 609
738 787
738 809
738 857
738 871
738 912
739 96
739 150
739 169
739 320
739 412
739 508
739 645
739 717
739 763
739 887
739 912
739 957
739 993
740 20
740 211
740 295
740 531
740 765
741 123
741 169
741 175
741 295
741 328
741 407
741 596
741 646
741 708
741 853
742 27
742 68
742 177
742 259
742 289
742 475
742 558
742 664
742 698
742 773
742 811
742 899
743 206
743 238
743 266
743 269
743 270
743 635
743 647
743 801
743 823
743 967
743 986
744 92
744 331
744 334
744 356
744 384
744 473
744 624
744 683
744 701
744 970
745 34
745 57
745 61
745 76
745 166
745 388
745 427
745 909
746 20
746 76
746 83
746 144
746 164
746 209
746 365
746 388
746 663
746 740
746 747
746 750
746 798
746 802
746 846
746 874
747 86
747 253
747 301
747 401
747 443
747 486
747 501
747 573
747 629
747 858
747 893
748 59
748 208
748 272
748 294
748 334
748 376
748 826
748 972
749 170
749 180
749 200
749 371
749 494
749 611
749 812
750 54
750 80
750 217
750 359
750 426
750 545
750 730
750 758
750 837
750 889
750 896
750 899
751 72
751 111
751 138
751 423
751 463
751 558
751 619
751 638
751 645
751 832
751 863
751 903
751 975
752 43
752 48
752 127
752 217
752 222
752 364
752 500
752 598
752 721
752 915
752 916
753 117
753 331
753 537
753 664
753 774
753 790
753 847
753 890
754 263
754 294
754 362
754 513
754 625
754 660
754 684
754 716
754 790
754 900
754 975
755 135
755 171
755 172
755 278
755 349
755 445
755 531
755 661
755 668
755 701
755 837
755 879
755 949
755 992
756 21
756 27
756 55
756 312
756 575
756 617
756 723
756 833
756 997
757 19
757 117
757 129
757 200
757 209
757 556
757 570
757 644
757 648
758 144
758 152
758 237
758 265
758 330
758 394
758 402
758 492
758 615
758 713
758 923
758 964
759 40
759 203
759 326
759 494
759 726
759 858
759 912
760 33
760 59
760 149
760 377
760 516
760 529
760 623
760 735
760 777
760 810
760 835
760 854
761 99
761 123
761 250
761 282
761 399
761 404
761 451
761 458
761 466
761 494
761 613
761 700
761 912
762 77
762 422
762 690
762 941
763 216
763 218
763 293
763 326
763 443
763 491
763 661
763 813
763 889
763 930
763 940
764 96
764 141
764 409
764 622
764 814
764 959
765 110
765 260
765 308
765 537
765 697
765 754
765 789
765 992
766 195
766 198
766 287
766 305
766 371
766 379
766 581
766 646
766 839
767 221
767 237
767 339
767 407
767 411
767 423
767 529
767 668
767 739
767 773
767 840
767 841
767 875
768 39
768 60
768 84
768 390
768 420
768 442
768 451
768 452
768 583
768 724
768 814
768 951
769 295
769 371
769 427
769 519
769 591
769 616
769 779
769 845
769 860
769 876
769 912
770 57
770 124
770 289
770 299
770 467
770 520
770 571
770 716
771 14
771 157
771 193
771 413
771 781
772 51
772 282
772 330
772 350
772 476
772 532
772 591
772 657
772 670
772 679
772 693
772 860
773 268
773 393
773 438
773 717
773 732
773 810
773 859
773 930
774 201
774 433
774 656
774 684
774 712
774 965
775 2
775 41
775 396
775 435
775 449
775 460
775 488
775 547
775 600
775 656
775 713
775 768
775 821
775 960
776 202
776 319
776 453
776 493
776 555
776 586
776 928
777 40
777 114
777 150
777 226
777 302
777 521
777 549
777 615
777 907
777 914
778 80
778 237
778 366
778 496
778 623
778 646
778 684
778 686
778 699
778 780
778 872
779 40
779 898
780 51
780 278
780 502
780 538
780 635
780 636
780 679
780 880
780 971
781 143
781 263
781 467
781 503
781 541
781 681
781 786
781 910
782 342
782 349
782 400
782 918
782 950
783 224
783 236
783 280
783 316
783 381
783 472
783 476
783 500
783 585
783 591
783 597
783 672
783 914
783 948
783 956
783 995
784 58
784 108
784 137
784 315
784 366
784 433
784 669
784 700
784 761
784 818
784 829
784 848
784 864
784 879
784 909
784 918
784 963
785 117
785 135
785 144
785 170
785 207
785 345
785 359
785 480
785 627
785 891
785 973
786 237
786 300
786 381
786 399
786 485
786 553
786 634
787 63
787 190
787 241
787 253
787 285
787 339
787 341
787 497
787 515
787 524
787 655
787 747
787 753
787 823
787 888
788 136
788 394
788 414
788 556
788 712
788 881
788 929
788 985
789 124
789 211
789 227
789 543
789 690
789 691
789 720
789 984
790 62
790 213
790 276
790 315
790 601
790 771
790 790
790 846
790 939
791 43
791 57
791 109
791 256
791 505
791 606
791 652
791 745
792 343
792 386
792 636
792 783
792 848
792 863
792 873
793 30
793 248
793 261
793 278
793 335
793 336
793 356
793 429
793 454
793 519
793 530
793 812
793 902
794 154
794 157
794 251
794 255
794 406
794 487
794 532
794 601
794 790
794 846
794 916
795 358
795 411
795 451
795 487
795 603
795 720
795 858
795 871
795 959
795 995
796 52
796 204
796 287
796 564
796 646
796 688
797 10
797 30
797 45
797 58
797 218
797 338
797 372
797 442
797 562
797 639
797 682
797 719
797 805
797 821
797 860
797 957
797 960
797 970
798 187
798 195
798 429
798 614
798 675
798 719
798 758
798 818
798 1000
799 5
799 25
799 117
799 181
799 249
799 350
799 623
799 647
800 150
800 292
800 302
800 463
800 684
800 707
800 788
800 823
800 829
800 840
800 872
800 937
801 33
801 106
801 353
801 357
801 468
801 707
802 17
802 101
802 190
802 210
802 220
802 237
802 269
802 395
802 404
802 452
802 471
802 587
802 604
802 772
802 956
802 964
802 1000
803 381
803 385
803 481
803 527
803 713
803 783
803 908
803 926
803 974
804 32
804 267
804 409
804 475
804 504
804 589
804 612
804 862
804 956
804 965
805 23
805 120
805 390
805 671
805 923
806 91
806 180
806 332
806 360
806 365
806 368
806 374
806 408
806 448
806 469
806 509
806 543
806 881
807 272
807 541
807 557
807 645
807 899
807 970
807 994
808 27
808 75
808 96
808 108
808 133
808 303
808 318
808 390
808 449
808 478
808 536
808 612
808 740
808 807
808 837
808 877
808 882
808 903
809 3
809 309
809 338
809 361
809 409
809 414
809 520
809 639
809 689
809 776
809 782
809 829
809 848
809 929
809 975
810 77
810 342
810 343
810 362
810 583
810 615
810 683
811 77
811 220
811 506
811 516
811 579
811 669
811 714
811 733
811 849
811 866
811 959
811 984
812 114
812 128
812 152
812 171
812 254
812 273
812 486
812 495
812 840
812 869
812 898
813 3
813 89
813 152
813 249
813 263
813 372
813 698
813 704
813 726
813 727
813 964
814 100
814 226
814 233
814 335
814 677
814 790
814 837
814 931
814 952
815 341
815 413
815 676
815 844
815 892
816 114
816 116
816 118
816 196
816 232
816 285
816 286
816 604
816 692
816 807
816 862
816 896
816 987
817 43
817 54
817 79
817 123
817 204
817 335
817 396
817 454
817 514
817 589
817 591
817 643
817 850
817 933
817 945
817 950
817 985
817 999
817 1000
818 3
818 36
818 232
818 239
818 263
818 440
818 773
818 983
819 191
819 197
819 229
819 395
819 449
819 470
819 613
820 279
820 341
820 559
820 591
820 817
821 81
821 99
821 256
821 295
821 310
821 334
821 496
821 630
821 751
821 908
821 977
821 988
822 77
822 140
822 203
822 262
822 331
822 392
822 556
822 825
822 828
822 908
823 23
823 478
823 482
823 493
823 552
823 787
823 894
823 923
824 91
824 225
824 269
824 527
824 581
824 593
824 893
824 963
825 7
825 78
825 135
825 193
825 281
825 360
825 487
825 513
825 516
825 560
825 653
825 687
825 700
825 744
825 999
826 83
826 424
826 434
826 438
826 453
826 459
826 466
826 471
826 477
826 513
826 709
827 140
827 205
827 355
827 503
827 528
827 568
827 677
827 791
827 948
828 248
828 418
828 594
828 681
828 769
828 830
829 122
829 138
829 200
829 207
829 289
829 479
829 545
829 640
829 797
829 879
830 147
830 285
830 335
830 432
830 737
830 795
830 867
831 29
831 232
831 255
831 275
831 474
831 651
831 674
831 678
831 769
831 812
831 821
831 869
831 877
832 77
832 331
832 367
832 387
832 389
832 637
832 699
832 760
832 794
832 858
832 875
833 350
833 372
833 409
833 506
833 735
833 745
833 911
833 983
833 999
834 79
834 122
834 193
834 282
834 392
834 402
834 784
834 932
835 35
835 77
835 85
835 231
835 383
835 663
835 763
835 944
836 44
836 68
836 158
836 261
836 377
836 505
836 585
836 641
836 713
836 714
836 756
836 763
836 848
836 896
836 998
837 81
837 190
837 192
837 322
837 357
837 426
837 473
837 527
837 541
837 573
837 786
837 794
837 944
838 52
838 103
838 109
838 125
838 355
838 482
838 685
838 713
838 804
838 836
838 877
838 890
838 977
839 133
839 136
839 319
839 382
839 435
839 623
839 687
839 715
839 879
840 85
840 184
840 243
840 326
840 548
840 554
840 716
840 769
841 22
841 53
841 65
841 69
841 221
841 311
841 399
841 512
841 563
841 569
841 698
841 785
841 909
842 11
842 48
842 103
842 122
842 168
842 516
842 535
842 676
842 784
842 794
842 826
842 867
842 906
843 78
843 322
843 333
843 343
843 642
843 716
843 735
843 866
843 938
844 241
844 340
844 527
844 537
844 544
844 691
844 768
844 793
844 930
845 87
845 194
845 230
845 248
845 451
845 483
845 653
845 770
845 780
845 882
845 895
845 909
845 988
846 15
846 398
846 546
846 674
846 690
846 702
846 817
846 913
847 327
847 426
847 467
847 495
847 524
847 618
847 694
847 866
847 975
848 83
848 161
848 199
848 288
848 290
848 609
849 296
849 458
849 660
849 669
849 716
849 767
849 834
849 937
850 71
850 431
850 488
850 720
850 961
851 46
851 209
851 263
851 454
851 656
851 760
851 777
851 845
852 345
852 479
852 521
852 576
853 235
853 255
853 353
853 401
853 535
853 606
853 842
853 849
853 897
854 118
854 140
854 189
854 253
854 392
854 693
854 760
854 915
855 167
855 206
855 256
855 261
855 584
855 619
855 676
855 683
855 685
855 693
855 844
855 918
855 986
856 109
856 321
856 326
856 537
856 538
856 637
856 782
856 867
856 886
857 4
857 74
857 112
857 195
857 354
857 465
857 477
857 489
857 636
857 697
857 724
857 862
857 902
857 934
857 956
858 111
858 124
858 232
858 324
858 398
858 515
858 610
858 790
858 816
858 962
859 15
859 252
859 639
859 791
859 812
859 925
859 949
859 995
860 6
860 278
860 461
860 484
860 578
860 587
860 704
860 989
861 16
861 176
861 243
861 539
861 556
861 592
861 690
861 741
861 769
861 789
861 899
861 950
861 995
862 17
862 40
862 145
862 287
862 292
862 317
862 383
862 473
862 667
862 764
862 767
862 777
862 891
862 900
863 184
863 216
863 284
863 289
863 333
863 377
863 470
863 496
863 823
864 129
864 334
864 680
864 696
864 701
864 718
864 749
864 824
864 955
865 155
865 245
865 252
865 346
865 619
865 758
865 976
866 4
866 35
866 295
866 506
866 575
866 675
867 28
867 32
867 70
867 536
867 549
867 683
867 691
867 710
867 820
867 946
868 33
868 93
868 211
868 231
868 243
868 466
868 536
868 790
868 874
868 906
869 68
869 111
869 180
869 185
869 233
869 296
869 353
869 407
869 456
869 517
869 594
869 617
869 701
869 828
869 840
869 854
869 876
869 878
870 71
870 73
870 417
870 449
870 463
870 668
870 737
870 901
871 30
871 93
871 208
871 313
871 341
871 407
871 423
871 461
871 566
871 840
871 858
872 51
872 142
872 240
872 285
872 539
872 855
872 900
873 238
873 405
873 495
873 610
873 892
873 931
873 975
874 62
874 359
874 397
874 446
874 505
874 544
874 598
874 633
874 657
875 147
875 295
875 317
875 368
875 586
875 927
876 33
876 387
876 654
876 764
876 768
876 829
876 869
876 897
877 43
877 66
877 85
877 132
877 234
877 280
877 395
877 426
877 442
877 450
877 535
877 678
877 931
877 981
877 994
878 148
878 163
878 193
878 244
878 383
878 549
878 707
878 772
878 808
878 840
879 329
879 342
879 484
879 753
879 865
879 969
879 978
880 12
880 20
880 212
880 305
880 483
880 557
880 596
880 828
880 881
880 912
880 953
881 108
881 230
881 235
881 249
881 274
881 276
881 359
881 378
881 395
881 403
881 405
881 464
881 571
881 616
881 700
881 774
881 803
881 945
882 282
882 288
882 354
882 842
882 897
883 31
883 73
883 74
883 89
883 177
883 420
883 454
883 508
883 542
883 550
883 571
883 583
883 840
884 82
884 187
884 231
884 369
884 417
884 457
884 475
884 578
884 711
884 715
884 800
884 823
885 112
885 141
885 173
885 424
885 496
885 562
885 589
885 653
885 764
885 772
886 14
886 128
886 335
886 365
886 426
886 429
886 478
886 486
886 535
886 580
886 848
886 918
886 944
887 28
887 114
887 135
887 152
887 196
887 198
887 310
887 395
887 424
887 426
887 434
887 589
887 862
887 963
887 969
888 32
888 90
888 173
888 190
888 233
888 314
888 476
888 478
888 737
888 781
888 782
888 785
889 93
889 125
889 218
889 306
889 348
889 394
889 532
889 547
889 560
889 658
889 801
890 212
890 229
890 254
890 268
890 269
890 642
890 647
890 773
890 913
890 978
891 277
891 320
891 423
891 793
891 846
891 976
892 40
892 149
892 208
892 402
892 414
892 419
893 14
893 88
893 183
893 188
893 209
893 242
893 413
893 847
893 880
894 127
894 167
894 587
894 605
894 634
894 639
894 782
895 297
895 346
895 388
895 391
895 431
895 464
895 550
895 708
895 779
895 806
895 859
895 908
895 982
896 94
896 267
896 424
896 518
896 723
896 936
897 89
897 126
897 390
897 440
897 521
897 597
897 667
897 683
897 802
897 803
897 879
897 976
898 37
898 89
898 374
898 381
898 435
898 485
898 590
898 650
898 754
898 809
898 915
899 51
899 93
899 110
899 311
899 364
899 446
899 542
899 616
899 631
899 819
899 934
900 94
900 332
900 491
900 511
900 532
900 597
900 605
900 606
900 657
900 665
900 702
900 760
900 892
900 906
900 912
901 1
901 19
901 62
901 203
901 217
901 277
901 285
901 674
901 739
901 952
902 11
902 19
902 43
902 290
902 363
902 402
902 590
902 602
902 770
902 847
902 946
903 119
903 487
903 546
903 573
903 630
903 661
903 958
903 964
904 174
904 180
904 191
904 380
904 566
904 981
905 139
905 211
905 216
905 253
905 332
905 379
905 425
905 428
905 506
905 629
905 633
905 895
905 938
906 99
906 188
906 236
906 250
906 255
906 332
906 347
906 450
906 535
906 609
906 691
906 721
906 726
906 730
906 901
906 929
907 5
907 69
907 84
907 194
907 215
907 233
907 334
907 513
907 562
907 648
907 724
907 745
907 891
907 917
907 978
908 69
908 196
908 269
908 365
908 510
908 528
908 546
908 592
908 674
908 705
908 747
908 796
908 821
908 920
908 926
908 982
909 84
909 298
909 329
909 337
909 344
909 378
909 466
909 635
909 648
909 781
909 819
909 868
910 60
910 150
910 431
910 445
910 447
910 491
910 567
910 719
910 879
911 119
911 121
911 168
911 465
911 726
911 736
911 810
911 909
912 136
912 327
912 356
912 415
912 422
912 553
912 688
912 726
912 854
912 887
912 972
913 22
913 45
913 152
913 190
913 627
913 681
913 846
914 34
914 105
914 149
914 162
914 298
914 382
914 518
914 634
914 639
914 650
914 811
914 940
914 946
914 959
915 64
915 97
915 169
915 230
915 582
915 956
916 293
916 358
916 394
916 434
916 508
916 564
916 575
916 652
916 758
916 793
916 814
917 209
917 226
917 395
917 428
917 445
917 546
917 611
917 699
917 933
917 998
918 83
918 99
918 173
918 248
918 394
918 400
918 457
918 473
918 481
918 549
918 784
918 785
918 863
918 971
918 994
918 997
919 143
919 203
919 207
919 316
919 351
919 518
919 538
919 556
919 748
919 887
920 189
920 481
920 731
920 915
920 945
921 412
921 566
921 811
921 814
922 9
922 48
922 64
922 385
922 438
922 460
922 789
923 282
923 341
923 409
923 459
923 465
923 495
923 499
923 502
923 829
923 891
923 932
923 940
924 3
924 4
924 27
924 127
924 207
924 338
924 344
924 399
924 841
924 974
925 325
925 399
925 478
925 572
925 576
925 712
925 744
925 766
925 771
925 798
925 998
926 4
926 8
926 289
926 406
926 496
926 854
926 887
926 894
926 934
926 958
926 985
927 65
927 242
927 244
927 456
927 565
927 573
927 643
927 666
927 696
927 849
927 911
927 914
928 52
928 247
928 288
928 332
928 395
928 409
928 425
928 572
928 610
928 620
928 828
928 896
928 946
928 951
928 992
929 35
929 115
929 146
929 152
929 316
929 380
929 407
929 426
929 439
929 583
929 747
930 205
930 237
930 317
930 455
930 620
930 639
930 751
930 762
930 888
931 15
931 109
931 161
931 174
931 197
931 223
931 452
931 507
931 551
931 562
931 840
931 848
931 898
931 983
932 107
932 427
932 455
932 465
932 534
932 569
932 744
932 997
933 57
933 84
933 120
933 178
933 206
933 267
933 349
933 433
933 507
933 717
933 907
933 954
933 975
934 120
934 184
934 199
934 470
934 552
934 555
934 677
934 727
934 834
935 6
935 76
935 86
935 325
935 383
935 414
935 501
935 576
935 626
935 639
935 758
935 903
936 153
936 207
936 276
936 317
936 369
936 392
936 471
936 627
936 758
936 781
936 901
936 922
937 60
937 165
937 222
937 299
937 586
937 634
937 724
937 732
937 891
937 901
937 924
938 69
938 237
938 248
938 262
938 268
938 284
938 285
938 328
938 411
938 589
938 971
939 8
939 207
939 268
939 314
939 387
939 472
939 563
939 679
939 869
939 929
940 176
940 231
940 419
940 512
940 622
940 717
940 788
940 904
940 958
941 100
941 154
941 271
941 280
941 436
941 460
941 618
941 627
941 922
942 61
942 193
942 226
942 270
942 363
942 402
942 432
942 868
942 894
943 161
943 228
943 268
943 515
943 604
943 811
943 812
943 946
944 248
944 412
944 489
944 567
944 569
944 574
944 672
944 932
944 989
945 319
945 385
945 415
945 771
945 854
945 858
945 867
946 28
946 409
946 629
946 775
946 887
946 916
946 958
946 983
946 996
947 35
947 167
947 258
947 353
947 551
947 687
948 401
948 405
948 469
948 623
948 726
948 944
948 982
949 171
949 237
949 310
949 483
949 618
950 34
950 105
950 146
950 390
950 583
950 624
950 631
950 735
950 744
950 774
950 788
950 967
951 9
951 22
951 82
951 244
951 269
951 355
951 551
951 617
951 644
951 888
952 8
952 460
952 472
952 476
952 488
952 548
952 585
952 773
952 876
952 910
952 976
952 983
952 993
953 17
953 137
953 401
953 402
953 409
953 670
953 781
953 841
954 249
954 582
954 587
954 686
954 812
954 821
954 975
955 60
955 106
955 259
955 441
955 595
955 632
955 703
955 780
955 877
955 879
956 24
956 88
956 166
956 308
956 516
956 647
956 826
956 856
956 895
957 13
957 71
957 107
957 204
957 440
957 580
957 633
957 704
957 800
957 866
958 183
958 274
958 332
958 340
958 380
958 514
958 534
958 545
958 625
958 823
958 887
958 917
958 942
959 191
959 216
959 327
959 338
959 341
959 360
959 624
959 631
959 635
959 977
960 26
960 96
960 254
960 295
960 557
960 629
960 683
960 812
961 38
961 41
961 156
961 197
961 323
961 570
961 619
961 632
961 796
961 839
961 849
961 1000
962 490
962 629
962 788
962 928
963 158
963 303
963 331
963 539
963 703
963 864
963 912
963 913
963 989
964 84
964 162
964 192
964 495
964 741
964 929
965 225
965 270
965 337
965 436
965 535
965 636
965 780
965 825
966 11
966 267
966 417
966 649
966 814
966 844
966 863
967 412
967 586
967 595
967 657
967 834
968 69
968 74
968 84
968 99
968 119
968 137
968 161
968 215
968 216
968 271
968 298
968 405
968 613
968 679
968 697
968 718
968 841
968 887
969 17
969 99
969 103
969 413
969 792
969 944
970 108
970 215
970 325
970 390
970 508
970 529
970 576
970 578
970 649
970 753
970 832
970 842
971 27
971 84
971 90
971 350
971 718
971 843
971 848
972 76
972 166
972 475
972 483
972 559
972 571
972 686
972 715
972 977
973 68
973 77
973 152
973 268
973 370
973 459
973 490
973 568
974 30
974 96
974 350
974 468
974 556
974 613
974 645
974 656
974 780
974 784
974 789
974 859
974 943
974 945
974 978
974 994
975 35
975 86
975 111
975 281
975 384
975 509
975 527
975 621
976 54
976 127
976 174
976 227
976 249
976 279
976 288
976 334
976 348
976 403
976 599
976 824
976 908
977 113
977 150
977 232
977 300
977 417
977 434
977 444
977 446
977 449
977 526
977 602
977 638
977 642
977 689
977 833
977 836
977 971
978 87
978 110
978 244
978 245
978 337
978 665
978 697
978 747
978 815
979 39
979 89
979 122
979 395
979 432
979 553
979 699
979 748
979 811
979 910
979 932
980 117
980 239
980 249
980 382
980 397
980 835
980 951
981 28
981 180
981 229
981 255
981 275
981 296
981 312
981 584
981 600
981 653
981 763
981 867
982 47
982 64
982 146
982 200
982 222
982 290
982 358
982 397
982 444
982 458
982 582
982 607
982 646
982 729
983 91
983 95
983 230
983 236
983 310
983 454
983 533
983 592
983 659
983 787
984 51
984 205
984 302
984 370
984 559
985 106
985 114
985 164
985 190
985 228
985 230
985 542
985 715
985 739
985 830
985 927
986 16
986 50
986 145
986 461
986 487
986 504
986 526
986 721
986 992
987 143
987 252
987 438
987 443
987 604
987 830
987 920
988 18
988 132
988 152
988 228
988 705
988 719
988 815
988 839
988 860
988 943
988 951
988 991
989 65
989 100
989 130
989 183
989 189
989 262
989 311
989 315
989 378
989 389
989 402
989 477
989 607
989 875
989 959
989 960
989 961
989 983
990 47
990 171
990 173
990 185
990 272
990 363
990 451
990 654
990 708
990 775
990 792
991 122
991 136
991 310
991 446
991 456
991 486
991 717
991 929
991 958
992 87
992 243
992 267
992 287
992 292
992 334
992 492
992 588
992 712
992 794
993 0
993 178
993 188
993 245
993 431
993 442
993 780
993 792
993 859
993 868
993 981
994 67
994 141
994 155
994 320
994 376
994 440
994 472
994 625
994 640
994 767
994 796
994 885
994 946
995 86
995 219
995 378
995 388
995 883
996 29
996 208
996 272
996 291
996 341
996 342
996 437
996 575
996 712
996 721
996 960
996 983
997 19
997 277
997 319
997 446
997 493
997 584
997 639
997 777
997 930
998 87
998 204
998 292
998 449
998 501
998 666
998 674
998 704
998 779
998 796
999 68
999 380
999 561
999 570
999 600
999 841
999 855
999 886
1000 12
1000 117
1000 203
1000 241
1000 296
1000 503
1000 505
1000 561
1000 582
1000 660