0 0 500 500
5000
0 1
0 21
0 75
0 117
0 227
0 244
0 253
0 281
0 346
0 348
0 363
0 385
0 454
0 478
0 487
1 233
1 362
1 392
1 458
1 470
2 163
2 251
2 309
2 336
2 354
2 371
2 416
2 434
2 453
3 3
3 36
3 88
3 192
3 195
3 199
3 231
3 284
3 331
3 335
3 415
4 81
4 91
4 123
4 193
4 309
4 318
4 335
5 44
5 97
5 113
5 129
5 132
5 142
5 202
5 205
5 318
5 379
6 13
6 88
6 126
6 134
6 150
6 165
6 195
6 426
7 31
7 45
7 47
7 253
7 256
7 339
7 391
7 406
8 25
8 81
8 93
8 106
8 154
8 170
8 201
8 233
8 245
8 250
8 274
8 425
8 431
8 435
8 455
8 488
9 93
9 95
9 125
9 130
9 457
9 480
9 500
10 59
10 219
10 278
10 329
10 396
10 410
10 415
10 431
11 99
11 135
11 141
11 227
12 9
12 73
12 91
12 116
12 145
12 244
12 257
12 278
12 360
12 367
12 394
12 427
12 430
12 465
12 471
13 29
13 48
13 85
13 198
13 322
13 359
13 372
13 382
13 402
13 403
13 421
13 500
14 0
14 21
14 81
14 160
14 194
14 241
14 247
14 274
14 305
15 17
15 70
15 101
15 126
15 157
15 175
15 201
15 213
15 256
15 273
15 292
15 308
15 370
15 387
16 65
16 87
16 91
16 95
16 111
16 137
16 194
16 282
16 397
17 2
17 146
17 228
17 274
17 295
17 389
17 429
17 448
17 453
17 479
18 17
18 62
18 90
18 109
18 145
18 155
18 324
18 393
19 82
19 85
19 94
19 108
19 125
19 213
19 289
19 326
19 381
19 444
19 460
20 99
20 172
20 198
20 216
20 309
20 386
20 488
21 8
21 111
21 134
21 165
21 203
21 237
21 276
21 369
21 376
21 400
21 409
22 26
22 30
22 52
22 57
22 97
22 118
22 268
22 452
22 488
23 3
23 46
23 58
23 96
23 109
23 133
23 386
23 406
23 423
24 323
24 371
25 114
25 133
25 162
25 165
25 220
25 314
25 344
25 346
25 393
25 499
26 78
26 231
26 347
26 374
26 451
27 5
27 14
27 66
27 138
27 183
27 206
27 294
27 308
27 310
27 388
27 398
28 88
28 177
28 267
28 275
28 277
28 302
28 377
28 400
28 433
28 462
29 51
29 57
29 161
29 179
29 226
29 274
29 294
29 313
29 363
29 393
29 397
29 467
29 473
29 479
30 29
30 83
30 97
30 117
30 167
30 204
30 216
30 242
30 244
30 261
30 415
30 435
30 450
30 470
30 494
31 205
31 235
31 360
31 467
31 468
31 484
32 53
32 100
32 130
32 169
32 183
32 194
32 219
32 233
32 403
32 425
32 443
32 461
33 119
33 240
33 251
33 287
34 67
34 186
34 349
34 392
34 406
34 497
35 34
35 74
35 82
35 96
35 136
35 185
35 203
35 208
35 328
35 331
35 353
35 466
35 484
36 13
36 59
36 115
36 187
36 196
36 255
36 278
36 354
36 410
36 434
36 488
37 41
37 115
37 184
37 281
37 371
37 439
37 488
37 495
37 496
38 10
38 21
38 28
38 227
38 247
38 248
38 310
38 459
39 25
39 85
39 135
39 342
39 395
39 452
40 44
40 121
40 144
40 317
40 350
40 463
40 476
40 477
41 154
41 186
41 219
41 276
41 324
41 350
41 439
41 445
41 466
41 474
42 18
42 161
42 171
42 172
42 248
42 379
42 392
42 499
43 6
43 125
43 196
43 226
43 237
43 288
43 318
44 29
44 74
44 78
44 127
44 137
44 205
44 334
44 349
44 406
44 457
44 496
45 4
45 88
45 97
45 176
45 201
45 231
45 243
45 252
45 360
45 361
45 407
45 429
45 436
45 479
46 38
46 42
46 49
46 165
46 169
46 296
46 454
46 461
46 477
47 20
47 51
47 157
47 185
47 300
47 306
47 347
47 409
47 414
47 455
47 457
47 500
48 65
48 76
48 102
48 142
48 226
48 232
48 240
48 354
48 361
48 408
48 476
48 495
49 24
49 33
49 66
49 106
49 108
49 154
49 160
49 195
49 301
49 361
49 374
49 480
50 3
50 21
50 182
50 348
50 387
50 439
50 484
50 488
50 490
51 3
51 105
51 107
51 159
51 415
51 464
51 482
52 43
52 140
52 228
52 254
52 263
52 265
52 278
52 354
52 388
52 393
52 408
53 379
53 392
53 487
54 60
54 79
54 225
54 483
55 60
55 118
55 119
55 133
55 142
55 165
55 188
55 202
55 224
55 289
55 336
55 348
55 372
55 392
55 487
55 488
56 56
56 123
56 185
56 222
56 238
56 252
56 321
56 344
56 396
56 433
56 481
57 36
57 116
57 213
57 255
57 285
57 308
57 325
57 329
57 394
57 482
58 9
58 29
58 51
58 243
58 258
58 283
58 327
58 334
58 368
58 435
58 472
59 26
59 94
59 120
59 133
59 280
59 305
59 392
59 421
60 187
60 192
60 209
60 255
60 261
60 268
60 292
60 317
61 3
61 99
61 104
61 254
61 262
61 347
61 396
61 434
62 41
62 71
62 173
62 349
62 361
62 420
62 443
62 475
63 8
63 61
63 107
63 320
63 334
63 365
63 369
63 476
64 38
64 80
64 100
64 108
64 142
64 207
64 226
64 257
64 283
64 351
64 380
64 466
65 63
65 112
65 189
65 232
65 290
65 364
65 438
66 20
66 32
66 57
66 137
66 182
66 210
66 252
66 293
66 315
67 97
67 107
67 161
67 296
68 182
68 197
68 223
68 279
68 379
68 381
68 403
68 404
68 426
68 479
68 500
69 23
69 34
69 60
69 102
69 135
69 195
69 203
69 215
69 241
69 252
69 264
69 318
69 358
69 446
70 24
70 50
70 54
70 88
70 129
70 169
70 215
70 222
70 296
70 303
70 428
70 462
70 470
71 203
71 340
71 391
71 459
72 16
72 53
72 95
72 108
72 163
72 164
72 250
72 287
72 306
72 385
72 472
73 23
73 90
73 176
73 259
73 279
73 374
73 420
73 426
73 440
73 444
74 52
74 59
74 78
74 130
74 316
74 416
74 447
74 465
75 11
75 51
75 89
75 106
75 166
75 189
75 243
75 277
75 341
75 346
75 382
75 425
75 489
75 494
76 66
76 100
76 184
76 197
76 286
76 393
76 447
76 495
77 23
77 65
77 99
77 124
77 131
77 162
77 168
77 186
77 190
77 336
77 357
77 412
77 420
77 456
77 462
77 480
78 39
78 86
78 195
78 266
78 268
78 301
78 327
78 391
78 394
79 7
79 62
79 78
79 154
79 175
79 191
79 198
79 201
79 343
79 346
79 401
79 475
80 86
80 116
80 164
80 166
80 177
80 219
80 289
80 300
80 320
80 347
80 421
80 435
80 441
81 3
81 5
81 93
81 108
81 122
81 128
81 212
81 215
81 292
81 360
81 500
82 43
82 198
82 287
82 369
82 399
82 435
83 9
83 34
83 55
83 57
83 130
83 210
83 229
83 261
83 293
83 337
83 342
83 444
84 99
84 195
84 242
84 250
84 309
84 338
84 409
84 478
84 498
85 98
85 114
85 126
85 157
85 225
85 259
85 282
85 324
85 385
85 500
86 8
86 17
86 174
86 192
86 259
86 280
86 338
86 352
86 354
86 372
86 412
86 463
87 6
87 14
87 42
87 86
87 109
87 163
87 185
87 195
87 262
87 276
87 290
87 322
87 345
87 360
87 373
87 397
87 401
87 422
87 436
87 498
88 49
88 65
88 171
88 254
88 257
88 331
88 429
89 21
89 29
89 44
89 80
89 108
89 134
89 151
89 217
89 277
89 288
89 324
89 352
89 399
89 454
89 469
89 488
90 79
90 84
90 115
90 116
90 120
90 148
90 207
90 210
90 260
90 270
90 305
90 374
90 409
90 469
91 27
91 49
91 94
91 95
91 187
91 248
91 269
91 321
91 332
91 422
91 424
91 436
91 461
91 493
92 99
92 122
92 208
92 332
92 494
93 46
93 131
93 241
93 253
93 260
93 315
93 398
93 401
93 423
94 101
94 244
94 260
94 263
94 274
94 304
94 323
94 373
94 402
95 17
95 35
95 168
95 179
95 252
95 266
95 299
96 65
96 76
96 268
96 311
96 340
96 376
96 418
96 420
96 447
96 454
96 461
97 45
97 69
97 78
97 129
97 181
97 194
97 341
97 353
97 360
97 419
97 438
97 500
98 52
98 99
98 186
98 194
98 305
98 363
98 376
98 484
99 88
99 149
99 185
99 390
99 418
99 448
99 465
100 12
100 16
100 38
100 73
100 111
100 122
100 132
100 174
100 196
100 223
100 224
100 313
100 408
101 3
101 14
101 20
101 28
101 92
101 142
101 245
101 277
101 293
101 420
101 447
102 32
102 204
102 444
102 479
103 20
103 83
103 155
103 156
103 192
103 197
103 198
103 218
103 227
103 257
103 262
103 281
103 337
103 388
103 451
103 452
104 6
104 8
104 106
104 160
104 218
104 250
104 275
104 287
104 300
104 304
104 339
104 404
105 32
105 130
105 137
105 175
105 180
105 188
105 241
105 282
105 294
105 416
105 421
105 461
105 466
105 487
106 101
106 104
106 130
106 275
106 304
106 311
106 328
106 348
106 356
106 442
106 454
107 3
107 22
107 82
107 119
107 194
107 267
107 469
108 46
108 70
108 131
108 166
108 168
108 215
108 367
108 406
108 429
108 448
109 16
109 206
109 284
109 298
109 394
109 404
110 0
110 36
110 45
110 59
110 84
110 115
110 187
110 258
110 385
110 459
110 473
111 54
111 68
111 95
111 107
111 264
111 305
111 430
111 439
112 13
112 15
112 74
112 186
112 276
112 286
112 445
112 476
113 18
113 52
113 173
113 254
113 276
113 306
113 328
113 360
113 413
113 479
113 489
114 25
114 26
114 59
114 135
114 146
114 175
114 205
114 263
114 316
114 456
115 43
115 51
115 91
115 203
115 263
115 294
115 298
115 358
115 403
116 83
116 87
116 224
116 312
117 113
117 291
117 313
117 374
117 466
117 470
118 110
118 287
118 339
118 352
118 363
118 392
118 480
118 491
119 58
119 77
119 209
119 305
119 338
119 416
119 434
119 471
119 484
119 493
119 498
120 27
120 136
120 166
120 266
120 281
120 307
120 329
120 374
120 465
121 2
121 30
121 32
121 72
121 80
121 121
121 284
121 303
121 331
121 393
121 437
122 43
122 100
122 102
122 135
122 138
122 233
122 284
122 290
122 303
122 332
123 109
123 184
123 198
123 205
123 227
123 228
123 319
123 384
123 474
123 485
124 40
124 110
124 177
124 209
124 210
124 250
124 258
124 288
124 317
124 359
124 413
124 423
124 448
124 482
124 485
125 11
125 30
125 93
125 118
125 134
125 181
125 273
125 279
125 318
125 326
125 365
125 370
125 442
125 469
126 8
126 10
126 194
126 195
126 247
126 272
126 292
126 321
126 351
126 367
126 467
126 476
126 496
127 27
127 83
127 104
127 148
127 159
127 191
127 199
127 402
127 486
128 7
128 188
128 311
128 312
129 16
129 39
129 72
129 133
129 186
129 189
129 309
129 446
129 498
130 18
130 36
130 115
130 149
130 341
130 387
130 437
131 23
131 25
131 85
131 173
131 176
131 253
131 361
131 393
132 5
132 72
132 119
132 150
132 299
132 323
132 374
132 386
132 417
132 423
133 20
133 44
133 81
133 90
133 123
133 138
133 153
133 228
133 230
133 251
133 262
133 272
133 363
133 430
133 432
133 454
133 474
133 497
134 92
134 115
134 142
134 173
134 175
134 200
134 235
134 238
134 305
134 374
135 217
135 247
135 251
135 334
135 372
135 389
135 408
135 466
135 479
135 493
135 494
136 93
136 132
136 146
136 194
136 226
136 237
136 263
136 275
136 336
136 347
136 361
136 481
137 50
137 87
137 136
137 221
137 275
137 285
137 322
137 356
137 369
138 82
138 159
138 172
138 180
138 199
138 291
138 478
139 10
139 13
139 17
139 98
139 160
139 190
139 203
139 318
139 365
139 448
140 301
140 316
140 323
140 342
140 355
140 407
140 475
141 45
141 64
141 89
141 110
141 141
141 201
141 215
141 234
141 245
141 259
141 379
141 401
142 0
142 25
142 46
142 47
142 83
142 88
142 93
142 122
142 317
142 362
142 378
142 481
142 482
143 85
143 139
143 240
143 241
143 249
143 343
143 361
143 391
144 67
144 86
144 130
144 272
144 385
144 393
144 429
144 435
144 444
145 71
145 80
145 126
145 236
145 275
145 321
145 377
145 380
145 481
146 88
146 105
146 148
146 151
146 157
146 237
146 253
146 311
146 362
146 428
146 453
146 478
147 32
147 88
147 90
147 139
147 229
147 237
147 281
147 334
147 385
147 420
147 443
148 98
148 115
148 203
148 234
148 292
148 294
148 334
148 368
149 2
149 204
149 218
149 235
149 244
149 317
149 385
149 435
150 19
150 28
150 307
150 392
150 417
150 460
151 61
151 83
151 125
151 132
151 177
151 184
151 239
151 401
151 451
151 458
152 59
152 108
152 127
152 128
152 134
152 200
152 249
152 290
152 354
152 367
152 467
152 478
153 3
153 125
153 147
153 192
153 216
153 256
153 456
153 471
154 31
154 70
154 81
154 171
154 254
154 435
154 479
155 79
155 133
155 137
155 268
155 310
156 2
156 28
156 30
156 59
156 117
156 140
156 165
156 172
156 251
156 286
156 325
156 433
156 449
156 487
157 291
157 376
157 407
158 38
158 149
158 181
158 192
158 203
158 216
158 235
158 295
158 327
158 346
158 349
158 355
158 440
158 466
159 45
159 60
159 68
159 92
159 119
159 132
159 195
159 239
159 366
159 384
159 403
159 447
160 11
160 43
160 154
160 201
160 223
160 461
161 14
161 60
161 99
161 118
161 123
161 305
161 306
161 354
161 417
161 445
161 483
162 39
162 51
162 86
162 91
162 123
162 221
162 224
162 240
162 252
162 259
162 275
162 291
162 293
162 356
162 362
162 397
162 415
162 442
162 455
163 65
163 67
163 129
163 196
163 197
163 317
163 323
163 344
163 479
164 14
164 87
164 257
164 259
164 315
164 379
164 411
165 29
165 92
165 156
165 160
165 207
165 248
165 336
165 389
165 404
165 410
165 468
166 116
166 157
166 210
166 286
166 362
166 405
166 406
166 428
167 24
167 34
167 150
167 177
167 211
167 279
167 348
167 370
167 371
167 384
167 440
167 464
167 495
168 7
168 39
168 41
168 92
168 134
168 187
168 281
168 417
168 428
168 465
169 49
169 86
169 91
169 107
169 156
169 175
169 190
169 196
169 199
169 244
169 248
169 254
169 311
169 365
169 414
169 459
170 3
170 34
170 76
170 88
170 211
170 262
170 308
170 316
170 327
170 352
170 373
170 390
170 416
170 442
171 34
171 180
171 195
171 202
171 220
171 227
171 246
171 341
171 419
171 438
172 70
172 186
172 315
172 332
172 436
172 474
172 499
173 55
173 73
173 271
173 380
173 389
173 477
174 11
174 42
174 84
174 142
174 150
174 194
174 339
174 380
174 384
174 405
174 425
174 482
175 21
175 116
175 146
175 177
175 188
175 200
175 468
175 489
176 15
176 18
176 52
176 58
176 81
176 95
176 114
176 155
176 201
176 264
176 303
176 377
176 384
176 389
176 398
176 419
177 59
177 93
177 109
177 166
177 180
177 221
177 286
177 292
177 481
177 498
178 21
178 194
179 5
179 111
179 116
179 279
179 304
179 307
179 344
179 346
179 397
179 405
179 425
179 459
179 478
179 489
180 13
180 95
180 135
180 136
180 179
180 213
180 229
180 280
180 292
180 361
180 374
180 384
180 386
180 424
180 483
181 20
181 41
181 55
181 77
181 120
181 123
181 242
181 370
181 419
181 453
182 38
182 43
182 152
182 183
182 205
182 215
182 231
182 236
182 266
182 319
182 322
182 388
183 36
183 40
183 110
183 233
183 265
183 328
183 377
183 403
183 465
184 94
184 140
184 216
184 240
184 292
184 353
184 366
184 401
184 415
184 452
184 456
185 74
185 137
185 172
185 278
185 289
185 291
185 314
185 366
185 372
185 399
185 464
186 17
186 54
186 95
186 134
186 149
186 159
186 234
186 245
186 330
186 368
186 383
186 412
186 467
186 471
187 41
187 76
187 128
187 138
187 139
187 161
187 306
187 333
187 352
187 445
187 449
187 492
188 47
188 113
188 116
188 168
188 185
188 235
188 252
188 335
188 401
188 408
188 426
188 443
188 451
189 42
189 180
189 231
189 245
189 268
189 316
189 419
189 438
189 464
190 19
190 68
190 78
190 98
190 132
190 189
190 222
190 273
190 361
190 422
191 42
191 64
191 171
191 176
191 185
191 209
191 226
191 280
191 332
191 361
191 364
191 499
192 15
192 17
192 21
192 46
192 122
192 144
192 214
192 225
192 227
192 312
192 359
192 392
192 441
192 457
193 118
193 203
193 277
193 392
193 446
193 495
194 131
194 238
194 253
194 271
194 322
194 341
194 343
194 399
194 422
194 425
194 449
194 464
195 17
195 205
195 279
195 289
195 333
195 433
195 442
196 19
196 57
196 75
196 186
196 211
196 369
196 437
196 459
197 47
197 58
197 172
197 181
197 235
197 272
197 342
197 358
197 413
197 426
198 97
198 102
198 228
198 229
198 325
198 446
198 493
199 33
199 71
199 73
199 78
199 160
199 169
199 231
199 238
199 269
199 276
199 305
199 354
199 365
199 373
200 122
200 164
200 190
200 192
200 219
200 281
200 340
200 395
200 404
200 415
200 461
200 492
201 4
201 91
201 174
201 268
201 286
201 390
201 404
201 411
201 424
201 450
201 473
201 490
202 26
202 65
202 92
202 95
202 106
202 115
202 139
202 141
202 142
202 156
202 259
202 304
202 356
202 360
202 438
202 458
203 20
203 23
203 79
203 91
203 135
203 142
203 154
203 158
203 241
203 243
203 376
203 420
203 427
203 453
203 500
204 7
204 83
204 86
204 87
204 180
204 362
204 364
204 404
204 412
204 441
204 447
205 61
205 109
205 142
205 148
205 162
205 312
205 322
205 358
205 441
206 24
206 74
206 318
206 351
206 403
206 421
206 442
206 444
207 40
207 46
207 50
207 163
207 228
207 248
207 249
207 313
207 369
207 395
207 465
208 13
208 28
208 300
208 321
208 348
208 383
208 425
208 433
208 456
208 464
209 17
209 71
209 72
209 87
209 138
209 162
209 211
209 247
209 266
209 273
209 286
209 376
209 378
209 426
209 462
209 468
209 494
209 499
210 44
210 87
210 117
210 146
210 155
210 232
210 277
210 288
210 418
210 419
210 433
210 478
211 11
211 31
211 39
211 55
211 128
211 136
211 173
211 217
211 283
211 316
211 383
211 480
212 127
212 243
212 283
212 415
212 442
213 38
213 160
213 284
213 285
213 295
213 388
213 435
213 440
214 22
214 52
214 84
214 160
214 180
214 203
214 371
214 413
214 445
215 9
215 19
215 52
215 158
215 227
215 343
215 408
215 414
215 465
216 5
216 25
216 77
216 175
216 195
216 225
216 234
216 255
216 353
216 374
216 492
217 47
217 63
217 95
217 129
217 181
217 417
217 472
217 474
218 32
218 40
218 111
218 157
218 272
218 388
218 391
218 417
218 422
218 452
219 63
219 140
219 151
219 228
219 261
219 313
219 351
219 429
219 467
220 91
220 96
220 117
220 136
220 138
220 225
220 230
220 262
220 376
220 385
220 450
220 453
221 36
221 162
221 234
221 242
221 398
221 417
221 443
221 483
222 36
222 61
222 225
222 363
223 18
223 92
223 95
223 105
223 165
223 328
223 334
223 409
223 412
223 457
223 478
224 76
224 95
224 98
224 131
224 148
224 161
224 199
224 215
224 229
224 344
224 362
224 382
224 407
224 464
224 479
224 480
225 65
225 99
225 108
225 145
225 153
225 173
225 220
225 332
226 8
226 64
226 65
226 83
226 117
226 148
226 166
226 174
226 281
226 365
226 450
226 465
227 80
227 115
227 117
227 150
227 176
227 280
227 377
227 441
228 6
228 42
228 57
228 214
228 217
228 277
228 321
228 340
228 360
228 401
228 414
228 415
228 434
228 474
229 14
229 70
229 136
229 164
229 170
229 242
229 365
229 411
229 425
229 443
229 444
230 29
230 109
230 140
230 198
230 312
230 333
230 348
230 423
230 430
231 210
231 232
231 337
231 438
231 458
232 6
232 135
232 143
232 234
232 305
232 336
232 340
232 393
232 401
232 404
232 428
232 429
232 452
233 5
233 15
233 23
233 293
233 382
233 402
233 404
233 461
234 226
234 415
234 446
235 51
235 154
235 215
235 249
235 251
235 260
235 404
235 416
235 429
235 495
236 123
236 146
236 242
236 351
236 387
236 399
236 498
237 25
237 26
237 247
237 266
237 380
237 400
237 426
237 453
238 58
238 73
238 81
238 84
238 86
238 121
238 126
238 215
238 223
238 239
238 254
238 378
238 461
238 483
238 484
239 12
239 59
239 162
239 207
239 292
239 313
239 371
239 395
239 430
240 49
240 58
240 81
240 117
240 226
240 257
240 476
241 50
241 107
241 235
241 260
241 427
241 475
242 4
242 51
242 88
242 115
242 134
242 267
242 416
242 453
243 81
243 118
243 137
243 187
243 246
243 281
243 312
243 339
243 375
244 41
244 50
244 66
244 71
244 73
244 90
244 108
244 198
244 203
244 228
244 230
244 307
244 358
244 364
244 400
244 407
245 59
245 86
245 87
245 116
245 125
245 151
245 167
245 225
245 284
245 307
245 378
245 392
245 417
245 424
245 495
246 51
246 100
246 120
246 151
246 164
246 176
246 181
246 232
246 340
246 361
246 371
246 384
247 44
247 50
247 57
247 249
247 282
247 386
247 390
248 43
248 102
248 122
248 194
248 223
248 232
248 235
248 308
248 391
248 399
248 460
248 486
248 489
249 1
249 4
249 19
249 39
249 70
249 97
249 106
249 228
249 327
249 383
249 390
249 457
250 44
250 103
250 166
250 214
250 381
250 405
250 427
250 428
250 464
250 475
251 10
251 75
251 110
251 112
251 147
251 242
251 494
252 78
252 148
252 183
252 222
252 458
252 466
252 485
252 495
253 20
253 46
253 145
253 146
253 184
253 248
253 303
253 325
253 388
253 389
253 446
253 462
254 58
254 87
254 128
254 350
254 368
254 434
254 435
254 443
255 235
255 363
255 448
255 487
256 8
256 49
256 98
256 102
256 121
256 348
256 354
256 371
256 407
256 461
256 487
257 6
257 42
257 165
257 198
257 260
257 263
257 319
257 322
257 448
257 451
258 19
258 28
258 85
258 134
258 142
258 151
258 156
258 271
258 378
258 386
258 474
258 489
259 9
259 60
259 63
259 142
259 184
259 185
259 355
259 424
259 431
260 12
260 31
260 119
260 157
260 175
260 237
260 268
260 440
260 462
260 479
261 27
261 49
261 72
261 76
261 120
261 150
261 180
261 183
261 244
261 337
261 350
261 407
262 139
262 185
262 250
262 259
262 440
262 477
263 78
263 100
263 121
263 194
263 283
263 301
263 466
264 5
264 42
264 56
264 75
264 77
264 82
264 254
264 274
264 280
264 340
264 374
264 458
264 464
264 466
265 33
265 48
265 64
265 171
265 284
265 310
265 406
265 442
266 116
266 158
266 200
266 203
266 213
266 269
266 350
266 477
267 52
267 140
267 197
267 245
267 327
267 387
267 400
268 45
268 119
268 169
268 245
268 323
268 355
268 367
268 444
268 488
269 95
269 152
269 180
269 192
269 229
269 314
269 321
269 366
269 404
270 45
270 51
270 95
270 172
270 347
270 372
270 414
270 424
270 459
271 73
271 84
271 124
271 140
271 163
271 165
271 189
271 244
271 245
271 391
271 475
272 49
272 163
272 195
272 250
272 271
272 277
272 310
272 453
273 32
273 58
273 271
273 313
273 340
273 405
273 481
274 19
274 52
274 54
274 122
274 146
274 192
274 228
274 261
274 269
274 281
274 298
275 19
275 61
275 76
275 82
275 100
275 120
275 140
275 146
275 183
275 197
275 200
275 227
275 350
275 362
275 398
275 404
275 441
275 464
275 467
276 18
276 136
276 158
276 250
276 273
276 359
276 392
276 416
276 455
276 496
277 1
277 2
277 25
277 86
277 157
277 186
277 435
278 15
278 120
278 159
278 170
278 174
278 196
278 295
278 297
278 346
278 356
278 389
279 56
279 68
279 134
279 137
279 139
279 274
280 55
280 57
280 64
280 71
280 101
280 231
280 279
280 285
280 309
280 423
280 454
280 495
281 17
281 55
281 61
281 128
281 130
281 146
281 232
281 286
281 352
281 387
281 458
282 164
282 165
282 167
282 200
282 260
282 371
282 482
283 100
283 109
283 116
283 242
283 248
283 297
283 355
283 362
283 367
283 464
284 182
284 186
284 193
284 237
284 244
284 279
284 304
284 316
284 399
284 409
284 466
284 490
285 8
285 96
285 107
285 133
285 159
285 307
285 404
286 10
286 44
286 94
286 115
286 263
286 364
286 366
286 387
286 439
287 4
287 38
287 161
287 311
287 336
287 371
287 389
287 431
287 435
287 457
287 475
288 3
288 46
288 114
288 131
288 156
288 161
288 196
288 212
288 221
288 240
288 324
288 325
288 397
288 488
288 490
289 29
289 56
289 77
289 92
289 106
289 127
289 186
289 239
289 309
289 394
289 411
289 437
289 441
289 442
289 449
290 88
290 157
290 173
290 213
290 294
290 372
290 416
291 54
291 81
291 125
291 142
291 151
291 159
291 197
291 204
291 220
291 224
291 378
291 408
291 414
291 418
291 446
292 70
292 83
292 98
292 109
292 145
292 156
292 256
292 258
292 362
292 366
292 479
293 25
293 70
293 87
293 124
293 234
293 318
293 412
293 474
293 492
293 494
294 39
294 135
294 335
294 338
294 421
294 434
294 478
295 5
295 78
295 102
295 111
295 158
295 253
295 278
295 287
295 422
295 463
296 7
296 36
296 167
296 168
296 180
296 185
296 189
296 239
296 478
296 488
296 492
297 102
297 275
297 282
297 311
297 328
297 362
297 388
297 431
297 446
297 467
297 487
298 45
298 121
298 206
298 235
298 282
298 329
298 413
299 36
299 44
299 54
299 163
299 166
299 193
299 258
299 262
299 268
299 283
299 289
299 290
299 344
299 425
299 440
299 475
300 45
300 61
300 79
300 105
300 137
300 172
300 190
300 313
300 333
300 475
301 116
301 196
301 204
301 309
301 346
301 352
301 365
301 470
302 68
302 122
302 131
302 353
302 362
302 377
302 380
302 437
302 488
303 116
303 119
303 171
303 182
303 229
303 290
303 340
303 349
303 351
303 416
303 456
303 500
304 59
304 93
304 147
304 196
304 202
304 311
304 313
304 346
304 350
304 392
304 436
305 192
305 284
305 326
306 68
306 72
306 76
306 115
306 165
306 166
306 198
306 215
306 301
306 310
306 311
306 327
306 457
307 39
307 72
307 194
307 248
307 351
307 392
307 423
307 430
307 467
307 479
308 85
308 91
308 104
308 115
308 120
308 128
308 129
308 137
308 277
308 280
308 355
308 416
308 480
309 69
309 72
309 107
309 110
309 117
309 261
309 314
309 373
309 415
309 455
310 28
310 43
310 82
310 88
310 151
310 156
310 167
310 174
310 218
310 259
310 331
310 336
310 358
310 366
310 385
311 22
311 79
311 110
311 154
311 161
311 241
311 344
311 411
311 453
311 491
312 79
312 85
312 161
312 168
312 174
312 199
312 227
312 319
312 322
312 358
312 395
312 427
312 461
313 18
313 93
313 104
313 194
313 294
313 325
313 352
313 366
313 407
314 49
314 72
314 108
314 135
314 160
314 161
314 256
314 293
314 331
314 355
314 434
314 455
314 495
315 17
315 57
315 257
315 322
315 329
315 346
315 421
315 427
315 438
315 478
316 28
316 85
316 124
316 140
316 265
316 298
316 317
316 378
316 404
316 466
317 71
317 121
317 176
317 178
317 180
317 193
317 242
317 485
318 84
318 231
318 318
318 405
318 452
318 462
318 479
318 498
319 54
319 115
319 152
319 336
319 342
319 392
319 437
319 483
319 488
320 170
320 202
320 214
320 291
320 297
320 308
320 368
320 406
320 416
320 434
320 450
320 469
321 48
321 61
321 81
321 109
321 181
321 193
321 205
321 253
321 283
321 330
321 421
321 444
321 457
322 73
322 127
322 145
322 158
322 249
322 322
322 348
322 413
322 425
322 460
322 497
323 63
323 150
323 224
323 251
323 402
323 412
323 498
324 17
324 54
324 149
324 167
324 212
324 221
324 225
324 274
324 287
324 331
324 335
324 353
325 18
325 30
325 47
325 97
325 124
325 145
325 249
325 291
325 404
325 455
325 466
325 495
326 12
326 55
326 92
326 202
326 209
326 223
326 280
326 291
326 334
326 351
326 415
326 494
327 13
327 117
327 172
327 194
327 235
327 329
327 337
328 14
328 22
328 49
328 79
328 123
328 149
328 199
328 205
328 210
328 220
328 235
328 253
328 262
328 264
328 307
328 381
328 407
328 420
328 459
328 463
329 41
329 123
329 151
329 289
329 333
329 356
329 375
329 389
329 425
329 429
330 37
330 42
330 64
330 102
330 144
330 145
330 186
330 242
330 298
330 381
330 404
330 421
330 428
330 433
330 495
330 497
331 84
331 426
331 471
331 492
332 28
332 46
332 54
332 73
332 130
332 144
332 147
332 170
332 183
332 228
332 321
332 322
332 324
332 377
332 379
333 12
333 130
333 140
333 150
333 183
333 199
333 226
333 227
333 361
333 400
333 422
333 424
333 481
334 20
334 98
334 214
334 320
334 329
334 365
334 427
334 448
334 454
334 456
334 461
334 493
335 12
335 15
335 47
335 81
335 94
335 121
335 144
335 192
335 193
335 408
335 412
335 417
335 439
335 489
336 14
336 177
336 255
336 338
336 341
336 388
336 434
337 108
337 127
337 147
337 206
337 238
337 322
338 86
338 96
338 197
338 374
338 390
338 403
339 7
339 30
339 43
339 154
339 168
339 195
339 224
339 239
339 267
339 277
339 282
339 411
339 426
339 434
339 479
340 73
340 188
340 254
340 447
340 455
340 481
341 117
341 149
341 215
341 221
341 246
341 260
341 273
341 278
341 347
341 375
341 447
341 492
342 10
342 65
342 73
342 156
342 158
342 170
342 305
342 344
343 21
343 53
343 129
343 134
343 175
343 206
343 232
343 281
343 285
343 309
343 310
343 388
343 491
344 0
344 48
344 49
344 124
344 310
344 360
344 370
345 31
345 80
345 109
345 277
345 438
345 447
345 454
345 464
346 9
346 45
346 67
346 68
346 94
346 132
346 224
346 313
346 386
346 428
346 441
346 456
346 493
347 34
347 102
347 143
347 169
347 204
347 289
347 292
347 297
347 305
347 306
347 365
347 369
347 476
348 3
348 54
348 124
348 144
348 205
348 243
348 248
348 269
348 356
348 369
348 427
348 452
348 477
349 60
349 81
349 150
349 410
349 464
350 52
350 111
350 115
350 142
350 149
350 198
350 241
350 263
350 343
350 437
351 40
351 62
351 84
351 115
351 202
351 206
351 377
351 379
351 417
351 443
351 444
352 47
352 63
352 101
352 139
352 226
352 235
352 252
352 312
352 332
352 346
352 370
352 460
352 485
353 111
353 214
353 219
353 235
353 343
353 407
353 431
353 474
354 36
354 99
354 212
354 235
354 239
354 251
354 321
354 349
354 393
354 481
355 23
355 193
355 296
355 332
355 429
355 444
355 445
356 8
356 62
356 269
356 290
356 360
356 436
356 462
356 494
357 9
357 20
357 170
357 185
357 345
357 349
357 417
357 422
357 432
357 487
358 33
358 154
358 182
358 212
358 251
358 305
358 337
358 339
358 397
358 417
358 421
358 452
358 467
358 481
359 106
359 107
359 123
359 129
359 148
359 183
359 185
359 189
359 222
359 272
359 288
359 330
359 484
360 29
360 180
360 192
360 215
360 246
360 292
360 341
360 349
360 351
360 381
360 465
361 37
361 223
361 372
361 401
361 455
362 27
362 47
362 63
362 70
362 107
362 117
362 144
362 186
362 217
362 264
362 311
362 373
362 410
362 451
363 37
363 163
363 198
363 199
363 242
363 266
363 298
363 352
363 358
363 421
363 482
364 30
364 64
364 128
364 370
364 460
365 15
365 98
365 110
365 262
365 305
365 319
365 399
365 404
365 430
365 440
365 450
365 476
366 27
366 35
366 155
366 218
366 261
366 312
366 388
366 414
366 478
367 30
367 33
367 72
367 79
367 179
367 240
367 286
367 362
367 372
367 375
367 407
367 468
367 496
368 165
368 198
368 260
368 464
369 40
369 54
369 174
369 319
369 320
369 398
370 80
370 90
370 119
370 126
370 174
370 190
370 238
370 302
370 312
370 348
370 354
370 384
371 67
371 134
371 177
371 298
371 339
371 383
371 445
372 158
372 193
372 216
372 262
372 383
372 422
373 0
373 4
373 46
373 99
373 103
373 173
373 177
373 216
373 223
373 285
373 288
373 319
374 3
374 20
374 36
374 38
374 67
374 81
374 176
374 232
374 248
374 290
374 332
374 385
374 386
374 410
374 416
374 429
374 459
374 462
375 67
375 69
375 79
375 86
375 180
375 241
375 253
375 270
375 273
375 312
375 390
375 392
375 404
375 472
376 109
376 161
376 274
376 311
376 360
376 465
376 482
377 47
377 62
377 73
377 100
377 106
377 145
377 238
377 252
377 350
377 389
377 399
377 477
378 44
378 107
378 159
378 168
378 307
378 312
378 330
378 449
378 456
379 22
379 67
379 90
379 214
379 225
379 275
379 284
379 476
379 494
380 11
380 82
380 112
380 130
380 175
380 182
380 187
380 268
380 317
380 321
380 357
380 359
380 428
380 486
381 102
381 176
381 323
381 444
381 461
382 104
382 105
382 129
382 241
382 465
383 32
383 189
383 234
383 274
383 298
383 425
384 48
384 113
384 142
384 186
384 188
384 228
384 331
384 398
384 428
384 473
385 66
385 138
385 195
385 230
385 275
385 285
385 326
385 366
386 11
386 31
386 36
386 37
386 140
386 145
386 179
386 225
386 262
386 271
386 278
386 329
386 341
386 383
386 400
386 412
387 30
387 64
387 70
387 77
387 220
387 257
387 274
387 408
388 30
388 89
388 95
388 276
388 291
388 366
388 402
388 416
388 421
389 19
389 58
389 59
389 241
389 298
389 355
389 368
389 404
389 438
389 474
390 90
390 289
390 320
390 321
390 324
390 391
390 422
390 442
390 472
390 488
391 3
391 29
391 42
391 139
391 268
391 293
391 312
391 320
391 331
391 370
391 449
391 465
391 472
392 56
392 106
392 241
392 289
392 339
392 440
392 499
393 133
393 183
393 211
393 219
393 250
393 408
393 438
394 30
394 69
394 73
394 79
394 82
394 103
394 129
394 379
394 423
394 467
394 494
395 22
395 49
395 55
395 91
395 93
395 147
395 197
395 247
395 316
395 323
395 385
395 396
395 419
395 426
395 431
395 445
396 0
396 51
396 93
396 113
396 137
396 190
396 203
396 221
396 222
396 493
397 63
397 76
397 140
397 176
397 184
397 248
397 265
397 327
398 18
398 61
398 83
398 158
398 163
398 296
398 333
398 362
398 450
398 459
399 88
399 263
399 284
399 357
399 388
399 435
399 437
399 440
399 470
399 476
400 37
400 44
400 232
400 413
401 46
401 69
401 88
401 195
401 213
401 284
401 362
401 375
401 443
401 490
401 496
402 10
402 68
402 69
402 129
402 176
402 275
402 286
402 288
402 301
402 324
402 443
402 474
402 493
403 17
403 107
403 123
403 138
403 166
403 206
403 213
403 285
403 361
403 410
403 415
403 419
403 429
403 437
404 11
404 21
404 27
404 171
404 185
404 200
404 262
404 283
404 297
404 426
404 439
404 493
405 65
405 101
405 149
405 295
405 354
405 400
405 483
405 487
406 8
406 108
406 380
406 387
406 435
406 441
406 464
407 5
407 30
407 64
407 106
407 190
407 208
407 315
407 345
407 361
407 377
407 386
407 434
407 477
408 49
408 69
408 90
408 179
408 462
408 492
409 44
409 137
409 208
409 277
409 280
409 431
410 21
410 122
410 141
410 157
410 163
410 196
410 208
410 245
410 271
410 351
410 379
410 426
410 468
410 479
411 16
411 20
411 70
411 118
411 247
411 291
411 314
411 322
411 349
411 468
411 474
411 482
412 82
412 153
412 160
412 251
412 298
412 348
412 382
412 426
412 480
413 77
413 153
413 198
413 206
413 242
413 261
413 291
413 308
413 335
413 363
413 415
414 101
414 145
414 171
414 180
414 332
414 485
415 45
415 93
415 165
415 252
415 299
415 304
415 322
415 324
415 363
415 385
415 403
415 404
416 5
416 141
416 144
416 278
416 367
417 16
417 30
417 36
417 47
417 65
417 91
417 240
417 259
417 277
417 317
417 347
417 352
417 357
417 432
417 476
418 17
418 35
418 140
418 154
418 184
418 227
418 235
418 294
418 336
418 356
418 360
418 366
418 371
418 382
418 384
418 420
418 427
419 16
419 76
419 97
419 125
419 169
419 255
419 287
419 330
420 91
420 200
420 270
420 319
420 339
420 359
420 366
420 431
421 23
421 113
421 176
421 193
421 195
421 246
421 272
422 61
422 85
422 205
422 272
422 274
422 334
422 346
422 385
422 393
422 428
423 30
423 94
423 147
423 157
423 196
423 244
423 275
423 317
423 330
423 332
423 340
423 392
423 398
423 412
423 436
423 462
424 2
424 116
424 134
424 146
424 182
424 241
424 242
424 273
424 332
424 345
424 353
425 37
425 69
425 73
425 77
425 82
425 121
425 126
425 163
425 183
425 220
425 232
425 275
425 375
425 422
425 441
425 450
425 452
426 5
426 224
426 355
426 377
426 473
427 70
427 97
427 144
427 349
427 399
427 411
427 445
428 13
428 63
428 159
428 177
428 202
428 248
428 252
428 306
428 371
428 375
428 381
428 494
429 5
429 43
429 58
429 60
429 68
429 141
429 191
429 237
429 305
429 341
429 373
429 379
429 432
430 79
430 167
430 212
430 237
430 333
430 430
430 496
431 8
431 73
431 126
431 129
431 135
431 216
431 263
431 385
431 388
431 423
432 69
432 148
432 161
432 342
432 451
433 156
433 161
433 284
433 359
433 405
433 432
433 479
433 495
434 112
434 144
434 231
434 288
434 308
434 363
434 407
434 411
434 412
435 116
435 134
435 147
435 287
435 307
435 379
435 459
436 27
436 136
436 148
436 151
436 152
436 203
436 251
436 291
436 293
436 307
436 372
436 442
437 74
437 139
437 193
437 199
437 232
437 311
438 51
438 138
438 218
438 294
438 299
439 52
439 217
439 301
439 391
439 411
439 484
440 56
440 89
440 119
440 121
440 133
440 146
440 180
440 431
440 479
441 2
441 34
441 58
441 65
441 100
441 156
441 178
441 185
441 246
441 275
441 308
441 317
441 400
442 14
442 112
442 175
442 197
442 200
442 254
442 268
442 282
442 442
442 465
442 480
443 152
443 156
443 219
443 343
443 374
443 444
443 472
443 473
443 493
444 25
444 27
444 139
444 234
444 259
444 265
444 271
444 298
444 329
444 363
444 365
444 381
444 405
444 426
445 88
445 119
445 135
445 203
445 279
445 295
445 334
445 382
445 489
445 493
446 16
446 126
446 391
446 400
446 447
447 60
447 126
447 136
447 156
447 177
447 263
447 268
447 384
447 397
447 438
448 29
448 80
448 107
448 204
448 245
448 250
448 263
448 361
449 11
449 70
449 176
449 180
449 271
449 280
449 322
449 493
450 24
450 83
450 137
450 183
450 272
450 281
450 324
450 331
450 411
450 459
450 499
451 49
451 113
451 219
451 299
451 363
451 368
451 378
451 407
451 489
452 31
452 72
452 93
452 271
452 274
452 312
452 367
452 458
453 8
453 110
453 122
453 184
453 220
453 237
453 297
453 389
453 464
453 482
454 46
454 75
454 189
454 193
454 206
454 309
454 338
454 422
454 451
455 17
455 74
455 75
455 141
455 185
455 230
455 232
455 239
455 276
455 322
455 449
455 468
456 9
456 50
456 57
456 64
456 66
456 123
456 305
456 324
456 376
457 14
457 20
457 79
457 99
457 141
457 165
457 260
457 271
457 274
457 308
457 360
457 380
457 421
458 25
458 50
458 66
458 126
458 194
458 253
458 295
458 301
458 417
458 458
459 0
459 13
459 29
459 34
459 348
459 355
459 458
459 469
459 480
459 490
459 498
460 4
460 26
460 31
460 62
460 140
460 407
460 462
460 481
461 47
461 83
461 235
461 252
461 297
461 328
461 358
461 401
462 2
462 116
462 173
462 232
462 244
462 274
462 284
462 298
462 307
462 370
462 380
462 384
462 476
463 61
463 65
463 140
463 172
463 178
463 226
463 262
463 266
463 304
463 310
463 315
463 398
463 477
464 11
464 146
464 240
464 252
464 353
464 402
464 421
464 433
464 495
464 497
465 20
465 82
465 92
465 95
465 154
465 172
465 242
465 271
465 276
465 278
465 452
465 456
466 25
466 121
466 370
466 392
466 395
466 450
466 477
466 489
467 12
467 172
467 242
467 350
467 390
467 404
467 435
468 0
468 39
468 100
468 159
468 202
468 266
468 268
468 283
468 304
468 330
468 414
468 431
468 433
468 435
468 477
469 10
469 81
469 103
469 171
469 228
469 298
469 374
469 380
469 407
469 455
470 6
470 173
470 186
470 195
470 201
470 284
470 316
470 338
470 415
470 492
470 498
471 7
471 21
471 86
471 106
471 123
471 263
471 274
471 348
471 422
471 434
471 448
472 3
472 23
472 56
472 68
472 365
472 437
473 13
473 14
473 61
473 71
473 125
473 209
473 212
473 277
473 338
473 417
473 456
474 97
474 109
474 203
474 206
474 210
474 256
474 276
474 325
474 414
475 17
475 24
475 54
475 106
475 189
475 210
475 259
475 297
475 298
475 301
475 360
475 414
475 468
476 4
476 41
476 50
476 142
476 174
476 189
476 228
476 241
476 278
476 283
476 412
476 437
476 441
476 480
476 498
477 6
477 17
477 141
477 176
477 190
477 245
477 296
477 386
477 433
478 3
478 65
478 104
478 105
478 170
478 214
478 265
478 303
478 346
478 438
478 439
478 478
479 44
479 82
479 102
479 157
479 204
479 208
479 248
479 274
479 287
479 401
479 417
480 28
480 98
480 99
480 183
480 186
480 267
480 301
480 319
480 338
480 391
480 425
480 500
481 66
481 68
481 72
481 119
481 274
481 333
481 337
481 351
481 352
481 375
482 8
482 44
482 140
482 154
482 159
482 229
482 234
482 349
482 427
483 50
483 147
483 174
483 231
483 261
483 308
483 355
483 434
483 489
483 494
484 162
484 210
484 273
484 318
484 323
484 336
484 444
485 5
485 21
485 349
485 411
485 413
485 432
485 476
485 495
486 94
486 317
487 45
487 103
487 111
487 178
487 193
487 212
487 252
487 265
487 275
487 286
487 379
487 480
488 19
488 58
488 204
488 211
488 248
488 366
488 389
488 406
488 500
489 32
489 68
489 69
489 75
489 84
489 118
489 234
489 245
489 253
489 289
489 294
489 357
489 379
489 390
489 401
489 446
489 492
490 57
490 99
490 150
490 172
490 199
490 318
490 342
490 351
490 438
491 50
491 58
491 82
491 115
491 210
491 258
491 280
491 302
491 339
491 350
491 427
492 29
492 142
492 152
492 157
492 301
492 340
492 375
492 388
492 393
492 401
493 63
493 92
493 193
493 256
493 302
493 381
493 409
494 25
494 30
494 77
494 170
494 253
494 265
494 295
494 341
495 62
495 151
495 175
495 240
495 250
495 313
495 364
495 368
495 436
495 474
495 491
495 494
496 85
496 97
496 174
496 315
496 322
496 379
496 499
497 37
497 81
497 112
497 120
497 147
497 232
497 431
497 480
498 8
498 76
498 106
498 147
498 149
498 158
498 228
498 231
498 284
498 331
498 357
498 388
498 407
499 189
499 269
499 304
499 309
499 364
499 436
499 465
500 133
500 144
500 145
500 211
500 233
500 288
500 352
500 371
500 423
500 439
500 454