0 0 200 200
2000
0 24
0 26
0 56
0 98
0 100
0 101
0 108
0 116
0 130
0 148
0 155
0 165
0 195
1 15
1 26
1 30
1 59
1 68
1 107
1 149
1 165
1 179
1 186
2 30
2 40
2 56
2 99
2 107
2 124
2 127
2 130
2 178
2 179
2 190
3 11
3 17
3 44
3 73
3 82
3 96
3 106
3 145
3 153
3 160
3 190
4 1
4 5
4 16
4 64
4 91
4 93
4 100
4 110
4 119
4 125
4 151
4 157
4 188
5 9
5 14
5 48
5 49
5 63
5 84
5 102
5 158
5 181
5 197
6 0
6 6
6 61
6 65
6 195
7 0
7 2
7 13
7 50
7 57
7 76
7 77
7 97
7 140
7 143
7 189
7 191
7 195
8 13
8 62
8 75
8 84
8 104
8 109
8 119
8 133
8 142
8 157
9 18
9 30
9 70
9 81
9 84
9 102
9 111
9 117
9 118
9 164
9 169
9 185
10 13
10 45
10 63
10 87
10 124
10 171
10 190
10 200
11 3
11 17
11 79
11 159
11 177
12 7
12 26
12 81
12 100
12 118
12 125
12 146
12 155
12 179
12 191
13 27
13 60
13 153
13 164
13 180
14 12
14 70
14 76
14 113
14 140
14 154
14 179
14 188
15 24
15 27
15 60
15 72
15 84
15 112
15 115
16 17
16 24
16 42
16 47
16 63
16 90
17 31
17 61
17 81
17 91
17 114
17 120
17 121
18 77
18 96
18 98
18 140
18 158
18 174
19 6
19 9
19 30
19 41
19 100
19 103
19 118
19 131
19 175
19 179
19 196
20 29
20 32
20 54
20 60
20 61
20 71
20 82
20 84
20 93
20 115
20 190
21 45
21 50
21 104
21 147
21 156
21 177
21 191
22 7
22 17
22 21
22 65
22 183
22 199
23 1
23 41
23 48
23 52
23 57
23 64
23 68
23 72
23 78
23 96
23 137
23 167
23 168
23 170
23 189
24 18
24 37
24 49
24 55
24 59
24 70
24 90
24 96
24 109
24 119
24 141
24 160
25 8
25 63
25 69
25 82
25 93
25 133
25 155
25 157
25 176
25 184
25 189
26 52
26 66
26 73
26 91
26 107
26 118
26 123
26 135
26 152
26 159
26 164
26 173
27 11
27 30
27 45
27 78
27 89
27 118
27 130
27 132
27 155
27 164
27 183
28 3
28 21
28 37
28 49
28 83
28 100
28 104
28 130
28 148
28 185
29 14
29 27
29 53
29 91
29 117
29 125
29 156
29 161
29 199
30 0
30 43
30 49
30 64
30 109
30 121
31 12
31 20
31 28
31 66
31 82
31 98
31 99
31 117
31 142
31 184
31 195
32 37
32 61
32 66
32 68
32 93
32 110
32 191
33 22
33 36
33 103
33 105
33 167
33 185
34 1
34 7
34 53
34 111
34 167
34 172
34 175
34 186
35 39
35 40
35 92
35 113
35 178
35 195
35 200
36 8
36 44
36 77
36 124
36 169
36 177
36 189
37 1
37 27
38 13
38 14
38 21
38 60
38 88
38 92
38 103
38 162
38 189
38 191
39 4
39 5
39 16
39 48
39 68
39 75
39 108
39 148
40 20
40 61
40 66
40 73
40 77
40 85
40 96
40 103
40 108
40 144
40 197
41 18
41 43
41 47
41 50
41 72
41 73
41 127
41 149
41 151
41 157
42 24
42 28
42 79
42 120
42 121
42 146
43 52
43 73
43 142
43 182
43 199
44 17
44 40
44 52
44 64
44 65
44 95
44 98
44 114
44 125
44 130
44 167
44 171
44 175
44 193
45 5
45 18
45 48
45 51
45 60
45 101
45 129
45 138
45 150
45 199
46 1
46 2
46 7
46 15
46 25
46 29
46 37
46 77
46 117
46 140
46 157
46 178
47 3
47 47
47 98
47 107
47 121
47 124
47 192
48 14
48 26
48 30
48 48
48 53
48 76
48 102
48 116
48 128
48 138
48 164
48 166
48 176
48 187
48 196
49 35
49 78
49 97
49 115
49 138
49 165
49 169
49 187
50 17
50 33
50 52
50 54
50 73
50 78
50 83
50 86
50 91
50 94
50 113
50 162
50 187
50 191
50 192
51 26
51 36
51 52
51 90
51 103
51 105
51 107
51 117
51 129
51 130
51 132
51 150
51 176
51 182
51 191
51 195
51 199
52 6
52 138
52 142
52 144
52 157
52 162
52 184
52 199
53 29
53 40
53 110
53 123
53 152
53 160
53 172
53 173
53 176
54 48
54 75
54 76
54 85
54 92
54 95
54 108
54 116
54 147
54 156
54 169
54 183
55 1
55 10
55 33
55 48
55 113
55 139
55 148
55 167
55 172
55 185
56 41
56 44
56 60
56 66
56 93
56 119
56 136
56 167
56 187
56 193
57 47
57 74
57 146
57 189
58 2
58 7
58 13
58 29
58 34
58 44
58 46
58 49
58 62
58 64
58 109
58 115
58 117
58 147
58 173
58 183
58 190
58 197
59 47
59 53
59 61
59 68
59 97
59 108
59 158
60 5
60 49
60 70
60 83
60 159
60 176
60 186
61 16
61 48
61 69
61 71
61 72
61 97
61 117
61 157
61 174
61 188
62 3
62 24
62 35
62 60
62 84
62 85
62 102
62 105
62 107
62 118
62 164
62 171
62 177
62 184
62 195
63 21
63 69
63 116
63 122
63 139
63 178
64 11
64 14
64 18
64 48
64 82
64 100
64 102
64 118
64 123
64 141
64 146
65 29
65 49
65 81
65 87
65 119
65 139
65 144
65 147
65 193
66 39
66 42
66 60
66 90
66 97
66 104
66 142
66 148
66 184
67 0
67 40
67 58
67 65
67 82
67 117
67 129
67 194
68 4
68 49
68 50
68 66
68 70
68 77
68 94
68 98
68 114
68 127
68 135
68 187
68 193
69 55
69 150
69 161
69 164
69 194
70 1
70 34
70 44
70 73
70 95
70 98
70 99
70 142
70 155
70 172
70 174
71 0
71 13
71 38
71 47
71 58
71 114
71 116
71 125
71 168
71 183
71 200
72 4
72 6
72 39
72 71
72 92
72 143
72 145
72 157
72 165
72 176
72 189
72 196
73 4
73 9
73 13
73 59
73 87
73 103
73 114
73 142
73 156
73 177
73 186
73 190
73 191
73 194
74 18
74 47
74 51
74 53
74 55
74 57
74 94
74 109
74 131
74 137
74 187
74 188
74 194
75 15
75 46
75 49
75 86
75 102
75 111
75 120
75 128
75 136
75 174
75 184
75 189
76 2
76 10
76 15
76 24
76 81
76 84
76 86
76 102
76 127
76 176
76 186
77 8
77 43
77 46
77 72
77 94
77 110
77 118
77 131
77 154
78 4
78 25
78 32
78 52
78 70
78 82
78 90
78 113
78 118
78 136
78 149
78 154
78 182
79 14
79 19
79 24
79 28
79 35
79 36
79 49
79 65
79 76
79 78
79 90
79 111
79 120
79 177
80 31
80 33
80 36
80 40
80 48
80 69
80 76
80 81
80 94
80 105
80 106
80 107
80 181
80 184
80 194
80 196
81 13
81 19
81 31
81 36
81 63
81 96
81 106
81 181
82 36
82 50
82 107
82 108
82 112
82 114
82 121
82 150
82 158
82 161
82 197
82 199
83 11
83 60
83 65
83 67
83 95
83 108
83 128
83 134
83 151
83 156
83 196
84 6
84 15
84 32
84 34
84 56
84 74
84 101
84 102
84 115
84 116
84 137
84 151
84 166
84 178
85 10
85 14
85 44
85 79
85 83
85 88
85 90
85 91
85 98
85 115
85 116
85 132
85 153
85 158
86 35
86 51
86 57
86 58
86 72
86 94
86 109
86 140
87 0
87 15
87 22
87 28
87 56
87 67
87 80
87 90
87 110
87 116
87 131
87 165
87 195
88 12
88 100
88 118
88 137
88 143
88 146
88 165
88 173
88 179
88 180
89 7
89 39
89 48
89 73
89 93
89 99
89 100
89 157
89 164
89 172
89 195
90 35
90 44
90 49
90 133
90 192
91 6
91 38
91 65
91 82
91 85
91 96
91 97
91 127
91 139
91 145
91 153
91 156
91 159
91 165
91 174
91 177
92 29
92 82
92 125
92 130
92 136
92 138
93 16
93 23
93 24
93 29
93 32
93 47
93 50
93 78
93 116
93 177
93 182
94 57
94 103
94 122
94 132
94 148
94 169
94 172
94 176
95 6
95 13
95 50
95 80
95 84
95 90
95 94
95 101
95 102
95 110
95 129
95 140
95 167
95 189
95 191
95 196
96 19
96 30
96 67
96 141
96 155
96 180
96 188
96 194
97 18
97 36
97 38
97 65
97 122
97 130
97 133
97 137
97 149
97 152
97 162
97 177
98 6
98 24
98 53
98 81
98 88
98 125
98 135
98 141
98 157
98 161
98 198
99 15
99 68
99 107
99 120
99 126
99 128
99 135
99 156
99 178
99 179
99 184
99 191
99 193
99 194
99 199
100 35
100 43
100 104
100 112
100 128
100 137
100 146
100 189
101 26
101 38
101 80
101 108
101 114
101 123
101 159
101 177
102 1
102 36
102 48
102 62
102 65
102 110
102 131
102 135
102 169
103 36
103 75
103 100
104 0
104 20
104 53
104 77
104 91
104 101
104 127
105 7
105 29
105 33
105 53
105 66
105 72
105 98
105 104
105 116
105 142
105 195
106 26
106 34
106 125
106 128
106 156
106 169
106 186
107 19
107 41
107 60
107 71
107 87
107 165
107 173
108 1
108 29
108 62
108 63
108 84
108 92
108 118
108 145
109 5
109 27
109 53
109 55
109 57
109 107
109 108
109 147
109 151
109 193
109 196
110 17
110 23
110 28
110 44
110 47
110 50
110 55
110 72
110 121
110 136
110 171
110 178
110 197
111 20
111 75
111 82
111 95
111 113
111 115
111 127
111 128
111 135
111 196
112 29
112 70
112 104
112 115
112 118
112 143
112 153
112 166
112 185
113 10
113 33
113 35
113 36
113 39
113 71
113 83
113 93
113 102
113 110
113 117
113 118
114 63
114 104
114 119
114 125
114 152
114 174
114 186
115 38
115 51
115 62
115 100
115 134
115 169
115 172
115 182
116 27
116 96
116 107
116 133
116 191
117 25
117 42
117 51
117 70
117 80
117 121
117 123
117 169
117 177
118 10
118 27
118 37
118 86
118 95
118 110
118 128
118 174
119 17
119 26
119 28
119 47
119 48
119 55
119 93
119 96
119 154
119 163
119 184
120 2
120 70
120 80
120 94
120 110
120 134
120 157
120 185
121 6
121 16
121 30
121 73
121 98
121 181
121 186
121 196
121 197
122 77
122 89
122 91
122 98
122 116
122 122
122 133
122 142
122 145
122 183
122 184
122 185
123 13
123 34
123 37
123 46
123 63
123 72
123 76
123 96
123 110
123 111
123 115
123 142
123 196
124 33
124 52
124 58
124 59
124 89
124 109
124 127
124 131
124 141
124 146
124 168
124 176
124 196
125 22
125 50
125 61
125 80
125 93
125 128
125 146
125 154
125 170
125 185
125 188
126 27
126 85
126 86
126 146
126 164
126 167
126 177
126 184
126 197
127 8
127 97
127 104
127 107
127 127
127 146
127 151
127 158
127 160
127 172
127 183
127 186
127 198
128 46
128 90
128 116
128 120
128 123
128 127
128 128
128 145
128 152
128 194
129 21
129 22
129 29
129 134
129 155
130 14
130 18
130 27
130 45
130 48
130 63
130 68
130 83
130 88
130 112
130 113
130 116
130 117
130 126
130 188
131 31
131 34
131 43
131 71
131 87
131 127
131 147
131 148
132 5
132 28
132 78
132 93
132 98
132 102
132 138
132 145
132 149
133 2
133 26
133 47
133 152
133 185
133 195
134 32
134 82
134 85
134 141
134 158
134 190
135 11
135 15
135 27
135 28
135 41
135 46
135 49
135 67
135 69
135 103
136 4
136 21
136 33
136 54
136 89
136 118
136 162
136 171
137 1
137 26
137 32
137 81
137 85
137 99
137 131
137 133
137 183
137 200
138 41
138 45
138 58
138 64
138 72
138 82
138 104
138 114
138 120
138 157
138 190
139 2
139 27
139 64
139 65
139 66
139 83
139 159
139 161
139 177
139 198
140 88
140 94
140 106
140 125
140 126
140 130
140 135
140 145
140 148
140 155
140 161
140 192
141 16
141 37
141 38
141 55
141 72
141 77
141 85
141 120
141 154
141 157
141 177
141 183
141 186
142 65
142 78
142 83
142 100
142 108
142 117
142 123
142 185
143 43
143 57
143 60
143 99
143 100
143 126
143 153
143 186
144 7
144 17
144 44
144 66
144 72
144 112
144 138
144 151
145 13
145 15
145 37
145 75
145 91
145 93
145 115
145 161
145 167
145 183
145 196
145 199
146 5
146 13
146 19
146 46
146 61
146 91
146 129
146 155
146 175
146 187
146 200
147 3
147 7
147 38
147 97
147 105
147 122
147 139
147 176
147 184
147 197
148 6
148 44
148 51
148 55
148 60
148 132
148 140
148 197
149 9
149 28
149 40
149 50
149 62
149 76
149 79
149 84
149 85
149 97
149 104
149 115
149 151
149 171
149 176
150 27
150 54
150 64
150 69
150 85
150 111
150 131
150 146
150 152
150 162
150 175
150 180
150 188
150 192
151 11
151 80
151 101
151 114
151 134
151 151
151 176
151 195
152 7
152 13
152 25
152 36
152 56
152 72
152 125
152 128
152 176
152 188
153 5
153 9
153 24
153 35
153 45
153 55
153 56
153 72
153 90
153 104
153 153
153 166
153 183
154 4
154 84
154 116
154 121
154 130
154 132
154 135
154 160
154 179
155 4
155 9
155 10
155 21
155 33
155 35
155 72
155 79
155 83
155 97
155 164
155 175
155 195
155 196
156 3
156 42
156 59
156 62
156 108
156 112
156 139
156 152
156 160
156 166
156 188
157 7
157 31
157 44
157 50
157 84
157 93
157 97
157 132
157 137
157 178
158 43
158 82
158 128
158 129
158 148
158 152
158 155
158 157
158 161
158 177
159 20
159 37
159 52
159 53
159 61
159 68
159 99
159 111
159 123
159 127
159 146
159 151
159 170
159 175
159 181
159 182
160 15
160 79
160 87
160 92
160 106
160 116
160 121
160 135
160 141
160 156
160 169
160 180
160 190
161 4
161 35
161 111
161 113
161 129
161 140
161 158
162 3
162 11
162 75
162 80
162 107
162 110
162 116
162 148
162 156
162 168
162 169
162 187
163 7
163 58
163 71
163 74
163 85
163 89
163 128
163 147
163 148
163 168
163 197
164 3
164 5
164 55
164 61
164 87
164 95
164 135
164 175
164 180
165 54
165 55
165 75
165 146
165 173
166 0
166 22
166 77
166 80
166 85
166 112
166 113
166 117
166 142
166 176
166 196
167 17
167 114
167 117
167 126
167 131
167 132
167 139
167 140
167 152
167 157
167 170
167 178
168 5
168 112
168 171
168 193
169 14
169 16
169 21
169 23
169 27
169 31
169 103
169 125
169 144
169 145
170 14
170 28
170 43
170 60
170 71
170 77
170 91
170 99
170 104
170 155
170 173
170 174
170 175
171 13
171 21
171 42
171 46
171 53
171 60
171 72
171 79
171 111
171 128
171 140
171 158
171 186
172 4
172 9
172 29
172 71
172 97
172 101
172 107
172 160
172 175
173 26
173 38
173 40
173 90
173 91
173 185
173 196
174 48
174 54
174 78
174 79
174 89
174 96
174 97
174 147
174 152
174 154
174 197
175 62
175 79
175 91
175 109
175 114
175 155
175 157
175 177
175 186
175 188
176 1
176 3
176 69
176 166
176 182
176 187
177 5
177 7
177 36
177 60
177 80
177 165
177 186
177 190
178 7
178 25
178 31
178 32
178 41
178 54
178 85
178 107
178 112
178 136
178 141
178 153
179 5
179 32
179 34
179 57
179 78
179 88
179 113
179 123
179 146
179 149
179 150
179 169
179 179
179 189
180 5
180 20
180 22
180 23
180 24
180 26
180 27
180 37
180 57
180 58
180 62
180 82
180 122
180 130
180 133
180 136
180 145
180 154
180 171
180 177
181 2
181 4
181 37
181 51
181 106
181 133
181 190
181 198
182 10
182 24
182 28
182 89
182 104
182 170
182 172
182 177
183 22
183 91
183 113
183 152
183 154
183 159
183 183
183 193
183 195
183 197
183 200
184 20
184 86
184 90
184 121
184 139
184 161
185 20
185 28
185 72
185 86
185 100
185 167
185 168
186 6
186 24
186 30
186 31
186 38
186 48
186 64
186 74
186 86
186 107
186 120
186 139
186 151
186 178
186 185
187 14
187 18
187 28
187 98
187 126
187 127
187 151
187 160
187 170
187 178
188 2
188 4
188 20
188 26
188 50
188 57
188 63
188 111
188 170
188 171
188 187
188 188
188 198
189 43
189 51
189 104
189 117
189 148
189 153
189 182
189 195
189 200
190 5
190 22
190 30
190 35
190 61
190 64
190 67
190 96
190 140
190 142
190 169
190 176
190 187
191 10
191 11
191 60
191 62
191 84
191 113
191 142
191 165
191 174
191 191
191 192
192 50
192 88
192 142
192 158
192 159
192 179
192 182
192 193
193 18
193 36
193 115
193 131
193 142
193 152
194 5
194 27
194 40
194 57
194 92
194 101
194 110
194 113
194 117
194 125
194 187
195 18
195 25
195 77
195 120
195 125
195 134
195 145
195 146
196 22
196 32
196 55
196 74
196 79
196 104
196 107
196 122
196 154
196 158
197 91
197 131
197 137
197 140
197 172
197 175
198 27
198 34
198 41
198 54
198 90
198 102
198 113
198 122
198 159
198 167
198 181
199 13
199 19
199 39
199 58
199 68
199 114
199 187
200 6
200 25
200 36
200 41
200 73
200 80
200 84
200 121
200 126
200 145
200 162
200 165
200 170
200 190
200 192