1147
49 0 49 1
73 0 73 1
98 0 98 2
59 2 63 2
98 2 100 2
5 3 5 5
8 3 8 4
51 3 52 3
74 3 75 3
86 3 87 3
29 4 30 4
43 5 45 5
0 6 5 6
21 6 21 7
43 6 43 7
50 7 51 7
51 7 53 7
59 8 62 8
94 8 94 9
4 9 5 9
22 8 22 9
54 9 54 12
58 9 59 9
83 9 83 10
29 10 31 10
67 10 67 11
76 10 77 10
49 11 50 11
60 12 61 12
5 12 5 13
47 13 47 14
60 13 62 13
87 11 87 13
94 13 95 13
99 13 99 14
20 14 20 20
41 14 42 14
49 14 50 14
93 14 94 14
0 15 1 15
10 15 11 15
31 15 32 15
99 15 100 15
88 16 88 17
8 17 10 17
38 17 39 17
41 17 42 17
54 17 56 17
78 17 79 17
9 18 10 18
16 18 16 20
47 18 50 18
82 18 84 18
94 19 95 19
75 20 75 22
0 21 1 21
64 18 64 21
73 21 73 22
78 21 79 21
99 21 100 21
1 22 3 22
8 22 9 22
18 22 20 22
51 22 52 22
54 22 56 22
20 22 20 23
73 22 73 23
99 22 99 23
56 25 58 25
85 25 85 26
67 26 67 27
90 26 96 26
74 27 75 27
7 28 8 28
37 27 37 28
87 27 87 28
30 29 31 29
43 29 46 29
82 28 82 29
25 27 25 30
33 30 34 30
48 30 49 30
75 27 75 30
20 31 21 31
78 27 78 31
54 32 58 32
68 32 69 32
6 30 6 33
58 33 59 33
65 32 65 33
0 32 0 34
19 34 20 34
20 34 22 34
33 31 33 34
49 30 49 34
84 35 85 35
89 35 89 39
97 35 97 36
16 36 17 36
17 36 18 36
5 38 6 38
14 38 17 38
30 38 30 40
57 38 59 38
0 39 3 39
29 40 30 40
67 40 71 40
7 42 8 42
19 42 20 42
31 42 32 42
49 42 49 43
59 43 63 43
70 43 71 43
71 43 72 43
45 43 45 44
89 42 89 44
28 45 29 45
40 45 41 45
59 43 59 45
71 46 72 46
94 46 99 46
30 47 33 47
83 47 85 47
27 48 27 49
75 48 75 49
83 47 83 48
0 45 0 49
6 49 7 49
58 49 58 50
62 49 62 50
27 49 27 50
8 51 9 51
15 49 15 51
49 51 50 51
70 51 70 52
8 51 8 52
22 52 24 52
49 51 49 52
54 52 54 53
64 52 65 52
24 52 24 53
37 53 41 53
79 53 80 53
0 55 0 60
7 55 7 56
23 55 24 55
94 55 95 55
17 56 17 57
54 54 54 56
70 56 71 56
28 57 28 61
53 57 53 59
76 57 76 59
57 58 58 58
45 59 45 60
75 59 76 59
81 59 83 59
20 60 20 61
30 60 30 61
45 60 46 60
3 61 4 61
54 61 58 61
65 61 70 61
78 60 78 61
81 60 81 61
23 61 23 62
50 62 51 62
58 61 58 62
60 60 60 62
89 62 90 62
15 63 17 63
22 64 22 65
31 61 31 64
40 63 40 64
69 64 70 64
71 64 72 64
10 64 10 65
87 65 87 68
0 66 1 66
45 66 46 66
21 67 22 67
64 67 64 68
80 67 82 67
50 68 52 68
64 68 65 68
80 67 80 68
97 68 98 68
22 69 25 69
41 69 43 69
59 69 60 69
94 69 97 69
11 70 13 70
50 68 50 70
1 70 1 71
29 71 33 71
20 70 20 72
37 72 38 72
11 72 11 73
35 72 35 73
37 72 37 73
45 72 45 73
72 73 75 73
12 75 13 75
20 75 20 76
38 75 38 79
49 75 49 78
59 74 59 75
84 75 84 78
20 76 21 76
51 77 51 78
69 77 72 77
93 77 95 77
97 76 97 77
43 78 43 79
72 77 72 78
100 76 100 78
32 79 32 80
80 79 81 79
43 79 43 80
66 80 66 81
92 80 94 80
97 80 100 80
5 79 5 81
16 80 16 81
27 81 28 81
75 81 76 81
94 80 94 81
69 81 69 82
11 80 11 83
90 83 90 84
49 84 51 84
57 84 57 85
72 84 75 84
97 84 99 84
18 85 19 85
23 85 23 86
59 85 59 86
96 85 97 85
97 85 98 85
16 86 17 86
34 85 34 86
55 86 57 86
83 86 85 86
11 87 11 91
37 87 41 87
64 86 64 87
80 86 80 87
83 86 83 87
46 88 47 88
60 86 60 88
90 84 90 88
42 88 42 89
98 89 99 89
11 91 12 91
77 91 77 92
87 91 87 92
23 92 24 92
71 92 73 92
84 92 84 93
87 92 89 92
21 92 21 93
61 93 61 94
41 94 41 95
55 94 57 94
98 94 99 94
0 95 2 95
23 92 23 95
28 96 29 96
37 96 39 96
26 97 27 97
57 94 57 97
72 97 73 97
82 97 83 97
44 95 44 98
8 99 9 99
30 98 30 99
51 98 51 99
74 98 74 99
77 98 77 99
92 94 92 99
4 100 9 100
12 99 12 100
18 93 18 100
32 100 33 100
39 96 39 100
98 100 100 100
5 5 5 6
5 6 5 8
5 8 5 9
5 11 5 12
5 11 7 11
1 15 1 17
9 11 10 11
1 20 1 21
1 21 1 22
1 22 1 24
1 17 1 20
8 4 9 4
9 4 9 6
9 4 11 4
11 4 12 4
9 6 9 11
5 9 5 11
10 11 15 11
7 11 9 11
10 11 10 13
10 13 10 15
10 18 10 19
10 19 10 20
10 20 13 20
10 17 10 18
10 15 10 17
2 12 5 12
22 8 23 8
29 4 29 7
29 7 29 8
23 8 29 8
29 8 29 10
29 10 29 11
23 20 26 20
13 20 16 20
26 15 26 19
26 19 26 20
20 20 23 20
34 17 36 17
34 17 34 19
29 19 29 20
26 20 27 20
27 20 29 20
16 20 20 20
26 13 26 15
20 20 20 22
8 28 8 30
9 30 9 31
8 30 9 30
6 30 8 30
9 31 9 34
1 24 1 30
25 27 26 27
18 27 23 27
18 27 18 29
14 29 15 29
19 31 20 31
20 31 20 34
26 27 30 27
30 27 31 27
31 27 31 29
33 30 33 31
23 27 25 27
15 29 18 29
1 30 6 30
43 2 43 5
43 5 43 6
41 6 43 6
46 1 49 1
49 1 50 1
51 3 51 6
51 6 51 7
39 14 41 14
37 14 39 14
37 12 37 14
41 14 41 15
37 17 38 17
37 14 37 15
42 16 42 17
37 15 37 17
49 11 49 14
47 14 47 16
47 14 49 14
47 16 47 17
42 17 45 17
45 17 47 17
47 17 47 18
47 18 47 20
47 21 49 21
51 25 51 29
49 29 51 29
46 29 49 29
49 29 49 30
51 22 51 25
47 20 47 21
36 17 37 17
29 19 34 19
5 38 5 39
3 39 5 39
5 39 6 39
11 36 11 37
11 37 11 40
7 40 11 40
7 40 7 42
0 45 3 45
7 42 7 45
7 47 7 49
7 49 8 49
8 49 8 50
8 50 8 51
3 45 7 45
7 45 7 47
17 36 17 38
17 38 17 39
17 39 17 42
18 42 19 42
17 42 18 42
16 43 17 43
15 43 16 43
15 43 15 44
16 46 16 48
20 46 20 47
13 49 15 49
16 48 18 48
17 42 17 43
23 44 23 46
20 46 23 46
27 49 28 49
8 49 13 49
30 40 30 42
30 42 31 42
30 42 30 45
29 45 30 45
29 45 29 47
29 47 30 47
25 49 27 49
29 47 29 49
28 49 29 49
24 49 25 49
29 51 35 51
29 49 29 51
40 37 40 42
45 41 45 42
40 42 40 43
40 43 40 45
45 42 45 43
42 42 45 42
40 42 42 42
45 43 46 43
46 43 49 43
49 43 53 43
53 43 53 44
40 48 42 48
35 51 37 51
42 48 45 48
48 51 49 51
40 45 40 46
40 46 40 48
37 51 37 53
24 49 24 52
11 35 11 36
7 56 9 56
7 56 7 57
7 57 7 59
4 59 7 59
0 60 3 60
3 60 3 61
3 62 3 65
3 61 3 62
10 57 10 58
18 57 23 57
11 59 12 59
12 62 14 62
11 62 12 62
11 59 11 60
11 60 11 62
1 67 1 70
1 70 11 70
11 70 11 71
13 72 16 72
11 72 13 72
11 71 11 72
16 72 16 73
1 66 1 67
23 55 23 57
17 57 18 57
24 61 25 61
23 59 23 61
22 61 23 61
20 61 22 61
25 61 25 62
25 62 26 62
23 61 24 61
20 63 20 65
20 65 22 65
22 65 22 66
22 66 22 67
20 70 22 70
22 67 22 69
22 69 22 70
20 61 20 63
30 61 31 61
28 61 30 61
32 61 33 61
26 62 27 62
27 62 27 63
27 63 27 65
33 61 34 61
35 61 37 61
34 61 34 66
31 61 32 61
37 54 37 57
37 57 37 61
37 61 37 62
34 61 35 61
34 66 34 69
33 71 33 72
33 72 35 72
35 72 37 72
45 60 45 61
45 61 45 63
49 64 50 64
40 63 43 63
45 64 45 65
45 65 45 66
43 70 44 70
43 69 43 70
50 61 50 62
50 62 50 63
50 63 50 64
45 64 49 64
43 63 45 63
50 64 50 68
45 63 45 64
23 57 23 59
8 79 10 79
6 79 8 79
5 79 6 79
13 75 15 75
15 75 15 79
13 80 14 80
14 80 15 80
15 80 16 80
19 77 19 78
15 79 15 80
18 80 18 82
16 80 18 80
11 80 13 80
3 88 3 92
5 92 5 93
3 92 5 92
11 91 11 93
10 93 11 93
5 93 10 93
11 93 16 93
10 99 12 99
9 99 10 99
10 93 10 97
9 99 9 100
10 97 10 99
18 82 18 83
18 83 18 85
17 86 17 87
23 86 23 87
23 87 23 88
21 88 23 88
20 88 21 88
19 91 21 91
16 93 18 93
19 91 19 93
22 91 23 91
23 88 23 90
21 91 21 92
23 90 23 91
21 91 22 91
23 91 23 92
18 93 19 93
28 77 28 80
28 77 29 77
32 80 34 80
32 80 32 81
29 81 32 81
28 81 29 81
28 80 28 81
29 81 29 84
29 84 29 85
27 85 29 85
27 85 27 86
29 85 34 85
23 86 25 86
27 91 27 92
27 96 28 96
27 92 27 93
27 93 27 96
30 98 32 98
27 98 30 98
27 97 27 98
32 98 32 100
27 96 27 97
27 86 27 91
38 79 38 80
49 78 49 79
49 78 51 78
43 79 47 79
47 79 49 79
49 79 49 81
49 83 49 84
49 84 49 86
46 86 49 86
46 86 46 88
41 82 41 87
45 88 46 88
42 88 45 88
49 81 49 83
41 95 43 95
43 95 44 95
44 95 45 95
45 90 45 95
45 95 48 95
48 95 48 96
49 98 51 98
45 88 45 90
36 79 38 79
25 86 27 86
15 74 15 75
37 53 37 54
59 2 59 3
59 3 59 5
54 12 57 12
59 5 59 8
59 8 59 9
59 9 59 12
59 12 60 12
57 12 59 12
60 12 60 13
60 13 60 15
60 15 60 17
58 17 60 17
56 17 58 17
56 17 56 21
56 21 56 22
65 18 68 18
73 1 73 2
70 2 73 2
74 3 74 4
74 5 74 8
73 8 74 8
74 8 74 10
74 4 74 5
74 10 76 10
67 11 69 11
70 8 73 8
69 8 70 8
74 10 74 12
69 8 69 11
74 12 76 12
76 12 81 12
70 18 70 21
68 18 70 18
70 21 71 21
71 21 71 22
73 22 75 22
76 16 76 17
76 17 78 17
78 20 78 21
75 22 75 24
71 22 73 22
78 17 78 20
75 22 77 22
76 13 76 16
64 18 65 18
87 2 87 3
87 3 87 5
92 5 97 5
92 1 92 3
92 3 92 5
90 5 92 5
87 5 90 5
97 3 97 5
87 5 87 7
87 9 87 10
83 10 83 12
83 10 84 10
84 10 86 10
86 10 87 10
87 10 87 11
76 12 76 13
83 14 83 16
88 17 91 17
91 17 94 17
84 17 84 18
87 18 87 20
83 12 83 14
94 9 94 13
94 13 94 14
94 14 96 14
94 14 94 17
94 17 94 19
97 14 99 14
96 14 97 14
99 15 99 19
99 19 99 21
99 21 99 22
99 14 99 15
84 18 87 18
87 7 87 9
81 12 83 12
58 25 62 25
58 25 58 28
58 28 58 32
60 32 65 32
59 32 60 32
59 32 59 33
58 32 59 32
59 36 59 38
59 42 59 43
58 43 59 43
53 43 58 43
59 38 59 42
67 27 67 32
67 32 68 32
65 32 67 32
68 32 68 34
71 40 71 41
71 41 71 43
71 43 71 45
71 45 71 46
73 39 78 39
59 33 59 36
58 50 60 50
60 50 62 50
54 53 55 53
55 53 58 53
58 50 58 53
54 53 54 54
58 53 58 55
58 60 60 60
58 58 58 60
58 55 58 58
58 60 58 61
67 47 67 51
65 51 67 51
65 52 65 53
70 52 70 55
69 55 70 55
66 55 69 55
70 56 70 60
70 60 70 61
70 55 70 56
65 51 65 52
75 25 75 26
75 26 76 26
75 26 75 27
80 27 81 27
84 28 84 30
82 28 84 28
84 30 84 34
89 26 90 26
87 26 89 26
87 26 87 27
90 26 90 30
85 26 87 26
78 27 80 27
84 34 84 35
84 35 84 37
81 37 84 37
71 39 73 39
75 49 75 51
80 46 80 47
77 51 80 51
75 51 77 51
75 51 75 52
80 47 80 51
80 47 83 47
71 39 71 40
80 53 80 56
81 56 87 56
80 56 81 56
81 59 81 60
81 56 81 59
77 60 78 60
80 51 80 53
89 39 94 39
89 39 89 42
97 36 97 38
94 39 96 39
94 44 94 45
96 39 96 43
94 46 94 50
94 50 94 51
94 45 94 46
87 56 91 56
91 58 92 58
91 58 91 59
91 59 91 60
91 60 91 61
90 61 91 61
90 61 90 62
94 51 94 55
91 56 91 58
94 55 94 58
92 58 94 58
78 60 81 60
78 39 78 43
75 24 75 25
60 69 60 72
60 72 60 74
55 74 59 74
59 74 60 74
57 85 57 86
57 86 59 86
63 81 66 81
66 81 67 81
60 86 64 86
59 86 60 86
66 81 66 86
64 86 66 86
63 76 63 81
70 61 70 64
71 64 71 67
71 67 72 67
77 65 77 67
77 65 78 65
78 65 80 65
72 67 77 67
80 65 80 67
71 70 71 72
72 73 72 77
72 77 74 77
74 77 74 78
71 80 74 80
75 81 75 84
67 81 69 81
75 86 76 86
75 84 75 85
75 85 75 86
74 78 74 80
84 78 85 78
82 78 84 78
81 79 81 84
81 85 83 85
81 84 81 85
76 86 79 86
83 85 83 86
79 86 80 86
71 67 71 70
87 68 88 68
88 68 88 71
90 74 92 74
90 74 90 76
97 66 97 68
97 68 97 69
97 69 97 70
97 70 97 72
96 76 97 76
95 75 95 76
100 73 100 74
100 74 100 76
95 76 96 76
97 76 99 76
99 76 100 76
95 76 95 77
95 77 95 79
94 80 95 80
95 79 95 80
90 84 94 84
97 81 97 84
97 80 97 81
94 84 97 84
97 85 97 86
97 86 97 88
97 84 97 85
95 80 97 80
85 78 86 78
58 94 61 94
61 94 62 94
62 94 64 94
64 94 64 96
64 96 64 98
63 98 64 98
64 98 69 98
57 94 58 94
73 92 73 96
73 92 77 92
73 96 73 97
73 97 73 98
74 98 77 98
79 97 81 97
72 98 73 98
85 93 86 93
82 93 84 93
82 93 82 97
81 97 82 97
86 93 86 94
84 93 85 93
88 94 92 94
86 94 88 94
73 98 74 98
98 89 98 91
98 91 98 93
98 93 98 94
98 94 98 100
92 94 98 94
69 98 72 98
70 64 71 64
14 0 14 1
13 1 14 1
93 0 93 1
92 1 93 1
81 1 81 2
81 2 87 2
28 2 28 4
28 4 29 4
69 2 69 3
69 2 70 2
68 6 68 8
68 8 69 8
16 8 16 11
15 11 16 11
71 16 71 18
70 18 71 18
30 20 30 21
29 20 30 20
89 20 89 22
87 20 89 20
60 22 60 23
56 22 60 22
64 25 64 26
62 25 64 25
91 30 91 32
90 30 91 30
38 36 38 37
38 37 40 37
44 40 44 41
44 41 45 41
86 37 86 41
84 37 86 37
24 43 24 44
23 44 24 44
52 44 52 45
52 44 53 44
74 52 74 53
74 52 75 52
97 58 97 61
94 58 97 58
81 64 81 65
80 65 81 65
96 65 96 66
96 66 97 66
29 66 29 67
28 66 29 66
17 71 17 72
16 72 17 72
54 71 54 74
54 74 55 74
30 75 30 77
29 77 30 77
27 76 27 77
27 77 28 77
1 77 1 79
1 79 5 79
0 87 0 88
0 88 3 88
74 86 74 88
74 86 75 86
51 93 51 95
48 95 51 95
65 93 65 94
64 94 65 94
33 97 33 98
32 98 33 98
62 98 62 100
62 98 63 98
2 12 2 15
1 15 2 15
13 1 13 4
12 4 13 4
9 20 9 22
9 20 10 20
21 7 21 8
21 8 22 8
29 11 29 13
26 13 29 13
32 15 32 17
32 17 34 17
0 30 0 32
0 30 1 30
14 29 14 30
9 30 14 30
9 34 9 35
9 35 11 35
19 29 19 31
18 29 19 29
33 29 33 30
31 29 33 29
41 6 41 10
38 10 41 10
51 1 51 3
50 1 51 1
46 1 46 2
43 2 46 2
38 10 38 12
37 12 38 12
42 15 42 16
41 15 42 15
39 24 39 26
39 24 41 24
37 26 37 27
37 26 39 26
46 21 46 22
46 21 47 21
51 21 51 22
49 21 51 21
43 22 43 23
43 22 46 22
41 23 41 24
41 23 43 23
6 39 6 40
6 40 7 40
15 48 15 49
15 48 16 48
18 47 18 48
18 47 20 47
15 44 15 46
15 46 16 46
23 46 23 49
23 49 24 49
39 48 39 50
39 48 40 48
37 50 37 51
37 50 39 50
46 48 46 50
45 48 46 48
48 50 48 51
46 50 48 50
3 59 3 60
3 59 4 59
1 65 1 66
1 65 3 65
10 58 10 59
10 59 11 59
12 57 12 59
12 57 17 57
15 62 15 63
14 62 15 62
10 62 10 64
10 62 11 62
9 56 9 57
9 57 10 57
28 65 28 66
27 65 28 65
33 69 33 71
33 69 34 69
27 61 27 62
27 61 28 61
40 62 40 63
37 62 40 62
44 66 44 67
44 66 45 66
43 67 43 69
43 67 44 67
45 70 45 72
44 70 45 70
53 59 53 61
50 61 53 61
15 73 15 74
15 73 16 73
10 79 10 80
10 80 11 80
20 76 20 77
19 77 20 77
19 78 19 80
18 80 19 80
2 92 2 95
2 92 3 92
20 87 20 88
17 87 20 87
17 85 17 86
17 85 18 85
36 79 36 80
34 80 36 80
41 80 41 82
38 80 41 80
42 87 42 88
41 87 42 87
39 95 39 96
39 95 41 95
49 96 49 98
48 96 49 96
60 17 60 18
60 18 64 18
73 2 73 3
73 3 74 3
78 21 78 22
77 22 78 22
98 2 98 3
97 3 98 3
84 16 84 17
83 16 84 16
88 17 88 18
87 18 88 18
70 34 70 36
68 34 70 34
71 36 71 39
70 36 71 36
62 50 62 51
62 51 65 51
66 53 66 55
65 53 66 53
67 46 67 47
67 46 71 46
76 26 76 27
76 27 78 27
81 27 81 28
81 28 82 28
85 26 85 28
84 28 85 28
79 38 79 39
78 39 79 39
79 43 79 45
78 43 79 43
80 45 80 46
79 45 80 45
76 59 76 60
76 60 77 60
97 38 97 39
96 39 97 39
96 43 96 44
94 44 96 44
81 37 81 38
79 38 81 38
64 68 64 69
60 69 64 69
60 74 60 76
60 76 63 76
72 72 72 73
71 72 72 72
75 80 75 81
74 80 75 80
82 78 82 79
81 79 82 79
81 85 81 86
80 86 81 86
69 80 69 81
69 80 71 80
88 71 88 73
88 73 89 73
89 73 89 74
89 74 90 74
95 74 95 75
92 74 95 74
97 72 97 73
97 73 100 73
90 76 90 78
86 78 90 78
77 97 77 98
77 97 79 97
87 92 87 93
86 93 87 93
98 88 98 89
97 88 98 88