5333
123 0 123 1
482 0 482 3
280 1 280 5
469 1 469 2
261 2 261 9
440 2 440 6
469 2 470 2
10 3 10 4
342 3 342 4
485 3 493 3
0 4 10 4
94 4 94 14
468 4 469 4
41 5 45 5
242 5 242 7
273 5 280 5
359 5 371 5
458 5 458 6
298 6 298 11
327 6 327 7
415 6 440 6
233 7 234 7
466 6 466 7
121 1 121 8
234 7 234 8
206 9 210 9
285 9 286 9
165 10 166 10
196 11 196 23
454 11 456 11
346 13 347 13
45 14 48 14
173 14 173 15
241 14 244 14
359 13 359 14
105 1 105 15
172 15 173 15
334 15 335 15
491 15 492 15
263 16 263 17
351 17 354 17
387 17 387 18
318 18 319 18
322 18 328 18
141 19 146 19
0 20 0 23
391 18 391 20
74 21 74 23
364 22 364 24
456 22 470 22
476 22 491 22
210 23 214 23
244 23 249 23
362 23 362 24
427 23 427 25
374 24 374 26
442 24 443 24
230 25 230 26
315 25 319 25
492 25 495 25
228 26 230 26
332 26 332 29
429 25 429 26
67 25 67 27
244 26 244 28
261 28 262 28
22 29 22 30
36 29 39 29
49 29 49 34
129 29 131 29
215 29 218 29
78 31 80 31
203 28 203 31
257 31 258 31
165 32 165 33
297 32 297 33
357 33 358 33
377 26 377 33
16 34 18 34
49 34 55 34
356 33 356 34
18 35 29 35
189 35 196 35
420 28 420 36
196 35 196 37
385 37 386 37
0 23 0 38
215 37 215 38
369 37 369 39
15 40 18 40
271 40 271 41
443 40 447 40
454 40 456 40
95 40 95 42
235 43 235 44
36 44 36 45
235 44 236 44
483 44 485 44
348 45 350 45
309 44 309 46
332 32 332 46
391 47 394 47
494 47 497 47
122 47 122 48
195 48 195 51
270 48 274 48
443 48 446 48
453 48 454 48
171 49 174 49
478 44 478 49
5 50 5 55
199 50 199 51
233 50 235 50
277 52 279 52
365 52 365 56
425 52 429 52
28 53 29 53
274 52 274 53
371 53 371 56
341 54 341 55
459 54 461 54
90 55 90 57
193 55 195 55
341 55 347 55
406 55 406 58
209 53 209 56
320 56 324 56
38 57 43 57
50 57 52 57
148 57 148 60
465 55 465 57
166 58 166 60
496 57 496 58
372 59 378 59
426 59 429 59
195 60 199 60
290 60 291 60
353 60 355 60
4 59 4 61
43 57 43 61
253 61 258 61
446 61 446 66
245 61 245 62
358 62 359 62
27 55 27 64
65 64 65 65
108 65 114 65
358 65 360 65
114 65 114 66
146 66 147 66
358 65 358 66
174 67 181 67
280 67 281 67
462 67 463 67
83 68 86 68
86 68 95 68
240 68 242 68
278 69 281 69
338 69 338 70
368 69 369 69
398 69 400 69
50 70 54 70
162 61 162 70
294 70 296 70
343 70 344 70
457 70 460 70
8 71 11 71
74 71 76 71
490 71 490 76
400 72 403 72
215 73 218 73
337 70 337 73
343 73 345 73
50 74 55 74
343 73 343 74
376 74 376 76
446 66 446 74
460 70 460 74
172 75 174 75
389 75 391 75
111 76 119 76
286 75 286 77
241 78 242 78
248 79 249 79
273 78 273 79
47 78 47 80
248 79 248 80
368 79 368 80
376 76 376 80
476 80 477 80
36 79 36 81
190 81 190 82
210 81 210 82
322 81 328 81
400 82 406 82
433 80 433 82
10 83 11 83
11 83 21 83
208 82 208 83
204 84 206 84
69 85 73 85
221 85 223 85
283 85 283 89
341 85 341 90
243 86 243 94
268 86 271 86
1 87 11 87
168 87 169 87
282 89 283 89
338 89 338 90
47 90 48 90
151 90 168 90
198 90 200 90
483 90 483 92
17 91 17 92
54 91 56 91
96 91 96 94
117 91 117 94
135 91 135 93
304 91 309 91
342 90 342 91
402 91 402 97
469 91 472 91
17 92 19 92
428 92 428 93
68 93 73 93
426 93 428 93
439 93 440 93
11 92 11 94
168 93 168 94
459 94 459 98
121 94 121 95
139 95 144 95
197 95 200 95
244 95 248 95
415 95 415 100
439 95 441 95
15 92 15 96
47 92 47 96
78 96 78 97
74 96 74 98
470 98 471 98
257 99 257 100
474 99 476 99
485 100 486 100
104 100 104 102
260 100 260 102
323 93 323 102
337 102 346 102
386 102 388 102
362 101 362 103
282 104 284 104
104 105 104 110
388 102 388 105
453 105 455 105
62 105 62 106
123 107 128 107
163 107 163 112
290 107 299 107
406 100 406 107
137 108 137 112
146 109 146 114
231 109 232 109
290 107 290 109
368 109 368 117
99 110 104 110
416 110 418 110
134 111 134 112
358 111 358 112
387 111 392 111
459 111 459 112
71 109 71 112
124 112 125 112
352 112 358 112
258 113 264 113
392 113 393 113
18 114 19 114
108 114 110 114
374 114 374 118
130 112 130 115
147 114 147 115
289 116 289 119
322 116 322 117
403 116 403 119
486 116 489 116
35 117 35 120
108 117 111 117
195 117 202 117
232 117 238 117
217 118 217 122
389 118 392 118
1 119 1 127
292 119 297 119
348 119 348 120
220 120 220 122
71 121 71 124
154 121 154 122
292 119 292 121
322 121 323 121
431 121 437 121
129 122 129 123
319 122 322 122
124 123 125 123
284 119 284 123
125 123 125 124
173 124 173 137
134 123 134 125
151 125 154 125
359 125 360 125
447 125 455 125
88 123 88 126
437 121 437 126
471 126 472 126
1 127 3 127
415 127 420 127
420 127 421 127
350 120 350 128
367 129 375 129
82 130 83 130
203 130 203 134
283 130 283 132
472 130 473 130
128 133 133 133
296 131 296 133
38 134 41 134
68 134 71 134
0 135 1 135
388 135 390 135
399 135 399 141
33 136 33 139
133 133 133 136
215 136 219 136
235 136 241 136
322 136 325 136
71 137 73 137
199 137 199 138
305 138 309 138
432 138 432 139
430 139 432 139
455 139 455 148
36 139 36 140
184 140 186 140
1 135 1 141
386 141 390 141
341 142 341 146
495 142 495 143
291 140 291 143
483 143 489 143
495 143 498 143
167 144 171 144
192 144 192 148
206 144 206 148
215 136 215 144
264 142 264 144
272 144 276 144
432 144 433 144
102 145 102 148
229 145 235 145
140 146 144 146
235 146 236 146
463 146 463 148
108 147 108 148
144 147 149 147
200 147 200 148
244 147 244 148
365 147 369 147
95 148 98 148
454 148 455 148
237 148 237 149
412 149 414 149
199 148 199 150
303 150 307 150
486 151 489 151
489 151 496 151
276 152 280 152
306 152 307 152
183 153 186 153
311 153 311 154
25 155 29 155
266 155 266 158
288 155 288 164
313 154 313 155
342 155 343 155
133 156 133 161
304 156 307 156
328 154 328 157
374 157 374 158
379 157 379 158
51 158 51 161
126 158 126 161
355 158 358 158
165 159 165 160
191 159 193 159
268 158 268 159
345 159 349 159
499 159 499 161
167 160 174 160
35 161 35 165
135 162 136 162
167 160 167 162
499 161 499 162
118 163 119 163
356 163 358 163
451 163 465 163
5 164 8 164
22 164 25 164
191 164 192 164
248 164 250 164
358 163 358 164
395 164 395 166
399 164 399 166
153 165 154 165
294 164 294 165
376 165 380 165
477 165 478 165
255 164 255 166
391 166 395 166
399 166 401 166
119 167 120 167
188 167 191 167
212 167 212 170
264 164 264 167
277 167 278 167
363 165 363 167
376 165 376 167
429 167 429 168
325 168 329 168
494 161 494 168
322 171 322 173
65 170 65 172
102 172 103 172
119 167 119 172
145 172 145 175
396 172 398 172
460 172 465 172
465 172 466 172
154 173 162 173
274 173 275 173
325 173 327 173
369 173 370 173
417 173 420 173
102 174 105 174
135 174 137 174
288 174 288 175
366 174 367 174
144 175 145 175
297 175 299 175
367 174 367 176
20 176 20 177
437 177 440 177
273 178 275 178
471 179 471 180
252 180 253 180
278 179 278 180
453 180 458 180
486 180 486 184
159 181 159 184
297 175 297 181
416 178 416 181
146 182 148 182
189 173 189 182
101 183 102 183
352 178 352 183
386 183 393 183
69 184 72 184
369 183 369 184
393 183 393 184
432 176 432 184
69 184 69 185
102 183 102 185
154 184 154 185
207 185 215 185
317 173 317 185
135 182 135 186
215 185 215 186
271 186 275 186
398 183 398 186
458 183 458 186
479 184 479 186
264 187 265 187
10 188 10 189
263 188 263 189
381 188 381 189
6 189 10 189
18 189 20 189
257 189 263 189
419 189 419 192
440 189 442 189
444 189 445 189
110 190 110 194
283 190 283 191
365 190 365 195
227 191 227 194
331 191 335 191
390 191 393 191
485 191 493 191
85 193 85 195
102 193 102 194
277 191 277 193
99 194 102 194
137 194 142 194
85 195 91 195
110 195 113 195
229 194 229 195
357 195 363 195
426 195 426 197
128 196 128 206
217 196 218 196
461 197 465 197
15 198 18 198
141 198 142 198
332 198 335 198
54 199 54 201
336 200 337 200
106 201 110 201
296 201 297 201
31 199 31 202
461 197 461 202
471 202 474 202
376 203 377 203
143 204 143 207
202 204 206 204
333 204 336 204
384 200 384 204
15 205 18 205
131 205 131 206
340 205 343 205
361 205 363 205
121 206 121 207
249 206 250 206
377 206 378 206
143 207 146 207
44 208 45 208
137 207 137 208
296 208 299 208
58 209 58 210
474 202 474 209
7 210 7 211
110 207 110 210
153 210 155 210
291 210 292 210
3 211 7 211
310 211 315 211
124 207 124 212
117 213 118 213
153 213 159 213
232 213 232 216
483 213 485 213
24 214 24 216
140 213 140 214
172 214 172 215
216 215 218 215
355 215 355 216
394 215 394 219
462 216 464 216
474 216 478 216
186 217 202 217
122 218 122 219
311 218 315 218
478 216 478 218
36 216 36 219
238 218 238 219
394 219 399 219
452 216 452 219
289 220 290 220
300 220 300 223
315 220 318 220
137 221 137 223
233 218 233 221
108 221 108 222
278 222 281 222
430 222 437 222
459 222 462 222
66 223 66 224
300 223 303 223
97 225 99 225
47 226 55 226
278 226 282 226
403 226 403 229
247 227 251 227
343 217 343 227
99 228 101 228
150 227 150 228
457 229 457 234
416 230 416 232
137 223 137 231
170 231 177 231
362 216 362 231
479 231 488 231
177 232 183 232
223 232 225 232
343 232 343 236
85 227 85 233
175 233 177 233
321 233 321 235
410 229 410 233
177 233 177 234
421 234 426 234
311 235 314 235
43 236 55 236
267 236 269 236
55 236 55 237
99 228 99 237
198 237 201 237
127 238 130 238
198 237 198 239
192 234 192 240
223 240 224 240
71 241 71 247
381 241 385 241
25 242 25 244
496 242 499 242
16 243 16 244
166 243 168 243
217 243 222 243
414 243 421 243
405 244 405 245
465 242 465 244
144 245 144 253
348 245 350 245
487 245 487 249
249 246 251 246
289 246 290 246
397 245 397 246
57 247 57 252
287 246 287 247
303 247 304 247
421 245 421 247
25 249 28 249
314 235 314 249
38 250 38 252
48 250 48 252
295 250 295 252
360 250 360 253
380 250 381 250
478 249 478 250
438 251 440 251
6 253 9 253
288 253 289 253
461 253 462 253
61 254 62 254
193 254 193 257
253 254 254 254
9 253 9 255
123 255 124 255
381 255 382 255
289 256 292 256
418 256 418 262
191 257 192 257
304 257 306 257
78 258 81 258
61 254 61 260
211 258 211 260
223 256 223 260
289 256 289 260
304 257 304 260
234 256 234 261
317 261 325 261
398 261 409 261
272 244 272 262
373 264 376 264
16 265 16 270
95 263 95 265
324 265 325 265
482 265 494 265
325 266 330 266
494 265 494 266
133 268 134 268
362 268 369 268
413 268 416 268
180 269 183 269
27 270 28 270
299 270 299 284
416 269 416 270
11 270 11 271
325 271 326 271
442 270 442 271
24 271 24 272
177 269 177 272
229 272 229 279
363 273 366 273
434 269 434 273
6 270 6 274
315 274 320 274
100 275 100 280
164 274 164 275
358 276 358 278
449 276 451 276
405 277 407 277
114 278 118 278
320 274 320 278
420 278 420 284
152 279 156 279
229 279 230 279
360 278 360 279
405 279 406 279
16 280 19 280
482 280 482 283
229 282 232 282
286 282 286 289
54 283 54 284
90 283 91 283
91 283 92 283
442 283 442 296
447 283 448 283
482 283 489 283
299 284 301 284
342 284 352 284
417 284 420 284
19 285 21 285
82 284 82 285
268 285 270 285
358 278 358 285
115 284 115 286
249 287 252 287
60 288 62 288
196 288 196 290
423 288 424 288
476 288 479 288
19 289 25 289
166 290 166 294
196 290 198 290
299 290 301 290
407 288 407 290
420 290 423 290
141 291 146 291
186 291 191 291
383 287 383 291
465 291 465 293
129 293 130 293
264 293 268 293
5 295 17 295
252 295 254 295
19 295 19 296
327 296 332 296
441 296 442 296
68 291 68 297
142 298 146 298
427 298 427 299
146 298 146 299
272 299 273 299
245 300 246 300
425 299 425 300
156 301 160 301
240 301 246 301
349 301 350 301
107 295 107 302
155 303 156 303
205 303 205 304
259 304 259 305
400 304 400 306
403 304 403 306
46 305 46 318
325 305 331 305
294 306 294 313
388 306 390 306
433 306 434 306
195 304 195 307
79 308 83 308
349 301 349 308
248 305 248 309
487 309 490 309
203 310 204 310
268 311 269 311
434 311 436 311
451 308 451 311
102 312 107 312
297 313 298 313
17 314 18 314
87 315 87 316
389 315 390 315
40 317 40 318
269 317 273 317
492 317 497 317
115 318 120 318
215 318 215 320
235 318 235 321
297 318 301 318
355 318 355 321
390 318 391 318
319 319 319 328
239 320 239 321
25 321 27 321
157 321 158 321
345 321 348 321
468 321 468 327
42 322 43 322
115 318 115 322
174 322 174 326
194 322 199 322
260 322 264 322
87 323 90 323
128 323 130 323
297 318 297 323
311 325 311 328
17 325 17 326
199 322 199 326
280 326 281 326
460 326 460 327
168 326 168 327
176 326 176 327
235 321 235 327
387 327 390 327
489 327 490 327
348 328 352 328
70 329 80 329
421 329 422 329
30 330 33 330
376 326 376 330
222 320 222 331
158 330 158 332
311 328 311 332
332 332 336 332
109 333 110 333
130 329 130 333
109 334 117 334
58 330 58 335
315 336 319 336
348 328 348 336
287 337 287 338
465 327 465 337
45 338 50 338
287 338 299 338
390 339 393 339
241 340 241 342
147 341 147 343
193 341 193 342
489 327 489 341
336 342 337 342
11 343 11 352
136 343 136 344
54 345 61 345
84 345 84 353
422 345 422 350
130 346 132 346
137 344 137 347
189 343 189 348
341 348 341 349
346 348 346 349
292 349 293 349
17 350 17 352
201 350 202 350
422 350 424 350
2 352 2 356
132 352 135 352
270 350 270 352
160 353 163 353
275 350 275 353
440 353 447 353
50 355 51 355
152 352 152 355
214 355 214 358
326 355 329 355
43 356 43 357
81 353 81 356
159 356 160 356
289 356 292 356
90 357 94 357
329 357 332 357
47 357 47 358
212 358 214 358
491 358 493 358
144 359 145 359
94 360 98 360
201 360 205 360
329 357 329 360
120 361 120 363
193 361 194 361
75 362 77 362
113 362 113 363
162 362 165 362
251 362 257 362
448 362 449 362
481 363 481 368
77 362 77 364
121 363 121 364
199 364 199 366
356 364 360 364
493 364 495 364
161 365 162 365
356 364 356 365
448 362 448 365
471 365 471 371
94 360 94 366
398 366 399 366
175 367 180 367
271 367 272 367
162 368 162 369
399 369 404 369
486 368 486 369
498 370 498 373
429 372 434 372
135 373 136 373
332 373 332 374
479 373 480 373
37 373 37 374
162 374 162 385
216 374 217 374
224 370 224 374
270 374 271 374
370 374 370 375
493 373 493 375
85 376 85 380
251 376 257 376
374 375 374 376
496 373 496 376
91 377 91 380
75 378 75 380
268 378 273 378
203 379 204 379
281 378 281 379
86 380 86 381
212 381 214 381
304 381 304 382
351 381 351 382
304 382 305 382
109 383 111 383
227 383 227 385
473 383 474 383
295 384 299 384
490 384 490 386
37 385 37 387
69 385 71 385
345 385 346 385
360 382 360 385
483 385 483 386
21 376 21 386
146 386 147 386
189 386 195 386
195 386 202 386
232 385 232 386
394 386 399 386
214 385 214 387
453 386 453 387
479 386 479 387
62 387 62 388
109 388 109 389
155 387 155 388
195 386 195 389
227 385 227 389
50 387 50 390
109 389 109 390
132 391 138 391
273 378 273 392
399 392 404 392
341 393 346 393
71 385 71 394
138 391 138 394
399 392 399 395
254 396 254 400
141 397 144 397
166 397 170 397
25 398 25 407
295 398 299 398
47 399 51 399
51 399 67 399
177 399 177 402
472 399 472 407
490 399 496 399
4 400 4 416
118 400 118 401
323 391 323 400
15 401 15 405
117 401 118 401
83 402 88 402
218 402 218 403
50 403 51 403
221 403 224 403
187 404 193 404
204 405 210 405
244 405 244 407
382 405 382 416
409 405 409 409
467 405 467 407
349 406 349 407
29 407 32 407
241 407 243 407
466 407 467 407
150 408 150 410
184 408 186 408
235 409 243 409
285 406 285 409
29 407 29 410
44 410 51 410
316 410 317 410
475 407 475 410
268 411 271 411
252 412 255 412
268 411 268 412
55 413 57 413
228 413 228 419
243 409 243 413
317 413 318 413
365 413 366 413
387 413 387 416
444 413 444 414
496 415 498 415
3 416 4 416
136 416 136 417
365 413 365 416
239 417 239 419
409 418 410 418
20 419 23 419
288 419 292 419
79 420 88 420
185 420 188 420
332 420 332 424
496 415 496 420
274 421 275 421
437 417 437 421
238 419 238 422
412 422 412 423
108 423 111 423
33 424 33 426
204 424 204 425
330 424 332 424
396 424 397 424
487 424 490 424
167 425 171 425
247 426 250 426
303 427 306 427
121 428 126 428
423 428 423 444
303 428 303 429
311 429 312 429
343 425 343 429
360 429 360 430
445 429 445 432
19 426 19 430
83 430 83 431
131 428 131 430
161 422 161 430
214 431 215 431
279 431 279 432
401 431 403 431
457 431 457 432
461 431 461 432
12 426 12 433
43 433 44 433
283 432 283 433
237 434 237 435
332 434 332 440
84 431 84 435
235 435 237 435
348 435 349 435
190 436 193 436
327 436 327 440
382 434 382 436
293 437 296 437
39 438 41 438
131 439 131 444
255 439 255 440
270 439 272 439
387 434 387 439
155 440 155 444
261 440 261 441
330 440 330 441
243 442 245 442
257 440 257 442
285 442 293 442
39 444 40 444
49 440 49 444
172 444 172 450
208 444 211 444
385 444 389 444
137 444 137 445
340 440 340 445
216 444 216 446
227 446 228 446
299 446 304 446
299 446 299 447
487 447 487 448
40 448 42 448
209 448 211 448
481 448 483 448
491 448 500 448
8 449 8 453
227 446 227 449
124 450 130 450
274 451 275 451
427 451 430 451
85 452 85 453
265 452 265 453
325 452 331 452
84 453 85 453
182 453 188 453
90 454 92 454
101 454 102 454
387 454 387 455
343 455 346 455
102 456 106 456
236 456 236 464
352 456 352 457
389 456 392 456
130 457 133 457
24 457 24 458
129 458 130 458
325 458 328 458
480 459 483 459
165 460 170 460
152 461 162 461
292 461 292 464
314 461 319 461
389 461 393 461
350 462 352 462
493 462 500 462
132 460 132 463
162 461 162 463
176 463 177 463
448 463 452 463
177 463 177 464
350 462 350 464
368 460 368 464
485 462 485 464
278 465 279 465
19 466 22 466
55 466 57 466
493 462 493 466
13 467 14 467
234 468 234 469
290 468 292 468
89 469 89 470
86 470 89 470
102 470 105 470
270 465 270 470
340 470 347 470
40 471 40 474
117 471 117 484
198 471 198 472
248 470 248 471
198 472 201 472
278 465 278 472
289 472 290 472
357 472 357 477
372 472 372 483
31 474 36 474
102 475 107 475
242 469 242 475
389 475 405 475
456 474 456 475
19 476 24 476
233 476 234 476
59 477 60 477
93 477 93 479
136 477 139 477
82 479 89 479
219 479 220 479
19 480 22 480
295 480 301 480
362 479 362 480
3 481 3 485
129 482 129 484
377 482 377 483
427 482 427 485
317 483 318 483
165 479 165 484
248 484 257 484
274 483 274 484
2 485 3 485
309 485 314 485
419 485 427 485
294 486 295 486
178 487 184 487
56 488 59 488
256 489 257 489
184 490 188 490
490 490 491 490
113 491 113 492
301 491 303 491
424 491 428 491
5 489 5 493
462 493 468 493
14 489 14 495
60 491 60 495
360 495 361 495
476 487 476 495
24 489 24 496
401 497 414 497
106 492 106 498
152 498 154 498
278 483 278 498
399 497 399 498
487 498 490 498
165 499 169 499
253 499 257 499
445 495 445 499
460 498 460 499
165 499 165 500
340 499 340 500
345 499 345 500
491 500 493 500
19 6 20 6
18 6 19 6
18 6 18 10
8 23 18 23
18 23 18 30
18 30 22 30
0 23 8 23
18 30 18 34
18 34 18 35
18 35 18 40
28 48 30 48
28 48 28 53
20 55 27 55
14 55 20 55
5 55 14 55
20 41 20 55
18 10 18 23
45 5 45 14
45 14 45 20
40 20 45 20
39 28 39 29
39 29 39 34
39 34 39 39
39 39 39 40
39 22 39 28
36 45 39 45
39 40 39 45
47 40 47 49
47 40 48 40
47 49 47 51
47 51 47 54
47 51 54 51
47 57 50 57
43 57 47 57
47 54 47 57
50 61 50 65
50 57 50 61
39 40 47 40
11 75 11 83
11 71 11 75
11 87 11 89
15 92 17 92
11 92 15 92
11 89 11 92
11 83 11 87
43 75 43 79
43 79 43 85
41 79 43 79
11 71 30 71
50 65 50 70
50 70 50 74
47 75 47 78
43 75 46 75
38 90 43 90
43 85 43 90
38 90 38 103
50 92 53 92
47 92 50 92
43 90 47 90
47 90 47 92
36 79 41 79
46 75 47 75
1 135 7 135
7 135 18 135
18 114 18 115
18 115 18 116
18 116 18 120
18 120 18 122
18 122 24 122
1 127 1 135
21 140 21 141
18 122 18 135
26 120 35 120
52 104 52 107
52 118 55 118
52 107 52 118
42 122 48 122
37 122 42 122
38 134 38 139
43 139 47 139
38 139 43 139
48 122 48 128
48 137 54 137
36 139 38 139
33 139 36 139
47 139 47 143
48 128 48 137
4 164 5 164
4 164 4 166
4 166 4 169
32 165 35 165
35 165 38 165
25 155 25 160
32 165 32 170
15 176 20 176
51 161 51 165
25 160 25 164
51 161 57 161
38 165 51 165
20 176 23 176
52 104 59 104
85 14 94 14
85 14 85 18
85 18 85 22
85 22 88 22
74 23 81 23
74 23 74 28
69 23 74 23
78 31 78 32
96 37 110 37
87 40 95 40
78 32 78 40
78 40 87 40
73 43 78 43
78 40 78 43
137 1 141 1
118 1 121 1
105 1 118 1
123 1 137 1
121 1 123 1
141 18 141 19
137 20 137 24
131 24 137 24
131 24 131 29
141 5 141 18
141 1 141 5
110 37 112 37
118 34 118 37
112 37 118 37
112 37 112 40
138 34 141 34
138 34 138 40
125 47 131 47
125 47 125 55
65 64 73 64
73 64 73 68
73 68 74 68
74 68 74 71
86 57 90 57
79 57 86 57
86 57 86 61
86 61 86 68
74 57 79 57
73 90 73 93
73 93 74 93
74 93 74 96
83 96 87 96
83 89 83 96
99 94 104 94
78 96 83 96
74 96 78 96
73 85 73 90
114 61 122 61
125 55 125 57
125 57 125 61
122 61 125 61
114 61 114 65
146 64 146 66
146 66 146 67
133 67 139 67
139 67 146 67
133 67 133 72
108 76 111 76
111 76 111 86
111 86 111 94
104 94 111 94
113 94 117 94
121 94 128 94
104 94 104 100
111 94 113 94
133 76 137 76
133 72 133 76
128 88 128 93
128 93 134 93
134 93 135 93
135 93 139 93
128 93 128 94
139 93 139 95
139 95 139 98
117 94 121 94
128 94 128 102
96 94 99 94
122 47 125 47
166 2 166 8
166 8 166 10
163 32 165 32
170 23 170 27
159 32 163 32
159 32 159 33
175 18 182 18
170 23 175 23
170 27 170 28
170 28 170 32
178 37 178 44
165 32 170 32
196 23 196 26
189 26 196 26
196 28 203 28
196 26 196 28
210 9 210 23
210 23 210 28
206 28 210 28
203 28 206 28
215 29 215 37
196 28 196 35
175 18 175 23
166 60 174 60
157 60 159 60
148 60 157 60
148 60 148 64
162 60 162 61
148 64 152 64
174 57 174 60
174 60 174 67
159 60 162 60
162 60 166 60
176 77 176 80
168 87 168 90
177 82 177 89
168 90 168 93
168 93 171 93
171 93 177 93
177 89 177 93
190 82 204 82
174 67 174 75
199 51 205 51
209 53 213 53
195 51 195 55
214 53 214 55
213 53 214 53
195 51 199 51
214 55 214 58
214 58 215 58
215 58 219 58
215 62 215 69
215 69 215 73
213 69 215 69
210 69 213 69
215 58 215 62
195 55 195 60
208 82 210 82
210 82 212 82
204 82 207 82
177 82 190 82
200 90 204 90
204 84 204 90
200 90 200 95
207 82 208 82
215 73 215 82
221 85 221 93
212 82 215 82
204 82 204 84
174 49 174 57
146 64 148 64
66 105 70 105
83 110 83 119
78 110 83 110
62 105 66 105
71 124 71 134
71 134 71 137
71 137 71 143
88 123 91 123
83 121 83 124
83 119 83 121
83 121 86 121
83 124 83 128
83 128 83 130
71 124 78 124
78 124 83 124
108 114 108 117
108 117 108 122
96 122 108 122
108 122 108 131
108 131 112 131
71 143 71 151
69 151 71 151
65 151 69 151
80 154 87 154
65 170 68 170
65 151 65 163
68 170 75 170
68 170 68 175
65 163 65 170
98 148 102 148
102 148 108 148
98 148 98 149
98 149 98 154
114 148 114 154
108 148 114 148
102 172 102 174
102 174 102 183
87 154 98 154
128 107 128 112
128 112 130 112
130 112 134 112
134 112 137 112
137 112 139 112
125 112 128 112
143 114 146 114
146 114 147 114
143 114 143 116
147 114 151 114
163 112 172 112
153 112 163 112
125 123 129 123
129 123 134 123
134 123 136 123
143 116 143 122
150 122 154 122
154 122 154 125
141 122 143 122
138 131 142 131
133 133 138 133
138 131 138 133
138 133 138 135
144 136 148 136
144 136 144 146
144 146 144 147
143 122 143 127
160 127 160 137
160 137 166 137
166 137 167 137
175 137 179 137
167 137 173 137
167 137 167 143
167 143 167 144
143 122 150 122
119 161 125 161
125 161 126 161
126 161 133 161
135 162 135 169
135 169 135 174
119 161 119 163
125 180 134 180
134 178 134 180
146 180 146 182
154 160 165 160
165 160 167 160
147 176 147 179
154 165 154 173
149 179 154 179
140 182 146 182
154 160 154 165
147 179 149 179
154 184 157 184
157 184 159 184
154 173 154 179
154 179 154 184
135 182 140 182
144 147 144 154
119 163 119 167
179 131 179 134
179 134 179 137
173 137 175 137
180 137 186 137
195 117 195 129
195 129 195 137
203 134 211 134
186 137 186 140
186 137 195 137
195 137 199 137
200 148 206 148
199 148 200 148
192 148 199 148
190 148 192 148
186 148 190 148
186 140 186 148
186 150 186 153
186 148 186 150
215 122 215 134
215 122 217 122
217 122 220 122
211 134 215 134
215 134 215 136
191 160 191 164
191 164 191 167
191 167 191 172
191 172 191 173
186 173 189 173
191 173 196 173
189 173 191 173
212 170 220 170
208 170 212 170
235 172 239 172
227 172 235 172
191 159 191 160
179 137 180 137
128 102 128 107
71 109 73 109
234 7 242 7
242 7 244 7
244 7 244 9
244 9 254 9
244 9 244 10
244 10 244 14
244 14 244 16
230 26 238 26
238 26 244 26
244 16 244 23
244 23 244 26
261 9 261 17
261 17 263 17
263 17 266 17
261 18 261 28
258 31 258 32
254 9 261 9
285 9 285 11
278 17 280 17
285 11 285 17
261 17 261 18
285 17 285 24
285 24 292 24
278 17 278 19
280 17 285 17
292 24 295 24
295 24 295 27
297 32 302 32
266 17 278 17
235 44 235 50
242 61 245 61
253 51 253 61
242 61 242 68
245 61 253 61
242 71 242 78
250 74 251 74
247 78 248 78
242 78 247 78
248 78 248 79
242 68 242 71
274 43 274 48
274 48 274 52
277 52 277 57
274 52 277 52
277 57 286 57
290 48 290 57
290 57 290 60
286 57 290 57
265 71 268 71
268 75 268 78
269 78 273 78
268 78 269 78
281 67 290 67
281 67 281 69
281 72 281 75
281 75 286 75
290 60 290 67
294 70 294 78
294 78 294 79
281 69 281 72
268 78 268 84
268 71 268 75
244 95 244 99
244 99 244 100
249 100 257 100
245 100 249 100
244 100 245 100
268 84 268 86
262 88 262 100
257 100 260 100
260 100 262 100
249 100 249 104
232 107 232 109
232 109 232 117
249 104 249 106
258 110 258 113
242 106 249 106
249 106 251 106
287 91 287 94
292 94 293 94
287 94 292 94
275 100 284 100
284 100 284 104
284 104 284 107
284 107 290 107
289 119 292 119
284 119 289 119
284 113 284 119
284 107 284 113
262 100 275 100
257 35 257 42
235 136 235 143
235 143 235 145
235 145 235 146
235 147 235 148
235 148 237 148
237 148 244 148
234 148 234 155
235 146 235 147
235 168 235 169
235 169 235 172
255 131 255 134
253 137 253 142
253 142 261 142
261 142 264 142
250 148 250 156
250 156 250 164
266 158 268 158
255 164 259 164
250 164 255 164
244 148 250 148
234 148 235 148
251 180 252 180
251 181 251 185
251 185 255 185
264 186 264 187
227 172 227 178
277 132 283 132
275 132 277 132
277 138 277 139
276 144 276 145
276 145 276 152
277 132 277 138
291 132 291 140
283 132 291 132
268 158 271 158
276 152 276 158
285 164 288 164
277 164 277 166
277 164 285 164
288 164 294 164
288 175 297 175
277 166 277 167
278 179 284 179
275 173 275 178
275 179 275 186
275 178 275 179
275 179 278 179
271 158 276 158
259 164 264 164
251 180 251 181
308 5 308 7
322 7 327 7
309 7 322 7
308 7 309 7
322 10 322 18
334 7 334 15
319 18 319 19
319 18 322 18
322 7 322 10
310 35 312 35
312 35 319 35
310 35 310 38
305 44 309 44
319 19 319 25
320 27 320 29
330 29 332 29
319 35 319 39
320 29 330 29
332 29 332 32
332 32 338 32
307 35 310 35
342 4 347 4
359 5 359 13
347 4 347 13
355 13 359 13
354 13 355 13
347 13 354 13
354 13 354 17
354 24 356 24
362 24 364 24
356 24 362 24
356 33 357 33
354 26 354 33
354 24 354 26
350 33 354 33
354 33 356 33
350 33 350 38
350 45 355 45
355 45 358 45
350 38 350 45
364 24 364 25
369 26 374 26
374 26 377 26
369 26 369 37
377 26 384 26
354 17 354 24
327 7 334 7
324 56 324 62
324 62 324 64
315 65 322 65
322 65 322 77
324 64 332 64
341 55 341 70
337 70 338 70
332 70 337 70
332 64 332 70
338 70 341 70
341 70 343 70
343 70 343 73
322 81 322 83
322 77 322 81
310 83 322 83
323 90 323 93
323 93 331 93
309 91 309 95
341 90 342 90
338 90 341 90
349 90 359 90
338 90 338 92
331 93 337 93
337 93 337 102
363 56 365 56
365 56 369 56
355 51 355 56
358 62 358 63
358 63 358 64
358 64 358 65
355 56 363 56
369 56 371 56
355 45 355 51
371 56 372 56
372 56 372 58
372 58 372 59
355 56 355 60
369 56 369 69
369 76 370 76
370 76 376 76
361 79 368 79
368 79 369 79
369 76 369 79
361 79 361 86
342 90 349 90
370 101 375 101
362 101 370 101
359 90 359 98
369 69 369 76
316 117 322 117
322 117 322 121
322 121 322 122
322 122 322 136
309 138 309 141
307 150 307 152
307 152 307 155
307 155 309 155
311 154 313 154
307 155 307 156
307 156 307 158
321 154 328 154
343 146 343 148
313 154 321 154
325 168 325 173
322 173 325 173
317 173 322 173
312 173 317 173
312 166 312 173
341 120 341 123
358 112 358 117
358 117 358 120
350 120 358 120
348 120 350 120
346 120 348 120
341 120 346 120
361 117 368 117
369 118 374 118
375 119 375 126
375 126 375 129
358 117 361 117
333 146 341 146
341 146 343 146
343 148 343 155
343 155 345 155
345 155 345 159
345 159 345 163
345 163 345 172
344 172 345 172
338 172 344 172
359 147 365 147
359 137 359 147
358 148 358 156
358 162 362 162
358 156 358 158
358 158 358 162
367 164 369 164
363 164 363 165
363 164 367 164
369 164 371 164
358 162 358 163
374 158 374 164
374 158 379 158
374 164 376 164
376 164 376 165
371 164 374 164
369 164 369 173
367 174 369 174
369 174 369 177
371 178 374 178
371 178 371 182
368 183 369 183
364 183 368 183
369 173 369 174
352 178 362 178
359 125 359 137
337 102 337 105
391 14 395 14
391 14 391 18
387 18 389 18
386 23 386 26
395 14 400 14
389 18 391 18
386 26 386 27
386 37 388 37
388 37 394 37
386 27 386 37
394 37 394 41
406 58 406 64
394 51 394 59
400 66 405 66
394 47 394 51
400 66 400 69
391 75 400 75
400 69 400 72
400 75 400 82
400 72 400 75
394 41 394 47
442 7 444 7
442 7 442 9
427 25 429 25
429 25 431 25
431 25 442 25
420 25 420 28
442 9 442 24
442 24 442 25
420 25 427 25
442 39 442 40
437 40 437 42
437 40 442 40
442 40 443 40
442 25 442 31
442 31 442 39
437 48 443 48
437 42 437 48
437 48 437 52
429 52 437 52
433 66 446 66
431 66 433 66
431 66 431 72
431 72 431 80
421 80 431 80
417 80 421 80
431 80 433 80
429 52 429 59
429 59 429 61
406 64 413 64
469 2 469 4
469 4 469 5
469 5 469 6
466 6 469 6
469 6 474 6
456 11 456 22
458 6 466 6
482 3 485 3
485 3 485 14
486 15 491 15
491 15 491 17
491 17 491 22
492 25 492 29
442 31 450 31
472 41 472 44
454 40 454 46
461 51 470 51
454 46 454 48
472 44 478 44
461 51 461 52
462 55 465 55
461 52 461 54
483 37 483 44
478 44 483 44
492 33 499 33
499 33 499 39
499 39 499 40
497 47 497 48
492 29 492 33
493 57 496 57
497 48 497 55
462 55 462 65
462 65 462 67
462 67 462 70
470 71 470 77
464 71 470 71
470 77 472 77
472 78 475 78
472 77 472 78
476 78 476 80
485 76 490 76
483 76 485 76
490 76 490 78
475 78 476 78
460 70 462 70
396 97 400 97
400 97 402 97
396 97 396 99
406 100 411 100
388 102 394 102
394 108 394 110
392 110 394 110
392 110 392 111
394 102 394 108
392 111 392 113
392 113 392 118
392 119 399 119
399 119 403 119
392 118 392 119
411 100 415 100
423 104 434 104
415 100 415 104
415 104 423 104
416 110 416 112
416 113 420 113
416 112 416 113
420 113 420 121
420 121 420 127
428 93 439 93
439 93 439 95
439 95 439 101
435 102 438 102
438 102 438 108
438 108 438 116
438 116 445 116
415 104 415 107
392 119 392 132
390 135 390 136
392 141 399 141
390 141 392 141
390 136 390 141
399 147 399 150
399 147 400 147
415 145 432 145
412 145 415 145
400 147 409 147
409 147 412 147
412 149 412 151
410 140 410 143
432 139 432 144
432 144 432 145
412 145 412 147
412 147 412 149
399 141 399 147
399 166 399 167
398 168 399 168
398 168 398 172
399 167 399 168
398 172 398 178
405 178 408 178
398 178 398 183
398 178 405 178
420 168 420 169
420 168 429 168
420 169 420 173
420 173 420 174
420 174 420 177
408 178 416 178
393 183 398 183
432 160 432 161
429 168 432 168
432 168 432 176
432 161 432 168
432 176 436 176
432 145 432 160
457 98 459 98
455 98 457 98
455 98 455 105
455 105 455 112
459 112 466 112
455 112 459 112
455 125 457 125
455 112 455 116
472 78 472 88
472 88 472 91
471 96 471 98
472 92 479 92
479 92 483 92
486 97 494 97
486 97 486 100
481 116 482 116
481 123 481 124
486 104 486 110
482 116 486 116
486 110 486 116
481 116 481 123
475 124 481 124
486 100 486 104
455 116 455 125
468 149 472 149
472 130 472 149
455 148 463 148
489 161 494 161
468 149 468 153
465 163 465 171
465 171 465 172
468 161 470 161
477 161 477 162
477 162 477 165
468 153 468 161
489 143 495 143
489 143 489 146
489 146 489 151
489 151 489 156
482 161 489 161
477 161 482 161
489 156 489 161
470 161 477 161
494 161 499 161
471 180 475 180
458 180 471 180
458 180 458 183
475 173 475 180
479 184 481 184
481 184 486 184
472 126 472 130
445 116 455 116
472 91 472 92
384 26 386 26
10 189 18 189
18 189 18 198
18 198 18 199
25 199 31 199
18 199 25 199
18 199 18 205
7 211 18 211
24 216 36 216
36 216 42 216
42 216 43 216
20 234 29 234
20 216 20 228
20 228 20 234
18 205 18 211
52 201 54 201
45 201 52 201
45 201 45 205
45 205 45 208
47 213 47 215
50 215 53 215
58 210 58 215
58 210 60 210
53 215 55 215
55 215 58 215
55 215 55 220
47 215 50 215
55 222 55 224
59 224 66 224
55 224 59 224
74 227 74 229
55 220 55 222
20 216 24 216
82 196 82 204
82 204 82 205
82 205 86 205
91 208 91 217
55 224 55 226
82 227 85 227
74 227 82 227
91 217 93 217
110 195 110 201
110 194 110 195
102 194 110 194
117 207 121 207
115 207 117 207
110 201 110 207
117 209 117 213
110 207 115 207
121 207 124 207
128 206 129 206
137 207 140 207
117 207 117 209
112 219 117 219
100 221 108 221
99 221 100 221
99 221 99 225
112 214 112 219
117 219 122 219
127 228 127 238
99 225 99 228
142 194 142 198
142 198 142 199
142 199 148 199
149 199 153 199
148 199 149 199
153 199 153 202
129 206 131 206
133 207 137 207
140 207 143 207
153 202 153 210
153 210 153 213
148 213 153 213
140 213 148 213
138 223 146 223
137 223 138 223
150 223 153 223
146 223 150 223
158 223 158 226
158 226 159 226
150 223 150 227
153 213 153 220
153 220 153 223
167 201 167 215
167 215 169 215
169 215 171 215
171 215 172 215
172 215 176 215
176 215 176 221
177 226 177 231
177 231 177 232
177 232 177 233
153 223 158 223
140 207 140 213
55 226 55 236
16 244 22 244
22 244 25 244
25 244 25 249
25 249 25 255
8 270 11 270
6 270 8 270
27 259 27 265
27 265 27 270
21 271 24 271
11 270 16 270
19 271 19 278
19 278 19 280
19 271 21 271
19 280 19 285
19 285 19 289
19 289 19 295
17 295 19 295
31 259 38 259
38 252 38 259
38 252 41 252
41 252 48 252
48 252 57 252
27 259 31 259
42 279 42 284
44 284 54 284
42 284 44 284
60 288 60 291
60 291 68 291
38 259 38 269
12 304 17 304
17 301 17 304
11 304 12 304
11 304 11 306
17 307 17 309
21 307 27 307
13 325 17 325
17 309 17 314
17 314 17 325
17 307 21 307
30 320 31 320
27 307 27 313
27 320 30 320
27 320 27 321
30 320 30 325
30 325 30 330
27 313 27 320
17 304 17 307
38 318 40 318
32 318 38 318
43 318 45 318
45 318 46 318
43 318 43 320
43 320 43 322
50 325 58 325
58 325 58 330
40 318 43 318
17 295 17 301
4 356 8 356
8 355 8 356
13 352 17 352
11 352 13 352
8 356 9 356
9 356 9 361
2 356 4 356
4 356 4 368
4 376 21 376
4 368 4 376
32 360 37 360
37 360 43 360
50 345 54 345
50 325 50 338
43 357 47 357
47 357 50 357
50 355 50 357
43 357 43 360
37 373 43 373
45 374 47 374
37 360 37 362
50 338 50 345
37 362 37 373
37 387 39 387
39 387 45 387
45 387 50 387
45 383 45 387
45 374 45 383
37 387 37 389
50 387 62 387
24 359 30 359
50 345 50 355
71 247 79 247
79 247 81 247
81 247 81 257
81 257 81 258
81 258 82 258
82 258 88 258
88 257 88 258
88 258 88 262
82 258 82 264
78 273 80 273
90 279 91 279
82 275 82 279
73 284 82 284
68 291 73 291
73 284 73 291
82 279 90 279
91 279 91 281
91 281 91 283
82 279 82 284
80 266 80 273
109 247 109 250
109 250 109 251
109 251 109 254
108 254 109 254
120 245 123 245
118 255 122 255
123 251 123 255
122 264 122 268
133 266 133 268
133 259 133 266
125 268 133 268
122 268 125 268
122 255 122 264
122 255 123 255
119 279 124 279
119 279 119 282
110 284 115 284
105 284 110 284
105 287 105 295
105 295 106 295
106 295 107 295
105 284 105 287
129 279 129 293
124 279 129 279
118 269 118 278
144 253 150 253
173 244 180 244
156 260 166 260
180 266 180 269
177 269 180 269
166 269 177 269
166 260 166 269
164 274 165 274
180 244 180 266
156 260 156 279
146 291 146 296
151 296 156 296
156 296 156 301
156 287 156 294
162 294 166 294
156 294 162 294
156 294 156 296
146 296 151 296
146 296 146 298
156 301 156 303
156 279 156 287
95 263 101 263
84 311 84 316
87 316 87 323
85 316 87 316
84 316 85 316
80 327 87 327
87 323 87 327
80 329 80 335
80 327 80 329
107 308 107 312
107 312 107 314
107 314 107 324
107 314 113 314
109 333 109 334
109 334 109 336
98 336 109 336
98 336 98 340
77 353 81 353
77 353 77 358
77 358 77 362
84 353 86 353
83 353 84 353
91 353 94 353
98 340 98 353
100 353 106 353
94 353 94 356
94 356 94 357
94 357 94 360
86 353 91 353
81 353 83 353
106 347 106 353
108 363 113 363
120 363 121 363
118 363 120 363
113 363 118 363
121 363 126 363
94 353 98 353
98 353 100 353
91 380 92 380
75 380 85 380
86 380 91 380
85 380 86 380
101 384 101 389
101 389 101 391
111 383 111 385
103 389 109 389
101 389 103 389
109 389 111 389
111 385 111 389
118 363 118 371
132 306 156 306
132 306 132 312
132 317 142 317
130 321 130 323
130 329 134 329
130 323 130 329
132 312 132 317
156 303 156 306
158 309 170 309
158 316 158 321
165 326 168 326
161 330 164 330
158 321 158 330
168 326 174 326
174 326 176 326
164 330 164 332
158 330 161 330
137 344 141 344
132 344 136 344
132 344 132 346
132 346 132 352
147 343 148 343
148 343 152 343
152 343 152 346
152 346 152 350
156 350 160 350
150 352 152 352
145 352 150 352
136 344 137 344
145 352 145 359
145 362 153 362
145 362 145 365
126 369 142 369
142 369 145 369
145 365 145 369
145 359 145 362
169 340 169 343
183 343 186 343
152 350 156 350
160 353 160 355
160 355 160 356
162 368 166 368
162 362 162 365
162 365 162 368
175 361 175 367
166 368 169 368
152 350 152 352
160 350 160 353
138 380 138 381
143 381 147 381
147 372 151 372
138 381 143 381
147 381 147 385
147 385 147 386
138 381 138 391
162 385 162 387
162 385 174 385
161 387 162 387
155 387 161 387
161 387 161 394
147 372 147 381
126 363 126 369
158 309 158 316
123 245 123 251
202 204 202 213
202 213 202 214
202 214 202 217
218 223 218 224
202 217 202 224
192 232 192 234
192 234 197 234
197 234 198 234
198 234 198 237
225 194 227 194
227 194 229 194
218 196 218 204
218 204 218 215
218 215 218 216
218 216 218 223
214 224 218 224
229 216 232 216
233 218 238 218
238 218 240 218
218 224 223 224
223 224 223 232
223 232 223 240
218 216 229 216
202 224 214 224
197 251 197 257
208 258 211 258
204 258 208 258
192 257 193 257
192 257 192 259
214 256 222 256
222 243 222 255
222 256 223 256
222 255 222 256
234 256 235 256
193 257 197 257
223 256 234 256
264 189 264 191
264 187 264 189
263 189 264 189
259 198 262 198
262 198 264 198
277 191 283 191
264 191 272 191
249 200 249 206
272 191 277 191
296 191 296 201
296 201 296 208
283 191 296 191
255 221 256 221
251 225 251 227
251 227 251 233
251 233 257 233
257 233 269 233
251 246 251 250
251 233 251 246
278 222 278 226
278 226 278 227
269 228 269 233
272 244 283 244
269 233 269 236
290 220 292 220
292 220 292 224
292 224 296 224
296 238 300 238
296 224 296 232
289 246 289 249
289 249 289 252
299 252 304 252
304 249 304 252
289 252 295 252
289 252 289 253
304 245 304 246
304 246 304 247
304 247 304 249
295 252 299 252
289 253 289 256
304 252 304 257
296 232 296 238
287 246 289 246
292 210 292 220
204 265 204 269
211 270 214 270
204 270 211 270
204 269 204 270
214 270 214 271
191 291 192 291
205 304 207 304
203 304 205 304
195 304 203 304
203 304 203 310
192 291 192 301
215 289 222 289
229 279 229 282
229 282 229 289
215 280 215 289
229 289 229 290
233 291 238 291
252 282 252 287
252 287 252 291
252 291 252 295
242 295 246 295
246 295 252 295
246 295 246 298
246 298 246 300
246 300 246 301
248 305 253 305
233 291 233 301
222 289 229 289
210 320 215 320
215 320 221 320
221 320 222 320
222 320 227 320
235 321 239 321
230 321 235 321
227 317 227 320
268 272 268 277
264 272 268 272
268 277 268 285
268 285 268 287
260 287 268 287
268 288 268 293
272 293 278 293
272 293 272 299
268 293 272 293
268 287 268 288
299 284 299 290
286 289 286 290
293 290 299 290
286 290 293 290
293 290 293 294
259 307 263 307
272 299 272 306
253 305 259 305
272 306 272 308
269 311 271 311
271 311 272 311
264 306 272 306
269 311 269 315
269 317 269 318
264 322 266 322
266 322 266 325
269 315 269 317
280 313 294 313
272 308 272 311
272 311 275 311
294 313 297 313
280 313 280 320
280 320 280 326
297 313 297 318
259 305 259 307
193 342 199 342
199 342 199 347
186 343 189 343
193 361 193 365
193 365 193 366
198 366 199 366
201 350 201 354
201 354 201 355
193 366 198 366
199 369 201 369
201 355 201 360
201 360 201 369
203 369 203 371
201 369 203 369
199 366 199 369
203 371 203 372
195 379 203 379
195 379 195 386
203 372 203 379
203 369 207 369
214 358 214 366
214 366 214 368
214 368 216 368
216 368 219 368
216 370 216 374
214 374 216 374
214 374 214 381
216 368 216 370
224 370 227 370
219 368 224 368
224 368 224 370
222 385 227 385
214 381 214 385
227 385 232 385
214 385 222 385
209 368 214 368
241 342 241 351
251 351 259 351
241 351 241 356
256 341 260 341
260 341 260 348
246 351 251 351
241 351 246 351
251 362 251 365
251 365 251 373
251 373 251 376
240 377 242 377
242 377 243 377
243 377 243 383
243 385 248 385
232 385 243 385
251 351 251 362
260 350 270 350
270 350 272 350
287 338 287 348
279 348 287 348
292 349 292 353
292 353 292 356
272 350 275 350
271 364 271 367
271 367 271 374
273 375 273 378
273 378 281 378
281 378 282 378
292 358 292 366
292 366 292 372
292 372 296 372
296 372 299 372
299 383 302 383
299 372 299 377
299 377 299 383
299 384 299 390
299 383 299 384
285 372 292 372
292 356 292 358
260 348 260 350
243 383 243 385
204 258 204 265
169 343 183 343
25 407 29 407
20 407 25 407
20 407 20 417
20 417 20 419
19 419 20 419
19 419 19 420
7 419 19 419
19 420 19 426
12 426 19 426
19 426 33 426
51 399 51 400
51 400 51 403
51 403 51 410
43 426 43 427
43 427 43 433
41 438 43 438
49 438 51 438
43 433 43 438
49 438 49 440
41 438 41 442
43 438 49 438
55 413 55 426
65 431 75 431
61 431 61 435
51 438 56 438
61 431 65 431
33 426 43 426
19 453 19 457
17 453 19 453
8 453 17 453
23 457 24 457
19 457 23 457
25 457 31 457
19 460 19 466
19 457 19 460
11 466 14 466
14 466 19 466
9 489 14 489
14 489 19 489
14 467 14 472
19 473 19 476
19 476 19 480
19 489 24 489
5 489 9 489
19 480 19 489
14 466 14 467
40 444 40 446
24 457 25 457
31 457 31 462
36 462 36 471
36 471 36 474
36 474 40 474
42 477 47 477
42 477 42 482
42 482 42 488
31 462 36 462
57 466 57 467
57 467 57 477
47 477 56 477
56 477 57 477
57 477 59 477
59 477 59 482
60 491 71 491
59 482 59 488
40 446 40 448
89 411 89 412
89 412 101 412
109 402 110 402
110 402 110 406
110 406 110 409
108 416 108 423
83 431 84 431
75 431 83 431
88 431 91 431
91 431 92 431
92 425 92 431
92 431 92 435
103 416 108 416
108 423 108 430
101 436 106 436
97 436 101 436
106 436 106 444
85 453 90 453
90 453 90 454
90 454 90 457
90 457 90 460
95 460 102 460
102 450 102 454
102 454 102 456
102 456 102 460
102 460 102 462
90 460 95 460
89 470 89 479
102 462 102 470
102 470 102 475
89 479 93 479
93 479 93 489
93 479 99 479
93 490 93 492
113 492 117 492
106 492 113 492
91 492 93 492
90 492 91 492
93 489 93 490
106 444 106 449
84 431 88 431
120 414 120 415
121 419 126 419
126 419 126 424
126 424 126 428
126 428 127 428
127 428 131 428
144 397 145 397
145 397 145 403
158 410 166 410
145 414 150 414
150 410 150 414
145 411 145 414
136 417 140 417
140 417 145 417
140 417 140 426
145 403 145 411
145 414 145 417
161 394 166 394
150 410 158 410
166 410 166 417
161 422 166 422
166 417 166 422
166 394 166 397
139 443 139 444
139 444 145 444
145 444 155 444
131 444 137 444
130 454 130 457
130 457 130 458
133 460 140 460
132 460 133 460
130 460 132 460
130 458 130 460
130 450 130 454
137 444 139 444
165 450 172 450
165 450 165 453
165 453 165 460
129 484 129 486
117 484 125 484
140 466 140 470
140 477 146 477
139 477 140 477
125 484 129 484
130 487 133 487
139 477 139 479
139 479 139 487
133 487 133 499
133 487 139 487
93 492 106 492
140 470 140 477
146 477 154 477
154 479 159 479
159 479 165 479
154 479 154 491
160 499 165 499
154 491 154 498
154 477 154 479
140 460 140 466
140 426 140 433
187 402 187 404
186 402 187 402
177 402 186 402
187 404 187 407
186 408 186 410
188 414 197 414
190 428 190 436
188 414 188 420
182 443 182 450
172 450 176 450
182 450 182 453
218 403 221 403
210 405 210 407
210 403 218 403
210 403 210 405
210 407 210 415
210 415 214 415
238 419 239 419
215 419 215 423
212 425 215 425
204 425 212 425
215 423 215 425
202 415 210 415
220 433 220 438
211 439 211 444
211 444 216 444
220 438 220 442
211 448 211 453
211 444 211 448
226 442 227 442
227 442 227 446
220 442 226 442
215 425 215 431
188 420 188 423
179 463 179 471
177 463 179 463
179 471 183 471
183 471 183 476
198 472 198 476
184 485 184 487
184 487 184 490
184 490 184 496
183 476 183 477
192 476 198 476
206 482 214 482
219 463 219 479
197 489 197 494
197 494 201 494
183 476 192 476
219 463 222 463
219 454 219 463
201 482 206 482
201 482 201 485
214 482 214 489
176 450 182 450
250 401 252 401
243 407 244 407
244 407 249 407
249 407 252 407
252 401 252 407
243 407 243 409
252 407 252 412
252 412 252 413
254 400 263 400
263 400 267 400
267 400 267 406
215 419 228 419
228 419 230 419
230 419 238 419
247 426 247 431
237 435 245 435
245 435 247 435
247 431 247 435
247 435 247 440
245 440 247 440
245 440 245 442
255 440 257 440
247 440 255 440
257 440 261 440
239 419 247 419
274 421 274 425
275 428 275 432
283 432 289 432
272 439 272 443
262 433 272 433
295 398 295 406
285 406 295 406
292 419 293 419
296 417 296 418
289 428 289 432
293 419 293 427
293 427 297 427
275 432 279 432
279 432 283 432
289 432 290 432
303 425 303 427
303 427 303 428
299 428 300 428
300 428 303 428
293 437 293 442
293 442 293 445
272 433 272 439
236 464 236 469
234 469 236 469
236 469 242 469
248 469 248 470
234 476 234 482
249 459 249 467
244 469 248 469
242 469 244 469
248 470 258 470
269 453 270 453
270 453 273 453
270 453 270 459
270 465 278 465
270 459 270 465
265 453 269 453
258 479 264 479
258 470 258 474
257 484 257 485
257 485 257 489
257 489 257 499
274 483 278 483
270 483 274 483
258 474 258 479
234 469 234 476
292 464 297 464
290 464 292 464
290 464 290 467
290 467 290 468
290 468 290 472
290 472 290 477
285 477 290 477
295 485 295 486
301 491 301 494
295 480 295 485
274 445 274 451
247 419 247 426
117 484 117 492
166 397 166 410
315 204 315 210
323 207 323 210
320 210 323 210
315 210 320 210
315 210 315 211
315 211 315 216
315 216 315 218
315 218 315 220
315 220 315 223
335 191 335 198
335 200 336 200
336 200 336 203
336 203 336 204
336 204 338 204
340 205 340 210
335 198 335 200
340 210 340 217
334 217 339 217
334 217 334 221
339 217 340 217
343 217 348 217
340 217 343 217
314 235 321 235
321 235 329 235
329 231 329 235
335 236 336 236
336 236 336 241
333 242 333 250
327 260 333 260
325 261 325 263
325 263 325 265
325 265 325 266
325 266 325 271
333 250 333 260
336 236 343 236
345 240 345 243
348 245 348 248
365 195 373 195
363 195 363 205
374 200 377 200
377 200 379 200
379 200 384 200
377 203 377 206
390 191 390 193
390 193 390 199
385 199 390 199
377 200 377 203
363 195 365 195
362 216 370 216
350 216 355 216
376 216 376 222
376 222 379 222
393 227 393 229
396 229 403 229
393 229 396 229
403 229 410 229
384 227 393 227
370 243 370 246
370 243 373 243
370 246 370 253
360 253 370 253
378 256 381 256
375 256 375 259
373 259 373 261
373 261 373 264
372 264 373 264
373 259 375 259
393 229 393 239
389 242 393 242
385 241 385 242
385 242 385 247
381 250 381 253
381 253 381 255
381 255 381 256
381 256 387 256
375 256 378 256
385 242 389 242
397 245 399 245
399 245 405 245
405 245 405 249
409 256 409 261
393 239 393 242
370 216 376 216
355 216 362 216
325 274 325 279
325 271 325 274
325 279 325 283
316 292 324 292
326 288 326 291
332 291 332 295
329 291 332 291
326 291 329 291
332 295 332 296
332 296 332 297
331 297 331 305
331 305 331 317
342 280 342 284
340 284 342 284
332 288 332 291
343 301 349 301
332 297 343 297
343 297 343 301
331 297 332 297
311 328 317 328
317 328 319 328
319 328 319 334
319 334 319 336
320 341 320 342
320 342 326 342
334 326 339 326
348 321 355 321
340 326 348 326
336 335 336 342
326 342 336 342
339 326 339 331
339 326 340 326
355 321 363 321
336 332 336 335
320 342 320 344
363 273 363 278
358 278 360 278
360 278 363 278
363 278 368 278
369 287 371 287
371 287 378 287
371 292 371 301
383 279 383 283
383 283 403 283
371 287 371 292
383 283 383 287
405 277 405 279
404 281 404 283
403 283 404 283
378 287 383 287
348 321 348 326
371 316 372 316
371 301 371 316
369 316 369 318
374 323 374 326
374 326 376 326
374 319 374 323
363 321 363 325
390 306 390 313
390 306 400 306
400 306 403 306
390 315 390 318
390 318 390 319
381 319 390 319
390 319 390 327
390 332 395 332
390 327 390 332
390 332 390 339
390 313 390 315
374 319 381 319
369 316 371 316
348 326 348 328
320 274 325 274
419 192 419 197
426 197 435 197
435 197 435 207
435 196 435 197
424 197 424 204
444 188 444 189
442 189 442 191
442 189 444 189
424 197 426 197
444 188 452 188
419 197 424 197
443 211 443 213
462 216 462 218
456 216 462 216
462 218 462 222
452 216 456 216
443 213 449 213
421 234 421 243
421 243 421 245
421 245 432 245
451 238 456 238
451 238 451 241
440 247 445 247
440 247 440 251
416 262 418 262
430 269 434 269
416 262 416 268
440 251 440 262
440 262 442 262
440 265 440 269
442 270 445 270
434 269 440 269
445 270 449 270
416 269 430 269
440 262 440 265
457 234 457 238
457 234 458 234
465 234 465 238
458 234 465 234
456 238 457 238
465 238 465 242
457 238 457 239
460 252 462 252
462 252 462 253
466 225 466 231
485 191 485 202
474 202 479 202
479 202 485 202
485 202 485 208
485 208 498 208
485 208 485 211
485 211 485 213
485 213 485 215
485 215 487 215
488 220 488 226
488 226 488 231
496 232 496 242
475 249 478 249
478 249 487 249
487 249 494 249
494 249 494 256
494 256 494 265
496 242 496 248
475 247 475 249
465 242 469 242
420 284 422 284
422 284 423 284
423 284 423 285
423 285 423 288
423 288 423 290
423 290 423 299
423 299 425 299
425 299 427 299
427 299 429 299
442 296 442 299
429 299 435 299
435 299 435 305
434 306 434 311
442 299 447 299
434 311 434 318
433 329 434 329
432 329 433 329
422 329 432 329
422 329 422 335
434 318 434 329
449 270 449 276
448 283 448 290
435 299 442 299
457 308 458 308
465 293 470 293
464 300 464 306
451 308 457 308
447 299 447 302
458 308 458 315
479 288 479 293
490 305 490 309
490 309 490 312
479 293 479 303
470 293 479 293
465 327 468 327
468 327 469 327
458 327 460 327
485 325 485 327
460 327 465 327
469 327 485 327
485 327 489 327
458 315 458 327
416 268 416 269
320 344 320 348
315 350 315 361
315 361 316 361
329 353 335 353
329 353 329 355
320 348 326 348
346 349 347 349
341 349 346 349
352 352 357 352
352 364 356 364
352 361 352 364
352 352 352 361
349 364 352 364
329 355 329 357
327 374 332 374
343 378 345 378
333 378 333 379
316 388 316 391
334 386 334 391
323 391 334 391
316 391 323 391
340 378 343 378
345 378 349 378
349 364 349 368
343 378 343 379
349 378 349 379
349 379 349 382
351 382 360 382
346 385 346 389
346 389 346 393
349 382 351 382
360 382 367 382
356 398 362 398
355 398 356 398
333 378 340 378
349 368 349 378
376 351 376 354
376 354 376 363
376 363 380 363
380 363 380 367
380 367 380 375
374 375 380 375
399 351 399 354
407 354 410 354
399 354 407 354
399 354 399 360
410 354 410 358
394 360 399 360
399 360 399 366
399 369 399 370
399 378 407 378
399 370 399 378
399 378 399 386
399 386 399 392
399 366 399 369
380 363 386 363
370 375 374 375
317 410 317 413
317 413 317 416
312 418 312 429
312 440 317 440
312 429 312 440
319 440 327 440
317 440 319 440
339 408 343 408
349 407 355 407
355 407 356 407
343 416 343 425
336 425 343 425
343 408 343 416
356 402 356 407
346 407 349 407
355 407 355 411
332 440 340 440
343 425 346 425
354 430 360 430
348 430 348 433
348 433 348 435
348 430 354 430
346 425 348 425
330 440 332 440
348 425 348 430
327 440 330 440
325 452 325 453
325 453 325 457
325 457 325 458
319 481 326 481
319 466 319 481
319 461 319 466
314 485 318 485
318 483 318 485
314 485 314 494
346 455 346 456
352 457 354 457
347 460 348 460
350 460 350 462
347 460 347 470
348 460 350 460
347 470 347 471
347 471 347 474
346 481 346 484
346 484 355 484
335 499 340 499
355 484 356 484
357 477 361 477
361 477 362 477
356 478 356 484
362 477 362 479
356 484 357 484
361 493 361 495
340 499 345 499
317 440 317 447
387 416 391 416
381 421 381 426
375 426 381 426
382 434 387 434
397 422 397 423
410 423 412 423
409 409 409 418
405 409 409 409
409 418 409 421
409 421 409 423
397 423 397 424
409 423 410 423
397 424 401 424
401 424 401 426
401 426 401 431
400 437 400 439
382 416 387 416
368 460 372 460
389 444 400 444
389 453 389 455
380 455 387 455
387 455 389 455
389 455 389 456
389 461 389 464
389 456 389 461
403 444 410 444
389 444 389 453
400 439 400 444
403 444 403 447
389 464 389 468
389 468 389 475
383 483 389 483
377 483 383 483
372 483 377 483
399 497 401 497
396 486 396 488
389 475 389 483
400 444 403 444
360 460 368 460
356 398 356 402
422 350 422 355
440 353 440 361
440 361 440 362
433 362 436 362
436 362 440 362
440 362 448 362
436 362 436 368
436 368 436 372
434 372 436 372
436 374 436 378
436 378 439 378
435 378 436 378
439 378 442 378
442 378 442 381
436 372 436 374
425 398 428 398
420 398 425 398
428 398 429 398
420 398 420 400
420 400 420 402
430 406 430 413
444 413 449 413
437 413 444 413
430 413 437 413
437 413 437 417
428 393 428 398
462 369 462 371
464 371 471 371
462 371 464 371
474 374 474 375
474 375 474 383
481 368 485 368
480 373 480 374
474 375 477 375
493 358 493 364
493 364 493 368
485 368 486 368
496 373 498 373
486 368 493 368
493 368 493 373
493 373 496 373
469 386 474 386
474 383 474 386
475 386 479 386
479 386 483 386
483 386 490 386
490 386 490 393
474 386 475 386
467 407 468 407
468 407 472 407
472 407 475 407
475 407 480 407
468 407 468 419
490 399 490 407
490 407 490 415
490 415 490 424
490 415 496 415
480 407 490 407
490 393 490 399
453 386 469 386
410 444 417 444
417 444 423 444
430 444 430 446
430 446 430 451
459 432 461 432
457 432 459 432
453 432 457 432
445 432 453 432
468 438 472 438
452 460 452 463
452 460 455 460
472 438 490 438
490 432 490 433
490 433 496 433
490 433 490 438
487 448 491 448
491 439 491 445
483 448 487 448
483 448 483 449
483 449 483 459
485 462 493 462
491 445 491 448
468 438 468 444
427 485 428 485
428 485 428 488
428 488 434 488
428 488 428 491
428 491 428 495
428 495 445 495
454 474 456 474
452 463 452 470
456 488 462 488
452 488 456 488
462 488 462 493
456 484 456 488
462 493 462 496
445 495 451 495
471 487 476 487
476 487 478 487
478 478 478 487
487 490 490 490
490 490 490 494
490 494 490 498
463 487 471 487
454 474 454 482
490 424 490 432
423 444 430 444
307 361 315 361
264 191 264 198
104 0 104 1
104 1 105 1
144 0 144 1
141 1 144 1
304 0 304 5
304 5 308 5
56 1 56 5
45 5 56 5
156 1 156 2
156 2 166 2
385 2 385 12
385 12 390 12
247 3 247 5
246 5 247 5
21 6 21 7
20 6 21 6
64 7 64 12
64 12 81 12
446 7 446 8
444 7 446 7
307 7 307 13
307 7 308 7
405 14 405 15
400 14 405 14
418 20 418 25
418 25 420 25
150 21 150 26
150 26 155 26
141 24 141 25
137 24 141 24
94 22 94 28
88 22 94 22
271 26 271 28
271 26 274 26
283 24 283 29
283 24 285 24
117 33 117 34
117 34 118 34
476 35 476 41
472 41 476 41
143 34 143 36
141 34 143 34
339 32 339 36
338 32 339 32
406 36 406 37
394 37 406 37
153 36 153 37
153 36 158 36
299 42 299 43
296 43 299 43
325 41 325 42
324 41 325 41
359 43 359 45
358 45 359 45
69 43 69 44
69 43 73 43
302 44 302 45
302 44 305 44
216 46 216 53
214 53 216 53
79 43 79 47
78 43 79 43
108 41 108 47
108 41 111 41
55 51 55 52
54 51 55 51
329 52 329 56
324 56 329 56
440 52 440 55
437 52 440 52
111 56 111 57
111 57 113 57
91 57 91 59
90 57 91 57
484 57 484 59
484 57 493 57
223 58 223 60
219 58 223 58
193 60 193 63
193 60 195 60
311 63 311 65
311 65 315 65
206 64 206 69
206 69 210 69
473 67 473 71
470 71 473 71
150 68 152 68
152 64 152 68
270 68 270 71
268 71 270 71
104 76 104 78
104 76 108 76
147 76 147 79
137 76 147 76
436 79 436 80
433 80 436 80
492 78 492 79
490 78 492 78
299 79 299 81
294 79 299 79
167 82 167 87
167 87 168 87
465 80 465 82
465 80 466 80
82 86 82 89
82 89 83 89
140 90 140 93
139 93 140 93
219 93 219 95
219 93 221 93
299 94 299 95
293 94 299 94
500 95 500 97
494 97 500 97
395 96 395 97
395 97 396 97
184 93 184 97
177 93 184 93
135 98 135 99
135 98 139 98
377 100 377 101
375 101 377 101
460 98 460 100
459 98 460 98
303 96 303 101
303 96 306 96
243 100 243 102
243 100 244 100
15 104 15 114
15 114 18 114
90 105 90 110
83 110 90 110
193 111 193 117
193 117 195 117
174 112 174 113
172 112 174 112
313 113 313 117
313 117 316 117
414 113 414 114
414 113 416 113
56 118 56 120
55 118 56 118
406 119 406 120
403 119 406 119
224 122 224 123
220 122 224 122
231 117 231 124
231 117 232 117
484 124 484 125
481 124 484 124
182 127 182 131
179 131 182 131
461 125 461 127
457 125 461 125
231 130 231 136
231 136 235 136
272 130 272 132
272 132 275 132
56 132 56 137
54 137 56 137
340 123 340 133
340 123 341 123
405 133 405 137
405 137 406 137
377 132 377 134
376 132 377 132
85 130 85 135
83 130 85 130
113 131 113 135
112 131 113 131
149 135 149 136
148 136 149 136
107 131 107 137
107 131 108 131
266 139 266 142
264 142 266 142
31 139 31 145
31 139 33 139
54 144 54 145
51 144 54 144
349 145 349 146
343 146 349 146
166 144 166 146
166 144 167 144
63 149 63 151
63 151 65 151
209 148 209 150
206 148 209 148
411 151 411 152
411 151 412 151
347 154 347 155
345 155 347 155
389 153 389 154
389 153 394 153
59 158 59 161
57 161 59 161
296 160 296 164
294 164 296 164
1 161 1 164
1 164 4 164
410 165 410 168
410 168 420 168
80 168 80 170
75 170 80 170
183 171 183 173
183 173 186 173
307 173 307 174
307 173 312 173
53 165 53 181
51 165 53 165
335 178 335 182
335 178 336 178
124 180 124 183
124 180 125 180
166 184 166 185
159 184 166 184
379 179 379 185
378 179 379 179
495 184 495 185
486 184 495 184
250 185 250 186
250 185 251 185
146 188 146 194
142 194 146 194
300 189 300 191
296 191 300 191
311 189 311 204
311 204 315 204
43 190 43 201
43 201 45 201
161 190 161 194
160 194 161 194
353 190 353 191
335 191 353 191
239 193 239 194
229 194 239 194
34 195 34 199
31 199 34 199
174 195 174 197
169 197 174 197
199 198 199 204
199 204 202 204
267 198 267 199
264 198 267 198
393 199 393 201
390 199 393 199
62 206 62 210
60 210 62 210
325 206 325 207
323 207 325 207
426 204 426 206
424 204 426 204
500 207 500 208
498 208 500 208
179 211 179 215
176 215 179 215
79 205 79 212
79 205 82 205
59 215 59 216
58 215 59 215
260 220 260 221
256 221 260 221
276 220 276 222
276 222 278 222
318 225 318 227
316 225 318 225
442 229 442 231
442 231 447 231
160 226 160 231
159 226 160 226
76 229 76 232
74 229 76 229
207 232 207 233
203 233 207 233
30 234 30 235
29 234 30 234
4 234 4 236
4 234 20 234
291 239 291 241
291 239 292 239
364 242 364 243
364 243 370 243
374 242 374 243
373 243 374 243
82 244 82 247
81 247 82 247
102 244 102 247
102 247 109 247
118 244 118 245
118 245 120 245
237 247 237 256
235 256 237 256
198 250 198 251
197 251 198 251
69 247 69 252
69 247 71 247
373 254 373 256
373 256 375 256
93 255 93 257
88 257 93 257
474 254 474 258
473 254 474 254
191 259 191 261
191 259 192 259
444 261 444 262
442 262 444 262
466 253 466 262
462 253 466 253
353 257 353 263
350 257 353 257
388 256 388 264
387 256 388 256
0 266 0 270
0 270 6 270
217 269 217 270
214 270 217 270
278 269 278 272
268 272 278 272
263 270 263 272
263 272 264 272
68 271 68 273
68 273 78 273
254 273 254 282
252 282 254 282
195 270 195 274
195 270 204 270
134 275 134 278
133 278 134 278
382 276 382 279
382 279 383 279
92 277 92 279
91 279 92 279
341 277 341 280
341 280 342 280
259 282 259 287
259 287 260 287
425 282 425 284
423 284 425 284
148 288 148 291
146 291 148 291
34 284 34 289
34 284 42 284
120 294 120 295
107 295 120 295
178 294 178 297
166 294 178 294
292 294 292 298
292 294 293 294
312 295 312 300
312 295 314 295
9 302 9 303
9 303 10 303
422 299 422 302
422 299 423 299
340 304 340 305
340 304 342 304
28 306 28 307
27 307 28 307
108 306 108 308
107 308 108 308
404 306 404 307
403 306 404 306
182 308 182 309
170 309 182 309
258 307 258 308
258 307 259 307
0 307 0 309
0 307 3 307
409 313 409 323
407 323 409 323
144 317 144 318
142 317 144 317
48 318 48 320
46 318 48 318
76 317 76 320
76 317 82 317
64 322 64 325
58 325 64 325
486 324 486 325
485 325 486 325
271 325 271 326
266 325 271 325
371 326 371 327
371 326 374 326
437 329 437 330
434 329 437 329
144 329 144 331
134 329 144 329
1 325 1 332
1 325 13 325
279 326 279 332
279 326 280 326
357 325 357 333
357 325 363 325
26 330 26 335
26 330 30 330
74 335 74 337
74 335 80 335
202 337 202 342
199 342 202 342
448 331 448 338
448 331 454 331
264 339 264 341
260 341 264 341
421 335 421 340
421 335 422 335
154 342 154 343
152 343 154 343
382 339 382 342
382 339 390 339
115 344 115 347
106 347 115 347
456 345 456 353
456 353 458 353
398 347 398 351
398 351 399 351
414 347 414 354
410 354 414 354
142 350 142 352
142 352 145 352
382 350 382 351
376 351 382 351
439 350 439 353
439 353 440 353
74 351 74 353
74 353 77 353
129 352 129 353
129 352 132 352
370 352 370 353
357 352 370 352
173 354 173 361
173 361 175 361
243 356 243 357
241 356 243 356
192 358 192 361
192 361 193 361
154 360 154 362
153 362 154 362
268 361 268 364
268 364 271 364
347 362 347 364
347 364 349 364
411 358 411 362
410 358 411 358
225 363 225 368
224 368 225 368
321 361 321 364
316 361 321 361
15 361 15 365
9 361 15 361
63 365 63 370
58 370 63 370
187 366 187 369
187 366 193 366
237 369 237 372
237 372 238 372
228 370 228 371
227 370 228 370
152 372 152 373
151 372 152 372
460 371 460 374
460 371 462 371
317 374 317 375
317 374 327 374
444 375 444 378
442 378 444 378
409 376 409 378
407 378 409 378
187 377 187 379
187 379 195 379
182 378 182 384
178 384 182 384
342 379 342 381
342 379 343 379
64 384 64 387
62 387 64 387
1 376 1 386
1 376 4 376
313 387 313 388
313 388 316 388
34 389 34 391
34 389 37 389
250 385 250 391
248 385 250 385
291 390 291 392
291 390 299 390
114 391 114 393
112 391 114 391
96 391 96 394
96 391 101 391
103 396 103 402
103 402 109 402
274 396 274 400
267 400 274 400
309 391 309 396
309 391 316 391
419 397 419 398
419 398 420 398
209 398 209 403
209 403 210 403
189 399 189 402
187 402 189 402
248 399 248 401
248 401 250 401
364 398 364 400
362 398 364 398
284 404 284 406
284 406 285 406
335 405 335 408
335 408 339 408
175 402 175 406
175 402 177 402
402 408 402 409
402 409 405 409
419 402 419 411
419 402 420 402
451 412 451 413
449 413 451 413
271 419 271 421
271 421 274 421
351 420 351 424
349 424 351 424
461 419 461 422
461 419 468 419
306 423 306 424
305 424 306 424
134 427 134 428
131 428 134 428
414 423 414 428
412 423 414 423
199 425 199 429
199 425 204 425
372 426 372 429
372 426 375 426
498 432 498 433
496 433 498 433
229 433 229 442
227 442 229 442
204 437 204 439
204 439 211 439
308 440 308 443
308 440 312 440
247 442 247 444
245 442 247 442
363 443 363 446
362 443 363 443
91 448 91 453
90 453 91 453
20 451 20 453
19 453 20 453
347 451 347 455
346 455 347 455
440 452 440 455
440 455 444 455
65 455 65 464
61 464 65 464
432 451 432 456
430 451 432 451
141 457 141 460
140 460 141 460
0 458 0 459
0 458 6 458
408 450 408 459
404 450 408 450
80 460 80 461
80 460 90 460
123 460 123 461
123 460 130 460
223 462 223 463
222 463 223 463
287 463 287 464
287 464 290 464
8 464 8 466
8 466 11 466
298 464 298 467
297 464 298 464
167 468 167 479
165 479 167 479
499 474 499 477
484 477 499 477
155 476 155 477
154 477 155 477
363 476 363 477
362 477 363 477
294 483 294 485
294 485 295 485
371 483 371 486
371 483 372 483
436 487 436 488
434 488 436 488
239 487 239 488
235 487 239 487
142 487 142 490
139 487 142 487
302 494 302 495
301 494 302 494
310 494 310 495
310 494 314 494
88 492 88 496
88 492 90 492
73 491 73 497
71 491 73 491
120 492 120 497
117 492 120 492
202 494 202 497
201 494 202 494
363 495 363 497
361 495 363 495
176 496 176 498
176 496 184 496
226 495 226 499
221 495 226 495
31 488 31 500
31 488 42 488
129 499 129 500
129 499 133 499
259 499 259 500
257 499 259 499
427 495 427 500
427 495 428 495
10 4 10 6
10 6 18 6
18 40 18 41
18 41 20 41
27 53 27 55
27 53 28 53
4 55 4 59
4 55 5 55
40 20 40 22
39 22 40 22
49 34 49 40
48 40 49 40
30 45 30 48
30 45 36 45
30 71 30 79
30 79 36 79
50 74 50 75
47 75 50 75
54 91 54 92
53 92 54 92
21 135 21 140
18 135 21 135
24 120 24 122
24 120 26 120
59 104 59 105
59 105 62 105
38 103 38 104
38 104 52 104
48 118 48 122
48 118 52 118
47 137 47 139
47 137 48 137
51 143 51 144
47 143 51 143
35 120 35 122
35 122 37 122
4 169 4 173
4 173 12 173
12 173 12 176
12 176 15 176
23 141 23 148
21 141 23 141
30 170 30 172
30 170 32 170
23 172 23 176
23 172 30 172
32 164 32 165
25 164 32 164
25 148 25 155
23 148 25 148
81 12 81 14
81 14 85 14
67 23 67 25
67 23 69 23
74 28 74 31
74 31 78 31
85 22 85 23
81 23 85 23
141 19 141 20
137 20 141 20
119 39 119 40
119 40 121 40
111 40 111 41
111 40 112 40
118 37 118 39
118 39 119 39
121 40 121 47
121 47 122 47
136 33 136 34
136 34 138 34
138 40 138 47
131 47 138 47
131 29 131 33
131 33 136 33
95 37 95 40
95 37 96 37
74 57 74 64
73 64 74 64
74 71 74 85
73 85 74 85
88 94 88 95
88 94 96 94
87 95 87 96
87 95 88 95
113 57 113 61
113 61 114 61
125 61 125 67
125 67 133 67
133 76 133 88
128 88 133 88
155 26 155 31
155 31 156 31
156 31 156 32
156 32 159 32
158 33 158 36
158 33 159 33
166 10 166 23
166 23 170 23
170 32 170 37
170 37 178 37
173 15 173 18
173 18 175 18
188 18 188 19
182 18 188 18
189 19 189 26
188 19 189 19
215 28 215 29
210 28 215 28
178 44 178 49
174 49 178 49
176 75 176 77
174 75 176 75
205 51 205 53
205 53 209 53
177 80 177 82
176 80 177 80
221 82 221 85
215 82 221 82
70 105 70 109
70 109 71 109
73 109 73 110
73 110 78 110
88 121 88 123
86 121 88 121
104 110 104 114
104 114 108 114
96 122 96 123
91 123 96 123
69 175 69 184
68 175 69 175
100 154 100 163
98 154 100 154
114 154 114 161
114 161 119 161
102 163 102 172
100 163 102 163
71 151 71 154
71 154 80 154
153 112 153 114
151 114 153 114
142 113 142 114
142 114 143 114
139 112 139 113
139 113 142 113
136 122 136 123
136 122 141 122
142 127 142 131
142 127 143 127
144 135 144 136
138 135 144 135
154 125 154 127
154 127 160 127
133 161 133 162
133 162 135 162
135 174 135 178
134 178 135 178
134 180 134 182
134 182 135 182
146 154 146 155
144 154 146 154
154 155 154 160
146 155 154 155
146 179 146 180
146 179 147 179
145 175 145 176
145 176 147 176
202 136 202 137
199 137 202 137
203 134 203 136
202 136 203 136
186 153 186 159
186 159 191 159
220 170 220 171
220 171 223 171
221 178 221 180
221 178 227 178
215 180 215 185
215 180 221 180
196 170 196 173
196 170 208 170
246 5 246 7
244 7 246 7
261 28 261 31
258 31 261 31
258 32 258 35
257 35 258 35
280 5 280 9
280 9 285 9
276 19 276 21
276 19 278 19
274 21 274 26
274 21 276 21
298 11 298 24
295 24 298 24
235 50 235 59
235 59 238 59
238 59 238 61
238 61 242 61
257 42 257 51
253 51 257 51
248 74 248 78
248 74 250 74
257 71 257 72
257 71 265 71
251 72 251 74
251 72 257 72
271 41 271 43
271 43 274 43
296 43 296 48
290 48 296 48
281 75 281 78
273 78 281 78
292 67 292 68
290 67 292 67
294 68 294 70
292 68 294 68
243 94 243 95
243 95 244 95
232 106 232 107
232 106 242 106
251 106 251 110
251 110 258 110
258 113 258 128
257 128 258 128
283 89 283 91
283 91 287 91
287 94 287 98
285 98 287 98
285 98 285 100
284 100 285 100
268 86 268 88
262 88 268 88
234 155 234 168
234 168 235 168
255 134 255 137
253 137 255 137
253 142 253 148
250 148 253 148
266 158 266 164
264 164 266 164
223 171 223 172
223 172 227 172
239 172 239 180
239 180 251 180
255 185 255 186
255 186 264 186
277 139 277 144
276 144 277 144
291 131 296 131
291 131 291 132
277 158 277 164
276 158 277 158
288 175 288 179
284 179 288 179
275 167 275 173
275 167 277 167
257 128 257 131
255 131 257 131
342 4 342 7
334 7 342 7
307 32 307 35
302 32 307 32
320 29 320 35
319 35 320 35
324 39 324 41
319 39 324 39
309 38 309 44
309 38 310 38
319 25 319 27
319 27 320 27
324 64 324 65
322 65 324 65
309 83 309 91
309 83 310 83
306 95 306 96
306 95 309 95
337 92 337 93
337 92 338 92
322 83 322 90
322 90 323 90
359 86 359 90
359 86 361 86
362 98 362 101
359 98 362 98
358 60 358 62
355 60 358 60
322 136 322 138
309 138 322 138
309 141 309 150
307 150 309 150
309 154 309 155
309 154 311 154
310 158 310 160
307 158 310 158
312 162 312 166
311 162 312 162
311 160 311 162
310 160 311 160
339 105 339 114
337 105 339 105
341 114 341 120
339 114 341 114
359 120 359 125
358 120 359 120
369 117 369 118
368 117 369 117
375 118 375 119
374 118 375 118
376 129 376 132
375 129 376 129
347 176 347 178
347 178 352 178
336 172 336 178
336 172 338 172
345 172 345 176
345 176 347 176
358 147 358 148
358 147 359 147
363 162 363 164
362 162 363 162
362 178 362 183
362 183 364 183
378 178 378 179
374 178 378 178
369 182 369 183
369 182 371 182
371 177 371 178
369 177 371 177
328 146 328 154
328 146 333 146
390 12 390 14
390 14 391 14
387 18 387 23
386 23 387 23
369 25 369 26
364 25 369 25
406 64 406 66
405 66 406 66
400 65 400 66
397 65 400 65
397 59 397 65
394 59 397 59
440 6 440 7
440 7 442 7
416 64 416 68
413 64 416 64
417 68 417 80
416 68 417 68
429 61 429 66
429 66 431 66
474 5 474 6
474 5 476 5
476 3 476 5
476 3 482 3
491 22 491 25
491 25 492 25
485 14 485 15
485 15 486 15
456 6 456 11
456 6 458 6
461 48 461 51
454 48 461 48
462 54 462 55
461 54 462 54
488 36 488 37
483 37 488 37
497 40 497 47
497 40 499 40
496 55 496 57
496 55 497 55
472 44 472 51
470 51 472 51
492 33 492 36
488 36 492 36
464 70 464 71
462 70 464 70
483 76 483 78
476 78 483 78
466 77 466 80
466 77 470 77
454 31 454 40
450 31 454 31
402 97 402 100
402 100 406 100
394 99 394 102
394 99 396 99
434 102 434 104
434 102 435 102
439 101 439 102
438 102 439 102
437 116 437 121
437 116 438 116
416 107 416 110
415 107 416 107
394 150 394 153
394 150 399 150
406 137 406 140
406 140 410 140
410 143 410 145
410 145 412 145
395 166 395 168
395 168 398 168
416 177 416 178
416 177 420 177
437 176 437 177
436 176 437 176
390 132 390 135
390 132 392 132
466 112 466 113
466 113 472 113
471 92 471 96
471 92 472 92
474 98 474 99
471 98 474 98
486 92 486 97
483 92 486 92
472 113 472 116
472 116 481 116
472 124 472 126
472 124 475 124
463 148 463 149
463 149 468 149
465 161 465 163
465 161 468 161
475 165 475 173
475 165 477 165
479 180 479 184
475 180 479 180
297 27 297 32
295 27 297 27
18 211 18 216
18 216 20 216
43 215 43 216
43 215 47 215
45 208 45 213
45 213 47 213
66 224 66 227
66 227 74 227
85 195 85 196
82 196 85 196
86 205 86 208
86 208 91 208
93 217 93 218
93 218 98 218
117 213 117 214
112 214 117 214
128 206 128 207
124 207 128 207
98 218 98 221
98 221 99 221
122 219 122 228
122 228 127 228
108 219 108 221
108 219 112 219
85 217 85 227
85 217 91 217
157 195 157 199
153 199 157 199
160 194 160 195
157 195 160 195
133 206 133 207
131 206 133 206
165 221 165 223
158 223 165 223
169 197 169 201
167 201 169 201
167 215 167 221
165 221 167 221
177 221 177 226
176 221 177 221
11 244 11 247
11 244 16 244
9 247 9 253
9 247 11 247
25 255 25 259
25 259 27 259
16 270 16 271
16 271 19 271
24 270 24 271
24 270 27 270
61 252 61 254
57 252 61 252
39 273 39 279
39 279 42 279
54 284 54 288
54 288 60 288
38 269 38 273
38 273 39 273
10 303 10 304
10 304 11 304
3 306 3 307
3 306 11 306
32 318 32 320
31 320 32 320
50 322 50 325
43 322 50 322
17 352 17 353
17 353 21 353
21 353 21 359
21 359 24 359
8 352 8 355
8 352 11 352
30 359 30 360
30 360 32 360
58 370 58 373
50 373 58 373
50 373 50 374
47 374 50 374
45 373 45 374
43 373 45 373
88 262 88 263
88 263 95 263
80 264 80 266
80 264 82 264
82 273 82 275
80 273 82 273
109 254 109 255
109 255 118 255
106 254 106 258
106 254 108 254
101 258 101 263
101 258 106 258
127 238 127 245
123 245 127 245
133 255 133 259
133 255 136 255
100 280 100 284
100 284 105 284
115 282 115 284
115 282 119 282
118 268 118 269
118 268 122 268
119 278 119 279
118 278 119 278
133 278 133 279
129 279 133 279
150 253 150 260
150 260 156 260
168 243 168 244
168 244 173 244
165 269 165 274
165 269 166 269
136 253 136 255
136 253 144 253
83 308 83 311
83 311 84 311
82 316 82 317
82 316 84 316
87 327 87 329
87 329 90 329
90 329 90 336
90 336 98 336
115 314 115 318
113 314 115 314
107 324 107 333
107 333 109 333
106 353 106 363
106 363 108 363
92 380 92 384
92 384 101 384
71 380 71 385
71 380 75 380
115 371 115 379
115 371 118 371
111 379 111 383
111 379 115 379
112 389 112 391
111 389 112 389
130 317 130 321
130 317 132 317
165 326 165 330
164 330 165 330
164 332 164 335
164 335 167 335
156 306 156 309
156 309 158 309
141 343 141 344
141 343 147 343
160 345 160 350
160 345 161 345
165 343 165 344
165 343 169 343
161 344 161 345
161 344 165 344
162 356 162 362
160 356 162 356
175 367 175 368
169 368 175 368
136 373 136 380
136 380 138 380
147 369 147 372
145 369 147 369
178 384 178 385
174 385 178 385
155 386 155 387
147 386 155 386
167 335 167 340
167 340 169 340
193 227 193 231
193 227 195 227
192 231 192 232
192 231 193 231
203 233 203 234
198 234 203 234
195 224 195 227
195 224 202 224
225 194 225 196
218 196 225 196
232 216 232 218
232 218 233 218
240 208 240 218
240 208 244 208
197 257 197 258
197 258 204 258
222 240 222 243
222 240 223 240
211 256 211 258
211 256 214 256
249 198 249 200
249 198 259 198
255 221 255 225
251 225 255 225
253 250 253 254
251 250 253 250
278 227 278 228
269 228 278 228
270 237 270 244
270 244 272 244
283 244 283 246
283 246 287 246
269 236 269 237
269 237 270 237
292 208 292 210
292 208 296 208
300 223 300 224
296 224 300 224
292 238 292 239
292 238 296 238
301 238 301 241
300 238 301 238
304 241 304 245
301 241 304 241
244 206 244 208
244 206 249 206
196 290 196 291
192 291 196 291
192 301 192 304
192 304 195 304
207 298 207 304
207 298 209 298
215 271 215 280
214 271 215 271
212 289 212 296
212 289 215 289
209 296 209 298
209 296 212 296
233 290 233 291
229 290 233 290
229 301 229 307
229 301 233 301
242 291 242 295
238 291 242 291
248 301 248 305
246 301 248 301
227 307 227 317
227 307 229 307
199 320 199 322
199 320 210 320
244 321 244 323
239 321 244 321
252 323 252 326
244 323 252 323
230 320 230 321
227 320 230 320
286 290 286 293
278 293 286 293
280 311 280 313
275 311 280 311
266 318 266 322
266 318 269 318
264 306 264 307
263 307 264 307
189 342 189 343
189 342 193 342
199 347 199 350
199 350 201 350
207 368 207 369
207 368 209 368
256 336 256 341
253 336 256 336
259 350 259 351
259 350 260 350
238 372 238 377
238 377 240 377
243 376 243 377
243 376 251 376
292 348 292 349
287 348 292 348
279 348 279 350
275 350 279 350
282 372 282 378
282 372 285 372
271 374 271 375
271 375 273 375
304 371 304 372
299 372 304 372
304 382 304 383
302 383 304 383
253 326 253 336
252 326 253 326
4 416 4 419
4 419 7 419
15 405 15 407
15 407 20 407
51 410 51 413
51 413 55 413
40 442 40 444
40 442 41 442
55 426 55 431
55 431 61 431
57 435 57 436
57 435 61 435
56 436 56 438
56 436 57 436
6 453 6 458
6 453 8 453
19 472 19 473
14 472 19 472
3 485 3 489
3 489 5 489
39 448 39 456
39 448 40 448
61 464 61 466
57 466 61 466
60 488 60 491
59 488 60 488
42 474 42 477
40 474 42 474
31 456 31 457
31 456 39 456
88 402 88 411
88 411 89 411
110 409 110 416
108 416 110 416
101 412 101 416
101 416 103 416
88 420 88 425
88 425 92 425
92 435 92 436
92 436 97 436
108 430 108 436
106 436 108 436
106 449 106 450
102 450 106 450
102 475 102 479
99 479 102 479
118 401 118 414
118 414 120 414
120 415 120 419
120 419 121 419
132 417 132 418
132 417 136 417
126 418 126 419
126 418 132 418
167 422 167 425
166 422 167 422
139 433 139 443
139 433 140 433
156 444 156 449
155 444 156 444
162 460 162 461
162 460 165 460
130 444 130 450
130 444 131 444
129 486 129 487
129 487 130 487
160 498 160 499
154 498 160 498
187 407 187 408
186 408 187 408
186 410 186 414
186 414 188 414
188 423 188 428
188 428 190 428
187 442 187 443
182 443 187 443
165 449 165 450
156 449 165 449
190 436 190 442
187 442 190 442
202 414 202 415
197 414 202 414
215 415 215 419
214 415 215 415
220 431 220 433
215 431 220 431
216 442 216 444
216 442 220 442
184 477 184 485
183 477 184 477
198 476 198 481
198 481 200 481
200 481 200 482
200 482 201 482
197 485 197 489
197 485 201 485
219 453 219 454
211 453 219 453
216 489 216 492
214 489 216 489
221 492 221 495
216 492 221 492
214 479 214 482
214 479 219 479
254 400 254 401
252 401 254 401
268 406 268 411
267 406 268 406
274 425 274 428
274 428 275 428
275 432 275 433
272 433 275 433
274 443 274 445
272 443 274 443
262 433 262 440
261 440 262 440
252 413 252 419
247 419 252 419
295 406 295 417
295 417 296 417
296 418 296 419
293 419 296 419
291 432 291 433
290 432 291 432
305 424 305 425
303 425 305 425
299 427 299 428
297 427 299 427
293 433 293 437
291 433 293 433
299 445 299 446
293 445 299 445
293 427 293 428
289 428 293 428
248 467 248 469
248 467 249 467
235 482 235 487
234 482 235 482
257 453 257 454
257 453 265 453
249 454 249 459
249 454 257 454
273 451 273 453
273 451 274 451
268 479 268 480
264 479 268 479
270 480 270 483
268 480 270 480
257 479 257 484
257 479 258 479
295 477 295 480
290 477 295 477
300 486 300 489
295 486 300 486
301 489 301 491
300 489 301 489
285 477 285 483
278 483 285 483
323 210 323 212
323 212 328 212
316 223 316 225
315 223 316 223
338 204 338 205
338 205 340 205
333 213 333 217
333 217 334 217
334 221 334 222
333 222 334 222
333 222 333 231
329 231 333 231
350 216 350 217
348 217 350 217
328 212 328 213
328 213 333 213
327 260 327 261
325 261 327 261
345 236 345 240
343 236 345 236
348 243 348 245
345 243 348 243
349 248 349 253
348 248 349 248
350 253 350 257
349 253 350 253
336 241 336 242
333 242 336 242
329 235 329 236
329 236 335 236
373 195 373 200
373 200 374 200
381 189 381 191
381 191 390 191
385 199 385 200
384 200 385 200
377 206 377 216
376 216 377 216
394 219 394 227
393 227 394 227
384 222 384 227
379 222 384 222
370 253 370 259
370 259 373 259
369 264 369 268
369 264 372 264
381 247 381 250
381 247 385 247
409 249 409 256
405 249 409 249
397 242 397 245
393 242 397 242
314 292 314 295
314 292 316 292
324 291 324 292
324 291 326 291
325 283 325 288
325 288 326 288
340 284 340 288
332 288 340 288
342 301 342 304
342 301 343 301
319 336 319 341
319 341 320 341
339 331 339 332
336 332 339 332
331 317 331 326
331 326 334 326
368 278 368 287
368 287 369 287
405 279 405 281
404 281 405 281
405 283 405 285
404 283 405 283
407 285 407 288
405 285 407 285
369 318 369 321
363 321 369 321
374 316 374 319
372 316 374 316
407 323 407 331
400 331 407 331
400 331 400 332
395 332 400 332
442 191 442 192
438 192 442 192
438 192 438 196
435 196 438 196
435 207 435 208
435 208 441 208
441 208 441 211
441 211 443 211
457 188 457 189
452 188 457 188
461 189 461 197
457 189 461 189
450 215 450 216
450 216 452 216
449 213 449 215
449 215 450 215
441 213 441 218
441 213 443 213
437 218 437 222
437 218 441 218
462 222 462 225
462 225 466 225
416 232 416 234
416 234 421 234
447 231 447 234
447 234 450 234
450 234 450 238
450 238 451 238
446 244 446 247
445 247 446 247
432 245 432 247
432 247 440 247
416 261 416 262
409 261 416 261
442 269 442 270
440 269 442 269
466 231 466 234
465 234 466 234
460 245 460 252
458 245 460 245
458 239 458 245
457 239 458 239
451 241 451 244
446 244 451 244
487 215 487 220
487 220 488 220
478 215 478 216
478 215 485 215
473 242 473 244
469 242 473 242
475 244 475 247
473 244 475 244
473 249 473 254
473 249 475 249
496 248 496 249
494 249 496 249
488 231 488 232
488 232 496 232
434 305 434 306
434 305 435 305
447 290 447 299
447 290 448 290
464 306 464 308
458 308 464 308
482 283 482 288
479 288 482 288
465 293 465 300
464 300 465 300
490 303 490 305
479 303 490 303
492 312 492 317
490 312 492 312
454 327 454 331
454 327 458 327
451 302 451 308
447 302 451 302
448 276 448 283
448 276 449 276
319 349 319 350
315 350 319 350
307 361 307 371
304 371 307 371
328 348 328 351
326 348 328 348
329 351 329 353
328 351 329 351
341 349 341 350
338 350 341 350
338 350 338 353
335 353 338 353
352 349 352 352
347 349 352 349
332 374 332 378
332 378 333 378
334 379 334 386
333 379 334 379
370 375 370 382
367 382 370 382
346 382 346 385
346 382 349 382
355 397 355 398
351 397 355 397
351 393 351 397
346 393 351 393
394 360 394 363
386 363 394 363
317 416 317 418
312 418 317 418
343 407 343 408
343 407 346 407
349 424 349 425
348 425 349 425
332 424 332 425
332 425 336 425
362 411 362 412
355 411 362 411
365 412 365 413
362 412 365 412
340 438 340 440
340 438 344 438
344 435 344 438
344 435 348 435
362 430 362 443
360 430 362 430
321 447 321 451
317 447 321 447
325 451 325 452
321 451 325 451
319 458 319 461
319 458 325 458
327 481 327 491
326 481 327 481
318 481 318 483
318 481 319 481
346 456 346 460
346 460 347 460
352 457 352 460
350 460 352 460
356 457 356 458
354 457 356 457
360 458 360 460
356 458 360 458
357 477 357 478
356 478 357 478
346 484 346 499
345 499 346 499
361 487 361 493
359 487 361 487
359 484 359 487
357 484 359 484
335 491 335 499
327 491 335 491
347 474 347 481
346 481 347 481
391 416 391 422
391 422 397 422
381 416 381 421
381 416 382 416
382 426 382 434
381 426 382 426
409 423 409 424
401 424 409 424
401 431 401 437
400 437 401 437
380 455 380 460
372 460 380 460
404 447 404 450
403 447 404 447
396 483 396 486
389 483 396 483
399 488 399 497
396 488 399 488
422 355 422 357
422 357 432 357
432 357 432 362
432 362 433 362
443 385 443 386
443 386 453 386
442 381 442 385
442 385 443 385
428 378 428 393
428 378 435 378
430 398 430 406
429 398 430 398
458 353 458 369
458 369 462 369
481 368 481 373
480 373 481 373
480 374 480 375
477 375 480 375
471 371 471 374
471 374 474 374
432 440 432 444
430 444 432 444
445 432 445 437
437 437 445 437
464 432 464 435
461 432 464 432
444 455 444 457
444 457 451 457
451 457 451 460
451 460 452 460
464 444 464 459
464 444 468 444
455 459 455 460
455 459 464 459
437 437 437 440
432 440 437 440
468 435 468 438
464 435 468 435
491 438 491 439
490 438 491 438
485 459 485 462
483 459 485 459
456 482 456 484
454 482 456 482
463 487 463 488
462 488 463 488
451 488 451 495
451 488 452 488
460 496 460 498
460 496 462 496
454 470 454 474
452 470 454 470
484 477 484 478
478 478 484 478
487 488 487 490
481 488 487 488
491 498 491 500
490 498 491 498
481 487 481 488
478 487 481 487
320 348 320 349
319 349 320 349