5443
77 0 77 6
760 0 769 0
769 0 774 0
838 0 838 12
872 0 872 19
977 0 977 17
272 1 272 12
574 1 578 1
130 2 130 5
550 4 558 4
130 5 133 5
76 6 77 6
213 6 213 27
454 6 454 7
939 6 939 22
66 7 77 7
246 7 246 14
314 7 316 7
427 7 427 8
102 7 102 8
418 8 422 8
963 8 963 17
250 11 250 14
236 12 236 14
272 12 275 12
743 12 743 15
838 12 841 12
898 12 898 19
307 13 314 13
422 8 422 13
436 14 437 14
435 15 436 15
513 10 513 16
32 17 32 20
243 14 243 17
887 18 887 19
893 19 893 20
60 24 60 32
549 17 549 24
192 26 192 28
561 28 574 28
206 28 206 29
284 29 288 29
767 15 767 29
57 30 57 32
245 30 255 30
612 30 615 30
936 22 936 31
561 32 563 32
110 33 110 38
413 33 413 51
558 33 559 33
36 32 36 34
658 34 658 45
255 35 259 35
255 35 255 36
734 37 749 37
872 38 874 38
578 39 578 56
615 39 617 39
94 38 94 40
552 40 559 40
691 41 695 41
799 28 799 41
921 24 921 42
48 44 60 44
832 28 832 44
706 46 708 46
638 45 638 48
922 53 922 61
729 55 734 55
872 57 874 57
168 58 190 58
506 58 524 58
741 58 751 58
951 58 951 61
326 58 326 59
13 60 14 60
686 60 686 62
658 61 661 61
14 60 14 62
306 58 306 62
685 62 686 62
185 63 190 63
893 65 893 68
506 58 506 66
826 67 826 69
195 68 196 68
408 66 408 68
893 68 899 68
826 69 827 69
994 69 996 69
64 70 65 70
419 68 419 70
570 56 570 72
641 71 641 74
793 74 793 86
731 75 735 75
823 75 826 75
59 77 64 77
361 77 366 77
826 79 836 79
64 82 74 82
994 69 994 83
733 84 735 84
735 84 741 84
779 85 779 86
22 87 22 100
262 87 265 87
390 87 390 93
600 87 604 87
811 86 811 87
871 87 872 87
798 86 798 88
149 89 149 109
322 90 322 97
289 91 289 103
340 92 340 97
871 87 871 92
385 93 390 93
547 93 547 107
634 93 634 107
118 95 120 95
398 95 398 98
604 95 612 95
223 96 223 102
316 96 316 97
248 99 251 99
534 99 534 107
572 100 584 100
329 101 330 101
506 101 506 102
897 101 899 101
627 102 627 107
685 103 693 103
257 102 257 106
211 107 215 107
483 102 483 107
329 101 329 110
584 110 588 110
693 111 697 111
916 111 916 118
368 103 368 113
556 114 556 115
625 114 627 114
730 114 747 114
670 115 673 115
673 115 673 117
896 117 897 117
65 118 71 118
840 118 840 119
132 109 132 119
569 115 569 120
957 120 957 125
357 121 362 121
474 121 474 135
195 122 199 122
299 123 300 123
513 123 513 128
396 124 396 128
215 107 215 126
438 127 438 143
381 128 396 128
513 128 520 128
264 129 278 129
300 123 300 129
184 131 190 131
774 131 787 131
195 131 195 132
575 132 583 132
974 125 974 133
787 131 787 134
474 135 478 135
911 137 920 137
122 139 122 141
367 139 367 150
542 139 545 139
643 139 644 139
876 140 876 141
127 141 128 141
161 142 189 142
617 141 617 142
112 143 116 143
545 143 546 143
6 144 10 144
10 144 39 144
189 146 192 146
723 147 728 147
994 148 994 154
236 149 236 156
440 143 440 149
700 149 700 157
184 150 189 150
367 150 368 150
398 150 399 150
941 151 946 151
10 152 11 152
318 152 318 155
587 141 587 152
994 154 998 154
297 155 302 155
399 150 399 155
224 156 236 156
301 156 302 156
69 157 76 157
670 157 698 157
426 143 426 159
476 150 476 159
626 159 641 159
324 158 324 160
971 159 971 160
113 161 116 161
274 161 274 166
112 164 116 164
236 165 238 165
715 163 715 165
641 166 652 166
447 168 447 175
747 150 747 168
769 168 771 168
119 169 125 169
189 169 196 169
858 169 858 173
935 169 939 169
503 170 503 186
426 171 426 181
868 171 868 173
251 172 251 175
302 172 305 172
732 173 733 173
362 174 364 174
886 173 886 174
447 175 471 175
3 178 4 178
488 178 488 182
821 179 823 179
803 179 803 180
314 185 322 185
233 186 236 186
503 186 514 186
592 187 601 187
754 189 754 195
111 192 118 192
787 192 787 195
44 193 44 210
347 194 347 199
787 195 790 195
837 195 844 195
297 183 297 196
837 199 838 199
79 200 98 200
144 201 144 203
261 201 274 201
459 201 470 201
498 201 504 201
806 201 813 201
857 201 858 201
459 201 459 202
595 202 601 202
767 202 769 202
171 203 173 203
631 205 631 206
986 206 987 206
255 207 258 207
40 208 40 210
258 207 258 210
609 206 609 210
987 210 996 210
38 210 38 211
118 192 118 211
314 185 314 211
745 195 745 211
825 212 825 213
50 210 50 214
967 216 981 216
87 217 87 219
556 218 563 218
821 213 821 219
457 220 457 225
6 212 6 222
532 222 532 240
881 223 881 225
376 224 395 224
586 224 586 228
555 225 556 225
896 225 904 225
896 225 896 226
981 226 992 226
719 224 719 227
837 213 837 227
498 229 508 229
76 219 76 230
137 230 138 230
269 230 269 233
138 231 140 231
295 231 295 233
575 228 575 231
20 232 30 232
337 233 337 234
197 233 197 235
414 236 414 237
467 237 470 237
433 237 433 239
641 206 641 239
793 239 793 243
981 239 983 239
529 240 532 240
555 240 556 240
945 240 945 250
429 237 429 241
260 239 260 242
923 242 923 257
30 244 31 244
320 248 322 248
901 248 901 257
3 249 3 255
278 249 285 249
357 250 364 250
178 251 178 253
177 253 178 253
936 253 937 253
84 254 98 254
731 254 731 260
691 255 691 256
724 255 724 260
498 256 503 256
156 257 161 257
934 257 934 258
156 257 156 259
990 259 992 259
180 257 180 260
843 260 852 260
889 260 890 260
238 261 238 266
305 263 311 263
883 257 883 263
490 265 495 265
598 265 611 265
138 266 140 266
238 266 241 266
113 267 116 267
147 266 147 267
852 267 860 267
34 269 37 269
233 269 234 269
647 269 652 269
850 272 852 272
287 273 289 273
852 273 854 273
964 273 965 273
688 274 690 274
233 269 233 275
626 275 626 285
910 257 910 275
287 276 290 276
817 277 840 277
975 277 977 277
452 278 452 295
184 279 198 279
217 272 217 279
404 279 404 288
975 277 975 279
61 280 67 280
965 273 965 280
925 281 930 281
580 283 598 283
339 285 339 289
570 285 570 296
652 285 656 285
90 287 91 287
605 287 605 288
773 287 790 287
327 288 327 289
198 289 209 289
91 287 91 290
121 290 121 295
542 291 542 306
887 291 887 297
458 292 458 295
5 294 30 294
304 294 307 294
336 289 336 294
612 292 612 294
877 294 877 297
117 295 121 295
268 295 268 299
773 295 780 295
894 295 894 298
570 296 571 296
773 295 773 296
946 297 946 301
198 298 201 298
415 294 415 298
48 284 48 299
889 298 889 299
728 300 728 302
198 301 199 301
287 299 287 301
309 294 309 301
462 301 462 302
700 303 700 304
166 305 166 312
934 305 938 305
534 306 542 306
647 306 652 306
724 304 724 309
938 310 941 310
546 311 549 311
961 312 961 314
810 315 830 315
971 312 971 315
87 316 87 323
931 317 938 317
706 318 714 318
831 318 835 318
263 320 267 320
14 323 14 325
86 323 87 323
670 323 674 323
768 322 768 323
577 324 577 326
875 325 880 325
211 326 217 326
628 326 628 329
107 327 111 327
587 327 589 327
907 327 907 340
55 328 55 344
956 329 956 332
755 322 755 331
956 332 960 332
28 334 29 334
227 334 231 334
440 334 446 334
674 336 679 336
647 337 659 337
877 338 880 338
674 336 674 339
319 338 319 340
831 340 834 340
926 336 926 340
587 343 591 343
540 345 540 354
903 340 903 345
99 347 99 348
626 348 626 350
58 350 59 350
440 350 449 350
647 350 652 350
53 352 58 352
729 352 739 352
702 352 702 353
831 353 861 353
948 332 948 354
58 352 58 355
109 354 109 356
822 353 822 356
910 358 915 358
264 359 268 359
612 359 616 359
340 360 368 360
268 359 268 361
340 360 340 361
6 362 8 362
133 362 135 362
780 366 782 366
185 345 185 367
780 368 790 368
915 368 919 368
730 369 736 369
239 371 240 371
949 371 949 378
602 359 602 372
632 372 637 372
637 372 660 372
409 368 409 373
133 362 133 374
239 371 239 375
753 377 753 378
947 378 949 378
403 381 403 382
10 382 10 388
403 382 405 382
780 377 780 382
61 383 61 388
49 384 49 388
397 384 401 384
457 384 457 400
580 384 580 392
895 384 900 384
500 385 500 404
418 386 418 397
359 389 359 398
212 390 212 396
989 390 989 405
10 388 10 391
66 391 67 391
580 392 581 392
711 393 711 395
680 395 694 395
900 396 913 396
418 399 421 399
447 399 447 400
979 399 979 405
376 398 376 401
570 401 580 401
716 401 722 401
53 402 53 404
898 402 900 402
52 404 53 404
67 405 75 405
542 404 542 405
842 405 843 405
228 406 234 406
183 396 183 407
228 406 228 407
384 398 384 408
485 407 485 409
813 409 843 409
595 406 595 410
415 411 418 411
644 411 653 411
119 413 126 413
753 413 753 417
880 407 880 413
24 388 24 414
67 405 67 414
53 415 54 415
495 407 495 415
517 417 518 417
716 417 729 417
937 419 939 419
95 420 97 420
198 420 208 420
378 425 378 431
440 427 440 430
580 428 588 428
694 428 699 428
941 428 941 429
66 429 66 433
340 430 342 430
414 430 414 431
644 432 646 432
4 434 8 434
219 434 219 444
848 434 855 434
964 435 986 435
30 434 30 436
358 436 371 436
371 436 371 437
694 437 697 437
964 435 964 437
578 438 580 438
748 439 749 439
126 440 134 440
389 440 392 440
614 442 614 444
892 444 894 444
81 433 81 446
296 447 298 447
796 448 796 462
193 449 197 449
848 451 850 451
916 451 920 451
412 452 412 459
118 453 126 453
61 453 61 454
340 454 342 454
915 455 916 455
405 456 405 459
138 457 138 458
197 449 197 458
582 458 582 465
412 459 418 459
770 461 770 462
272 462 274 462
550 462 555 462
916 455 916 462
714 452 714 463
742 461 742 463
472 464 473 464
671 464 691 464
574 465 582 465
823 460 823 465
550 466 554 466
253 467 274 467
691 464 691 468
548 469 550 469
765 462 765 469
779 462 779 469
300 465 300 470
81 471 81 472
340 471 341 471
327 471 327 472
472 473 487 473
193 474 193 482
331 471 331 475
389 469 389 475
159 476 163 476
466 476 468 476
684 477 684 490
814 478 814 480
510 479 510 486
953 479 953 504
986 479 986 518
237 480 237 484
400 481 417 481
736 481 737 481
838 481 838 485
185 482 193 482
893 482 893 491
766 483 772 483
582 484 592 484
508 486 510 486
108 488 108 502
337 489 337 491
610 490 614 490
684 490 688 490
889 491 890 491
360 493 360 495
415 493 415 505
470 494 475 494
929 494 929 499
122 495 122 502
797 495 800 495
444 496 444 499
10 498 11 498
438 499 444 499
725 499 726 499
11 498 11 500
314 491 314 501
900 501 902 501
64 488 64 503
953 504 957 504
489 505 489 507
757 506 757 513
191 510 191 524
275 510 296 510
466 510 468 510
337 511 351 511
162 512 162 513
475 509 475 512
603 512 614 512
154 513 159 513
792 513 800 513
851 513 854 513
750 513 750 515
766 515 767 515
440 518 444 518
700 513 700 519
569 522 572 522
230 523 241 523
572 522 572 525
26 526 31 526
434 526 434 529
608 526 614 526
178 527 181 527
365 527 389 527
894 527 900 527
181 527 181 528
206 525 206 528
468 528 472 528
124 529 126 529
124 529 124 532
851 532 852 532
162 534 168 534
333 534 343 534
108 529 108 535
900 527 900 537
946 539 958 539
808 539 808 540
932 540 946 540
440 543 440 559
498 544 498 553
810 539 810 545
849 546 849 547
994 547 1000 547
119 549 119 551
389 549 390 549
459 549 469 549
551 549 555 549
946 540 946 549
994 547 994 549
790 529 790 550
616 551 616 552
81 553 81 555
486 553 498 553
239 555 239 579
724 555 732 555
819 555 822 555
130 551 130 556
913 558 913 562
354 560 367 560
890 560 890 562
608 561 612 561
645 561 645 563
223 564 223 572
688 564 689 564
87 563 87 566
780 567 806 567
973 560 973 567
109 558 109 569
468 572 473 572
498 572 500 572
882 573 883 573
597 574 597 577
151 575 151 576
536 575 536 582
865 575 865 582
58 577 58 580
571 577 579 577
734 577 763 577
418 579 418 580
883 579 887 579
155 576 155 580
27 580 27 581
278 579 278 581
806 581 811 581
551 582 553 582
940 582 940 589
718 583 718 594
367 586 368 586
227 579 227 587
548 582 548 587
579 592 583 592
367 593 369 593
161 595 167 595
53 596 55 596
305 597 320 597
458 598 458 601
481 580 481 598
566 598 573 598
579 598 582 598
985 591 985 598
305 597 305 599
902 599 907 599
53 600 69 600
678 596 678 600
855 600 858 600
883 582 883 600
724 594 724 602
972 591 972 602
297 597 297 603
806 600 806 603
852 603 853 603
146 604 147 604
573 598 573 604
20 606 20 607
3 607 14 607
690 596 690 607
14 607 14 608
630 600 630 609
669 596 669 610
198 611 213 611
456 601 456 612
525 588 525 612
704 596 704 612
907 599 907 612
198 611 198 615
933 618 933 623
440 619 440 640
661 619 661 620
657 620 661 620
65 622 65 639
930 623 933 623
665 624 672 624
632 625 633 625
523 626 523 629
607 626 607 628
324 627 324 632
383 628 383 631
421 628 421 640
970 628 970 633
54 629 54 639
612 628 612 629
985 629 985 633
10 631 10 640
610 628 610 631
933 631 934 631
318 632 324 632
213 633 216 633
985 634 992 634
273 636 273 637
76 637 76 639
273 637 282 637
547 637 552 637
42 639 54 639
457 639 457 640
7 640 10 640
68 639 68 641
139 641 143 641
587 628 587 641
736 642 739 642
764 643 774 643
980 643 985 643
497 645 498 645
547 646 553 646
917 643 917 647
313 648 330 648
386 648 386 650
21 650 29 650
197 650 200 650
942 650 943 650
467 651 468 651
810 651 813 651
88 654 90 654
200 650 200 654
154 655 154 656
467 651 467 655
697 655 702 655
539 656 547 656
969 656 970 656
348 657 348 667
547 656 547 657
123 660 125 660
179 660 184 660
695 660 697 660
774 660 786 660
140 661 143 661
288 662 288 667
625 662 625 664
672 663 673 663
731 664 734 664
489 665 497 665
76 666 79 666
295 667 298 667
47 668 66 668
241 665 241 668
760 669 765 669
468 670 468 674
247 665 247 671
311 672 311 673
280 667 280 675
975 676 978 676
333 677 340 677
66 678 68 678
911 678 913 678
21 679 22 679
213 679 215 679
363 679 375 679
975 678 975 679
406 680 406 692
55 681 66 681
331 681 333 681
431 681 433 681
913 683 923 683
103 684 103 691
179 684 181 684
431 686 433 686
96 688 96 691
210 689 215 689
817 689 824 689
905 690 910 690
269 691 269 693
107 691 107 692
48 693 48 701
219 693 220 693
333 693 338 693
263 694 265 694
295 693 295 696
569 696 569 699
956 696 957 696
803 695 803 697
317 698 331 698
812 695 812 700
247 701 247 702
245 702 247 702
511 701 511 702
159 704 159 707
495 698 495 704
936 705 936 719
158 707 159 707
914 707 914 719
38 707 38 710
718 710 718 713
406 711 407 711
803 711 803 718
860 711 875 711
718 713 720 713
794 713 794 718
507 701 507 715
361 716 361 717
84 717 91 717
315 717 330 717
860 717 861 717
365 717 365 718
639 718 639 719
2 720 4 720
908 720 911 720
4 720 4 721
197 721 199 721
339 722 339 723
107 724 115 724
330 717 330 724
909 724 911 724
954 726 956 726
219 721 219 728
852 728 857 728
791 729 794 729
174 730 179 730
890 731 890 741
162 730 162 732
199 721 199 732
481 734 482 734
707 721 707 735
174 730 174 736
611 736 612 736
989 705 989 736
956 739 956 740
890 741 893 741
296 742 297 742
137 729 137 743
958 743 962 743
399 744 407 744
870 742 870 744
75 744 75 746
1 747 20 747
286 747 286 752
787 747 787 748
224 748 224 766
269 749 269 752
343 749 343 752
99 750 121 750
594 750 596 750
808 751 808 759
327 752 343 752
347 756 363 756
458 747 458 757
702 758 702 760
439 759 442 759
815 759 832 759
933 757 933 760
504 761 507 761
544 761 544 766
560 761 560 765
677 760 677 762
260 763 261 763
736 763 737 763
596 757 596 764
560 765 562 765
41 766 41 789
691 766 694 766
912 766 919 766
186 768 186 774
261 763 261 769
442 771 447 771
174 772 174 774
99 774 111 774
230 766 230 774
637 772 637 774
394 776 398 776
813 776 815 776
329 779 347 779
90 780 99 780
420 780 441 780
23 782 25 782
503 782 504 782
858 783 863 783
715 784 726 784
694 766 694 786
441 787 456 787
478 790 504 790
562 793 562 801
754 793 754 796
966 793 969 793
110 794 110 795
199 795 205 795
363 795 367 795
823 782 823 797
608 792 608 799
726 784 726 799
540 801 544 801
562 801 564 801
960 802 963 802
517 803 519 803
652 803 659 803
746 796 746 803
554 801 554 804
12 805 15 805
504 803 504 805
187 806 189 806
408 806 408 812
517 803 517 806
229 807 239 807
207 808 207 820
262 808 262 826
398 808 398 812
408 812 411 812
466 814 466 822
4 816 15 816
38 816 38 819
774 816 778 816
949 816 955 816
648 818 649 818
815 818 815 819
457 820 457 822
617 820 632 820
190 820 190 821
746 821 746 834
147 822 147 842
564 824 583 824
950 824 955 824
50 822 50 825
380 825 380 826
512 825 512 828
838 826 849 826
428 827 437 827
678 828 678 835
488 828 488 829
123 830 123 832
437 830 438 830
245 828 245 831
123 832 129 832
910 832 924 832
667 833 667 835
7 835 15 835
678 835 689 835
375 837 375 839
711 839 714 839
146 842 147 842
269 826 269 843
313 831 313 844
63 822 63 845
337 845 340 845
168 846 180 846
510 846 527 846
627 847 632 847
662 847 662 852
26 850 32 850
458 850 469 850
529 850 537 850
232 851 234 851
714 839 714 851
328 853 340 853
354 853 354 855
595 853 595 856
659 852 659 853
749 854 753 854
782 843 782 854
164 847 164 855
15 850 15 856
118 847 118 856
151 847 151 856
218 853 218 856
466 858 469 858
356 859 370 859
383 859 384 859
547 859 547 860
922 860 927 860
195 863 210 863
340 855 340 863
844 863 846 863
356 859 356 864
897 864 897 865
477 865 477 867
876 865 876 869
740 866 747 866
477 867 478 867
747 866 747 867
671 859 671 868
802 869 804 869
161 870 161 875
474 867 474 870
870 871 870 872
811 872 815 872
925 873 933 873
633 874 637 874
875 872 875 874
38 878 38 880
461 878 461 879
637 879 654 879
1 880 25 880
868 872 868 880
696 881 699 881
388 882 388 886
527 882 528 882
175 883 185 883
211 883 213 883
562 860 562 883
273 884 273 886
468 884 478 884
286 886 295 886
388 886 395 886
546 871 546 886
347 887 347 893
54 881 54 888
69 881 69 888
286 886 286 888
855 888 858 888
956 888 980 888
744 890 744 893
430 889 430 891
346 893 347 893
525 893 527 893
734 894 734 895
720 895 734 895
696 896 697 896
228 897 228 901
734 895 734 897
801 896 801 897
202 900 211 900
19 902 25 902
317 903 317 916
666 903 669 903
947 904 950 904
858 888 858 905
209 907 211 907
438 889 438 907
916 907 917 907
461 908 464 908
590 908 590 914
669 903 669 908
292 909 292 916
113 910 113 911
508 910 508 912
951 910 964 910
104 911 113 911
629 911 631 911
771 911 778 911
502 912 508 912
552 912 552 917
778 911 778 912
207 913 211 913
590 914 598 914
365 917 365 925
292 916 292 918
586 917 586 918
85 919 85 926
629 919 643 919
64 920 64 926
123 920 140 920
123 920 123 921
480 921 481 921
68 924 68 926
163 925 166 925
729 927 729 935
980 928 980 952
743 931 753 931
173 932 175 932
327 933 327 934
909 935 917 935
628 936 629 936
807 936 807 943
431 937 437 937
103 938 103 941
111 940 111 941
170 940 173 940
173 940 183 940
215 940 217 940
304 941 304 943
935 942 940 942
437 943 438 943
206 944 210 944
781 944 785 944
210 944 210 945
540 945 547 945
519 947 519 949
127 948 127 949
392 950 404 950
31 951 38 951
735 951 743 951
69 952 69 960
404 952 406 952
980 952 984 952
611 944 611 953
935 954 938 954
306 955 308 955
131 949 131 956
420 957 430 957
460 957 464 957
817 957 826 957
7 958 30 958
119 949 119 958
77 959 77 960
955 959 955 976
77 960 80 960
199 961 211 961
230 963 236 963
673 964 677 964
62 965 63 965
170 966 171 966
766 969 766 977
877 969 883 969
21 972 29 972
230 972 236 972
306 972 311 972
230 972 230 973
917 974 919 974
404 967 404 975
470 975 484 975
883 969 883 976
661 977 661 984
687 978 700 978
171 980 175 980
375 980 378 980
585 981 585 983
282 978 282 982
116 983 133 983
585 983 591 983
746 984 748 984
12 985 29 985
667 984 667 985
352 980 352 986
195 987 211 987
111 988 116 988
578 983 578 988
917 988 918 988
336 980 336 989
470 990 475 990
655 990 655 992
54 994 63 994
470 990 470 994
797 984 797 994
367 980 367 995
716 985 716 996
40 998 44 998
294 998 297 998
740 985 740 998
150 996 150 999
40 998 40 1000
32 20 36 20
21 20 32 20
36 20 36 31
10 20 21 20
36 31 36 32
60 32 60 36
47 32 57 32
36 32 47 32
21 20 21 35
14 60 19 60
19 53 19 60
77 6 77 7
83 7 102 7
83 7 83 17
77 7 83 7
60 36 60 44
60 36 77 36
60 55 64 55
64 55 64 70
64 70 64 77
57 32 60 32
77 36 83 36
94 38 101 38
101 38 110 38
83 17 83 36
60 44 60 55
32 97 32 100
64 82 64 97
64 77 64 82
22 100 32 100
70 107 84 107
71 118 71 125
84 107 84 112
77 125 84 125
71 125 77 125
84 112 84 125
118 83 118 95
118 95 118 100
118 100 118 109
106 100 118 100
118 109 132 109
132 109 149 109
32 97 64 97
198 7 198 25
167 28 186 28
186 28 192 28
198 25 198 28
194 28 198 28
198 28 206 28
167 28 167 35
192 28 194 28
194 28 194 39
190 52 190 58
190 58 190 63
195 81 195 104
153 109 195 109
195 104 195 109
195 109 195 122
190 131 195 131
195 122 195 131
195 68 195 81
243 14 246 14
229 14 229 27
225 27 229 27
213 27 225 27
236 14 240 14
229 14 236 14
240 14 243 14
250 14 252 14
255 23 261 23
261 23 272 23
255 23 255 30
246 14 250 14
272 12 272 23
255 30 255 35
235 102 248 102
223 102 235 102
248 81 248 99
235 102 235 113
248 99 248 102
265 85 265 87
265 87 265 102
278 103 289 103
257 102 265 102
289 103 296 103
278 103 278 111
278 111 278 129
248 102 257 102
314 7 314 13
314 13 314 21
305 58 306 58
355 53 355 58
319 58 326 58
319 26 319 58
346 58 355 58
371 26 375 26
359 44 375 44
326 58 346 58
306 58 319 58
329 97 339 97
322 97 329 97
316 97 322 97
329 97 329 101
300 103 300 123
356 77 361 77
361 77 361 93
340 97 340 103
340 103 357 103
361 93 361 103
361 103 368 103
357 103 361 103
357 108 357 116
357 116 357 121
357 103 357 108
339 97 340 97
356 68 356 77
296 103 300 103
149 109 153 109
10 144 10 152
10 152 10 153
30 209 30 210
30 192 30 209
6 209 6 212
6 209 12 209
12 209 30 209
30 224 30 232
30 232 30 244
38 210 40 210
30 210 38 210
40 210 41 210
41 210 44 210
30 210 30 224
4 178 4 195
69 157 69 175
69 200 79 200
69 175 69 200
69 205 69 210
44 210 50 210
76 219 87 219
70 219 76 219
69 200 69 205
50 210 69 210
2 255 3 255
3 255 6 255
6 255 30 255
30 244 30 255
34 284 48 284
61 270 61 280
84 254 84 268
72 268 84 268
92 269 92 275
108 269 112 269
34 269 34 284
122 141 127 141
116 143 116 157
116 157 116 161
116 161 116 164
119 169 119 170
119 170 119 187
119 187 131 187
171 196 171 203
138 203 138 221
138 221 138 230
138 230 138 231
189 142 189 146
189 146 189 150
189 150 189 165
171 176 175 176
175 176 180 176
189 165 189 169
144 203 159 203
171 176 171 196
159 203 159 206
159 206 159 230
159 230 159 233
159 233 197 233
159 203 171 203
138 203 144 203
113 256 113 267
147 257 156 257
147 257 147 266
140 266 147 266
138 231 138 248
152 297 158 297
140 275 140 295
121 295 140 295
161 282 161 290
140 297 152 297
140 295 140 297
158 297 158 304
140 266 140 275
180 257 191 257
198 279 198 289
198 272 198 279
208 272 217 272
198 298 198 301
158 312 166 312
198 294 198 298
198 272 208 272
158 304 158 312
125 248 138 248
92 269 108 269
236 156 236 165
236 165 236 180
236 180 236 183
261 183 274 183
274 183 294 183
236 186 236 203
257 175 257 178
251 175 257 175
257 178 257 183
246 183 257 183
274 166 274 175
274 175 274 183
236 183 246 183
257 183 261 183
261 183 261 186
261 186 261 201
236 183 236 186
302 155 314 155
314 155 318 155
324 158 334 158
302 155 302 156
334 158 362 158
302 156 302 159
302 172 302 183
297 183 302 183
302 159 302 172
355 188 355 199
344 199 347 199
347 199 355 199
362 158 362 174
362 174 362 179
294 183 297 183
228 239 246 239
233 266 238 266
231 266 233 266
228 266 231 266
228 256 228 266
233 266 233 269
260 233 260 239
269 233 278 233
228 239 228 256
260 233 269 233
295 233 320 233
287 273 287 276
287 276 287 299
273 299 287 299
268 299 273 299
278 249 278 256
246 239 260 239
320 233 329 233
320 233 320 237
320 237 320 248
311 253 311 258
311 258 311 263
343 233 348 233
329 233 337 233
343 214 343 233
357 250 357 257
278 233 295 233
307 289 307 294
323 289 323 294
309 294 323 294
307 294 309 294
339 289 355 289
336 289 339 289
327 289 336 289
323 289 327 289
323 271 323 289
278 233 278 249
337 233 343 233
198 289 198 294
14 325 27 325
28 334 28 337
8 362 8 363
26 363 33 363
15 363 26 363
8 363 15 363
33 344 33 356
26 363 26 372
33 356 33 363
55 344 58 344
47 344 55 344
33 344 47 344
58 344 58 350
91 328 91 341
75 341 91 341
111 327 111 347
109 347 111 347
99 347 109 347
109 354 115 354
109 347 109 354
58 350 58 352
195 312 195 316
166 312 179 312
179 312 179 337
179 337 179 345
179 345 185 345
195 316 207 316
211 326 211 336
211 338 214 338
211 336 211 338
214 338 225 338
231 334 252 334
225 338 231 338
225 338 225 345
225 356 235 356
225 345 225 356
267 320 267 327
267 327 267 334
231 334 231 338
268 352 268 357
268 357 280 357
280 357 285 357
280 357 280 370
268 357 268 359
313 338 313 341
313 338 319 338
333 336 340 336
340 336 340 348
340 348 340 360
307 341 313 341
252 334 267 334
179 312 188 312
188 312 195 312
190 131 190 134
375 26 375 43
375 26 385 26
375 43 375 44
383 66 408 66
427 8 436 8
422 8 427 8
436 14 436 15
436 8 436 14
413 51 413 59
413 59 413 66
408 66 413 66
473 36 483 36
453 36 453 43
434 61 451 61
436 15 436 34
419 68 429 68
500 10 513 10
487 10 500 10
487 10 487 17
485 17 487 17
483 34 483 36
483 36 483 42
483 47 501 47
477 55 477 61
483 42 483 47
501 47 506 47
506 47 506 58
453 36 473 36
451 61 451 73
390 93 390 98
390 98 398 98
403 103 421 103
403 103 403 120
403 120 403 128
403 128 409 128
399 128 403 128
396 128 399 128
440 143 461 143
438 143 440 143
399 128 399 150
515 95 515 102
497 102 506 102
506 102 515 102
494 102 497 102
483 102 494 102
468 135 474 135
468 135 468 137
468 137 468 143
461 143 468 143
486 150 492 150
513 128 513 137
476 150 486 150
503 137 513 137
497 137 503 137
497 102 497 119
497 119 497 137
426 143 438 143
558 4 558 7
536 17 549 17
553 15 558 15
561 28 561 29
561 29 561 32
559 33 559 37
558 7 558 15
559 37 559 40
561 54 561 56
578 56 587 56
587 56 615 56
561 56 570 56
615 20 615 30
615 20 631 20
615 30 615 39
615 48 615 56
570 56 578 56
615 67 615 68
629 71 641 71
638 45 653 45
653 45 658 45
658 45 658 61
615 68 623 68
615 39 615 48
615 56 615 67
549 115 556 115
534 107 547 107
546 122 549 122
569 115 571 115
545 130 545 139
545 139 545 143
604 77 604 87
604 93 604 95
584 100 584 104
584 104 584 110
556 115 569 115
571 115 583 115
583 128 583 132
587 141 594 141
594 141 617 141
627 126 630 126
583 115 583 128
650 91 650 107
627 107 627 114
627 107 634 107
634 107 644 107
644 107 650 107
627 114 627 126
641 159 641 166
643 139 643 154
549 115 549 122
604 87 604 93
528 107 534 107
443 181 445 181
443 181 443 201
426 181 443 181
443 201 459 201
443 201 443 210
395 224 395 237
399 237 414 237
414 237 429 237
429 237 433 237
467 225 478 225
457 225 467 225
443 228 456 228
467 225 467 230
467 230 467 237
465 246 465 252
395 237 399 237
443 210 443 228
498 186 503 186
488 182 494 182
498 186 498 190
498 190 498 201
479 213 479 221
479 221 496 221
496 221 498 221
498 201 498 221
498 221 498 229
498 254 498 256
498 233 498 254
498 229 498 233
415 288 415 294
386 295 387 295
377 295 386 295
395 288 404 288
404 288 415 288
415 294 419 294
387 295 387 302
444 295 452 295
473 301 494 301
462 301 473 301
419 294 435 294
396 329 396 368
396 368 408 368
440 334 440 349
440 349 440 350
408 368 409 368
495 274 495 291
495 291 503 291
452 295 458 295
483 328 495 328
495 313 495 328
499 344 499 354
485 354 499 354
495 328 507 328
494 301 494 304
495 265 495 274
537 191 537 198
556 198 556 204
545 198 556 198
537 198 545 198
532 240 532 246
532 246 537 246
556 204 556 218
556 218 556 225
586 228 596 228
570 228 575 228
556 225 556 230
556 230 566 230
556 230 556 240
537 246 556 246
556 240 556 246
601 202 601 206
601 206 601 216
601 206 609 206
609 206 631 206
596 228 596 264
601 187 601 202
631 206 640 206
641 166 641 206
575 228 586 228
546 311 546 320
546 320 546 326
546 326 555 326
526 328 526 342
526 342 526 354
526 354 531 354
531 354 540 354
565 326 577 326
565 312 565 326
555 326 565 326
598 277 598 283
605 288 605 292
598 288 605 288
612 292 617 292
605 292 612 292
598 283 598 288
637 285 647 285
652 269 652 271
652 271 652 285
647 285 652 285
647 285 647 303
647 303 647 306
647 306 647 321
626 285 637 285
517 328 526 328
507 328 517 328
587 343 587 356
587 359 602 359
612 353 612 359
602 359 612 359
647 321 647 330
645 330 647 330
647 330 647 337
626 350 641 350
637 368 637 372
641 350 641 363
647 337 647 350
587 356 587 359
641 350 647 350
587 327 587 343
598 265 598 277
507 328 507 340
640 206 641 206
61 388 66 388
49 388 61 388
24 388 49 388
66 388 66 391
66 391 66 404
53 404 54 404
54 404 54 415
54 404 66 404
10 388 24 388
8 434 30 434
8 434 8 449
57 425 57 430
59 433 66 433
47 430 57 430
59 453 61 453
59 433 59 450
59 450 59 453
66 433 76 433
76 433 81 433
54 415 54 424
97 411 97 420
97 420 97 428
126 413 126 427
97 428 108 428
108 428 108 440
126 427 126 440
108 440 120 440
120 440 126 440
126 440 126 453
133 457 138 457
138 457 154 457
154 450 154 457
212 396 217 396
198 396 198 410
198 396 212 396
194 396 198 396
183 396 194 396
217 396 217 406
217 406 228 406
198 410 198 420
198 420 198 425
198 425 198 443
177 443 191 443
191 443 198 443
214 444 219 444
198 444 214 444
198 443 198 444
14 498 36 498
64 472 81 472
64 472 64 488
63 472 64 472
42 488 64 488
11 498 14 498
36 498 36 515
36 515 36 526
31 526 36 526
43 533 43 538
39 533 43 533
43 538 43 555
61 555 81 555
43 555 43 577
27 580 43 580
43 577 43 580
53 580 58 580
43 580 53 580
87 558 107 558
87 558 87 563
107 558 109 558
53 596 53 597
53 597 53 600
48 604 48 607
42 607 48 607
20 607 42 607
14 607 20 607
53 580 53 596
43 555 61 555
122 502 142 502
108 502 122 502
108 502 108 518
108 529 124 529
108 518 108 529
159 470 159 476
159 476 159 502
159 502 159 513
162 513 162 523
159 513 162 513
162 523 162 534
142 502 159 502
224 477 224 487
230 487 230 493
224 487 230 487
222 487 224 487
204 487 222 487
191 524 198 524
181 524 191 524
198 524 198 525
181 524 181 527
218 522 218 525
230 493 230 523
218 525 229 525
206 525 218 525
198 525 206 525
162 523 174 523
125 551 130 551
119 551 125 551
142 545 142 551
130 551 142 551
146 568 146 569
146 569 146 576
146 576 146 598
146 598 146 604
155 576 167 576
151 576 155 576
167 576 176 576
176 565 176 576
167 595 167 605
180 579 180 588
203 551 203 572
203 572 209 572
227 579 239 579
180 579 187 579
180 588 180 593
173 593 180 593
209 572 223 572
180 593 186 593
146 576 151 576
157 470 159 470
305 401 305 405
285 405 285 430
285 405 292 405
292 405 305 405
285 430 285 436
274 436 285 436
274 436 274 447
274 447 274 462
274 462 274 467
298 444 298 447
340 454 340 471
309 465 315 465
300 465 309 465
309 465 309 480
340 430 340 453
340 453 340 454
318 456 318 465
315 465 318 465
331 471 340 471
327 471 331 471
275 498 275 510
266 521 266 541
267 541 288 541
288 541 288 554
266 541 267 541
316 491 337 491
337 491 337 497
337 497 337 511
325 534 333 534
333 516 333 534
325 534 325 538
301 534 325 534
245 579 262 579
239 579 245 579
284 577 293 577
293 577 293 584
293 584 293 596
297 597 305 597
262 579 262 598
314 491 316 491
262 579 278 579
366 398 376 398
359 398 366 398
384 378 384 397
401 397 418 397
401 384 401 393
401 393 401 397
418 397 418 399
418 399 418 411
396 397 401 397
384 397 396 397
376 398 384 398
378 431 389 431
414 431 422 431
389 431 389 440
423 422 423 430
389 431 414 431
449 430 462 430
427 430 427 443
454 400 457 400
447 400 454 400
462 405 471 405
462 405 462 426
440 430 449 430
462 426 462 430
423 430 427 430
518 390 518 404
500 404 511 404
518 404 535 404
495 407 496 407
485 407 495 407
511 404 518 404
535 404 542 404
518 417 518 429
518 432 537 432
518 429 518 432
518 404 518 417
427 430 440 430
405 459 412 459
400 469 400 481
391 469 400 469
400 481 400 488
389 469 391 469
337 497 355 497
360 495 381 495
389 514 399 514
400 505 403 505
403 505 415 505
381 495 381 500
400 488 400 505
389 514 389 524
389 524 389 527
367 553 367 560
389 545 417 545
389 527 389 545
384 583 406 583
367 585 367 586
367 586 367 591
367 591 367 593
406 582 406 583
379 583 384 583
379 576 379 583
389 545 389 549
472 453 472 458
470 453 472 453
472 458 472 464
472 464 472 473
468 473 472 473
468 473 468 476
468 476 468 485
444 499 444 515
444 515 444 518
448 521 448 529
448 529 459 529
443 529 448 529
434 529 443 529
470 496 470 509
470 509 475 509
507 507 515 507
469 509 470 509
468 510 468 528
470 494 470 496
550 462 550 466
550 466 550 469
550 469 550 473
550 473 550 484
512 489 515 489
515 489 515 507
517 508 534 508
489 507 507 507
517 508 517 515
459 529 459 538
449 559 453 559
440 559 449 559
449 559 449 569
448 601 456 601
456 601 458 601
458 601 467 601
467 585 467 601
468 572 468 580
498 553 498 572
498 572 498 580
468 580 481 580
481 580 494 580
494 580 498 580
551 549 551 555
551 555 551 563
551 563 551 582
536 582 548 582
548 582 551 582
514 588 525 588
459 538 459 549
580 392 580 401
580 401 580 406
592 406 595 406
580 406 592 406
580 406 580 411
580 422 580 428
580 428 580 438
580 438 580 442
580 442 595 442
607 434 607 442
595 442 595 451
595 442 607 442
580 411 580 422
631 411 644 411
644 411 644 423
644 423 644 432
607 442 614 442
582 465 582 468
582 468 582 484
565 492 574 492
574 492 579 492
574 492 574 504
595 461 598 461
598 461 617 461
582 468 594 468
617 461 617 474
618 475 618 482
614 490 614 502
614 502 614 512
614 512 614 526
681 505 681 519
658 514 658 519
643 535 656 535
618 482 635 482
597 577 612 577
579 577 579 585
579 585 579 592
579 592 579 598
573 598 579 598
612 561 612 577
612 577 628 577
579 577 597 577
645 563 655 563
628 577 640 577
630 600 637 600
628 577 628 587
595 451 595 461
550 484 558 484
384 397 384 398
721 23 734 23
706 23 706 29
695 41 706 41
706 29 706 41
686 62 696 62
696 62 706 62
706 41 706 46
706 46 706 62
693 103 693 111
673 115 693 115
693 111 693 115
693 115 693 124
706 62 706 73
743 15 753 15
706 23 721 23
734 23 734 37
734 40 734 55
769 0 769 2
769 2 769 11
769 11 780 11
739 15 743 15
753 15 767 15
799 28 804 28
804 28 832 28
741 58 741 64
735 75 735 84
735 84 735 97
747 102 758 102
747 102 747 114
747 129 752 129
747 114 747 129
793 86 798 86
773 100 773 112
779 86 793 86
798 86 810 86
826 69 826 75
826 75 826 79
810 86 811 86
836 119 840 119
787 121 804 121
787 121 787 131
770 100 773 100
734 37 734 40
698 157 700 157
728 147 728 157
728 157 728 163
727 163 728 163
732 171 732 173
715 163 727 163
732 195 743 195
732 173 732 195
725 195 731 195
731 195 732 195
719 224 731 224
731 195 731 205
689 224 719 224
731 205 731 224
747 150 755 150
747 129 747 144
771 160 787 160
771 168 771 174
771 174 771 178
771 178 777 178
771 160 771 168
754 195 765 195
745 195 754 195
765 182 765 195
767 202 767 222
787 195 787 200
775 200 787 200
767 200 775 200
767 200 767 202
743 195 745 195
821 166 821 179
813 179 821 179
803 179 813 179
813 179 813 183
821 213 825 213
825 213 834 213
837 195 837 199
837 199 837 213
820 213 821 213
834 213 837 213
813 183 813 201
747 144 747 150
872 19 872 34
872 19 876 19
876 19 887 19
887 19 893 19
893 19 898 19
872 34 872 38
866 50 872 50
872 38 872 50
871 67 871 76
871 76 871 77
871 77 871 87
893 68 893 76
897 90 897 101
871 76 893 76
872 50 872 57
928 19 928 22
928 22 936 22
936 22 939 22
968 17 977 17
963 17 968 17
957 22 958 22
939 22 957 22
958 22 958 27
958 39 974 39
958 27 958 39
904 24 921 24
958 39 958 47
954 61 958 61
951 61 954 61
922 61 951 61
961 66 981 66
958 47 958 61
862 131 862 141
897 101 897 117
897 118 908 118
897 117 897 118
912 118 916 118
911 137 911 141
888 141 911 141
876 141 888 141
908 118 908 134
862 141 876 141
868 173 886 173
886 173 890 173
890 173 911 173
858 173 858 179
858 179 858 201
911 141 911 153
858 173 868 173
860 225 881 225
881 225 896 225
860 202 860 225
911 153 911 173
947 125 947 127
947 125 957 125
957 125 971 125
971 125 974 125
946 130 946 137
946 137 946 151
946 162 946 169
946 169 957 169
957 169 965 169
939 169 939 181
969 159 971 159
939 169 946 169
965 169 965 171
976 191 987 191
987 191 987 206
973 191 973 200
987 206 987 210
981 216 981 226
981 226 981 230
987 210 987 214
973 191 976 191
946 151 946 162
908 118 912 118
675 256 685 256
715 260 715 282
685 256 691 256
715 260 724 260
688 270 688 274
703 260 715 260
691 260 703 260
691 256 691 260
724 260 731 260
674 304 674 322
674 322 691 322
704 322 704 334
734 302 749 302
728 302 734 302
716 304 724 304
715 304 716 304
706 304 715 304
706 304 706 318
700 304 706 304
691 322 704 322
674 322 674 323
708 341 708 349
706 318 706 320
674 323 674 336
715 282 715 304
782 243 793 243
767 271 767 278
756 278 759 278
773 287 773 295
759 278 767 278
755 322 768 322
749 302 749 309
708 349 723 349
702 352 706 352
729 352 729 363
730 373 730 377
730 377 753 377
780 366 780 368
780 368 780 377
753 377 780 377
723 377 730 377
716 385 716 395
694 405 694 412
681 412 694 412
694 412 694 428
694 428 694 431
694 395 711 395
694 395 694 405
711 395 716 395
716 395 716 401
694 431 694 437
694 437 694 443
680 443 694 443
741 447 741 452
694 443 694 444
694 444 704 444
781 398 781 417
753 417 772 417
772 417 781 417
748 424 748 434
741 439 741 447
748 434 748 439
741 439 748 439
724 452 741 452
788 462 796 462
779 462 788 462
770 462 779 462
765 462 770 462
714 452 724 452
742 461 760 461
716 401 716 417
730 369 730 373
852 259 852 260
852 260 852 267
852 267 852 272
852 272 852 273
852 273 852 277
840 277 840 289
840 277 852 277
846 297 862 297
830 304 833 304
830 304 830 309
830 309 830 315
831 318 831 328
815 353 822 353
831 328 831 340
831 340 831 353
822 353 831 353
910 257 911 257
901 257 910 257
889 257 901 257
887 257 889 257
883 257 887 257
889 257 889 260
889 260 889 269
936 250 945 250
936 250 936 253
930 257 934 257
930 257 930 262
923 257 930 257
930 262 930 281
911 257 923 257
981 230 981 239
971 240 971 241
971 241 971 250
950 250 971 250
971 250 971 259
971 259 990 259
965 273 971 273
971 259 971 273
945 250 950 250
880 297 880 305
889 298 894 298
880 297 887 297
862 297 877 297
877 297 880 297
880 325 880 338
907 340 920 340
920 340 920 350
880 305 880 325
946 301 954 301
938 310 938 317
938 301 946 301
938 301 938 305
938 305 938 310
961 312 971 312
956 312 961 312
948 332 951 332
951 332 956 332
926 336 928 336
921 336 926 336
903 340 907 340
938 317 938 332
938 332 948 332
888 340 903 340
938 286 938 301
846 297 846 303
849 372 860 372
848 372 848 401
843 405 843 409
848 372 849 372
860 372 860 377
860 377 860 391
843 409 843 421
811 428 811 453
848 447 848 451
823 460 842 460
842 460 845 460
842 460 842 468
848 434 848 447
915 358 915 368
915 368 915 373
900 388 900 396
900 396 900 402
900 402 900 407
897 407 900 407
880 407 897 407
900 384 900 388
902 441 905 441
905 433 905 441
905 441 916 441
894 444 894 447
916 441 916 451
916 451 916 455
873 407 880 407
949 378 950 378
950 378 953 378
953 378 953 382
953 378 964 378
947 396 947 408
979 405 984 405
984 405 989 405
964 410 971 410
947 408 958 408
939 429 941 429
939 419 939 429
941 429 949 429
937 439 937 450
930 439 937 439
793 425 805 425
681 494 681 503
674 494 681 494
681 503 681 505
681 505 692 505
665 519 681 519
658 519 665 519
737 481 737 489
737 489 742 489
726 499 726 510
750 513 757 513
726 510 726 513
719 513 719 522
726 513 750 513
766 483 766 491
766 491 766 513
719 513 726 513
703 513 719 513
757 513 766 513
766 513 766 515
766 515 766 529
700 513 703 513
689 564 689 580
689 580 689 596
669 596 675 596
675 596 678 596
700 596 704 596
678 596 689 596
689 596 690 596
710 594 718 594
690 596 700 596
732 555 732 569
734 577 734 589
718 594 724 594
724 594 734 594
734 589 734 594
800 482 800 489
800 489 800 495
816 480 817 480
817 480 817 485
818 485 838 485
817 485 818 485
814 480 816 480
776 529 790 529
800 521 800 529
817 539 822 539
810 539 817 539
808 539 810 539
790 529 800 529
851 513 851 515
822 532 822 539
851 515 851 532
822 550 828 550
843 546 849 546
822 539 822 550
800 513 800 521
822 550 822 555
822 566 831 566
806 567 818 567
806 567 806 581
806 581 806 600
788 600 806 600
876 582 883 582
855 583 855 590
855 590 855 600
853 603 853 609
822 555 822 564
822 564 822 566
766 529 776 529
890 491 893 491
900 501 900 516
900 516 915 516
900 516 900 527
925 499 929 499
930 502 930 516
953 504 953 513
930 516 946 516
946 513 953 513
946 513 946 516
946 516 946 539
946 539 946 540
915 516 930 516
975 516 975 518
983 518 986 518
975 518 983 518
975 518 975 526
977 531 977 534
991 535 994 535
977 534 986 534
994 535 994 547
883 573 883 579
883 579 883 582
896 562 913 562
890 562 896 562
925 589 940 589
921 589 921 597
865 582 876 582
956 560 956 572
921 589 925 589
956 591 960 591
956 572 956 591
942 592 947 592
947 592 947 599
960 591 972 591
972 591 985 591
956 560 973 560
844 583 855 583
800 482 808 482
656 535 656 542
21 650 21 672
21 672 21 679
21 679 21 681
21 707 29 707
21 681 21 707
9 713 20 713
20 708 20 713
20 713 20 733
20 733 20 747
29 707 38 707
76 639 79 639
79 639 79 646
57 639 65 639
65 639 68 639
68 639 76 639
88 647 88 654
54 639 57 639
76 662 76 666
66 668 66 678
66 678 66 681
66 694 66 701
48 701 60 701
60 701 61 701
61 701 66 701
66 681 66 694
123 660 123 680
123 680 123 691
107 691 123 691
103 691 107 691
96 691 103 691
123 691 125 691
93 729 102 729
91 706 91 717
75 744 89 744
89 744 93 744
93 729 93 740
93 740 93 744
154 656 165 656
143 659 152 659
143 641 143 659
143 661 143 672
143 659 143 661
141 729 156 729
179 684 179 700
159 707 166 707
166 707 166 718
166 730 174 730
166 718 166 730
162 730 166 730
179 660 179 684
137 729 141 729
23 782 23 788
23 788 23 789
23 789 28 789
28 789 37 789
37 789 41 789
46 795 73 795
37 819 38 819
15 819 37 819
15 805 15 816
15 816 15 819
15 819 15 835
15 835 15 850
50 822 54 822
54 822 63 822
15 850 26 850
99 761 99 774
99 774 99 780
85 794 99 794
99 780 99 794
99 794 104 794
104 794 110 794
106 809 120 809
104 794 104 804
107 837 118 837
88 830 106 830
106 809 106 817
88 830 88 845
118 837 118 847
106 817 106 830
174 774 180 774
180 774 186 774
187 802 187 806
187 806 187 820
168 841 168 846
147 847 151 847
134 847 147 847
147 842 147 847
151 847 164 847
173 820 187 820
118 847 134 847
27 870 27 880
25 880 27 880
38 880 50 880
60 881 69 881
54 881 60 881
27 880 38 880
25 902 25 916
36 926 64 926
64 926 68 926
19 927 25 927
25 927 30 927
68 926 79 926
79 926 85 926
25 916 25 927
30 951 31 951
30 927 30 949
30 949 30 951
30 951 30 958
30 958 30 968
29 972 29 976
29 976 29 985
69 960 77 960
63 965 63 968
49 968 63 968
63 968 63 986
63 986 63 994
30 968 49 968
25 880 25 902
113 911 116 911
116 911 123 911
123 911 123 920
161 875 164 875
175 880 175 883
175 883 175 896
166 896 175 896
166 896 166 925
96 941 103 941
103 941 111 941
103 941 103 957
103 957 103 959
132 949 137 949
131 949 132 949
127 949 131 949
119 949 127 949
119 945 119 949
116 977 116 983
116 983 116 988
137 935 137 949
166 925 166 931
149 931 166 931
173 940 173 946
171 960 185 960
171 949 171 960
171 960 171 966
173 932 173 940
150 996 159 996
171 966 171 980
26 850 26 869
99 750 99 761
213 633 213 642
213 642 213 646
206 646 213 646
229 648 229 665
233 665 241 665
229 665 233 665
215 679 215 683
215 683 215 689
215 674 215 679
219 693 219 715
199 721 219 721
219 715 219 721
273 661 273 664
273 637 273 661
259 661 273 661
280 667 288 667
288 667 295 667
295 667 295 672
301 672 311 672
269 693 291 693
295 685 295 693
265 694 265 702
247 702 265 702
265 702 265 704
268 718 268 730
268 730 295 730
291 693 295 693
241 665 247 665
330 638 335 638
330 638 330 648
330 648 330 650
295 672 301 672
333 667 348 667
330 667 333 667
333 667 333 668
333 668 333 677
330 650 330 667
333 677 333 681
333 681 333 693
331 698 331 707
330 717 331 717
331 707 331 717
331 717 339 717
339 717 339 722
394 628 394 631
383 631 388 631
388 631 394 631
394 631 394 634
394 634 394 643
394 643 407 643
394 644 394 650
375 650 375 660
375 650 386 650
386 650 394 650
394 643 394 644
375 660 375 679
406 692 406 697
406 697 406 711
389 705 389 711
339 717 361 717
365 717 368 717
368 717 375 717
389 711 400 711
400 711 400 720
375 717 375 730
400 711 406 711
361 717 365 717
295 672 295 685
205 766 205 790
205 766 224 766
224 766 230 766
230 766 235 766
205 790 205 795
190 820 197 820
197 820 207 820
229 812 229 827
245 828 256 828
214 827 229 827
232 828 245 828
229 807 229 812
232 844 232 851
210 853 218 853
206 853 210 853
210 853 210 863
232 828 232 844
205 795 220 795
269 752 280 752
280 752 286 752
286 752 286 754
286 754 286 762
286 754 296 754
286 762 286 780
268 826 269 826
262 826 268 826
286 780 286 808
286 808 304 808
304 808 306 808
306 808 306 825
313 831 321 831
269 826 274 826
284 808 286 808
343 752 344 752
347 756 347 776
347 776 347 779
352 787 363 787
394 762 394 776
363 787 363 795
343 826 343 834
348 814 348 826
343 826 348 826
343 834 343 841
331 834 343 834
350 855 354 855
340 855 350 855
340 845 340 853
340 853 340 855
380 826 380 837
375 837 380 837
380 845 380 854
371 837 375 837
398 812 408 812
380 826 385 826
380 845 398 845
380 837 380 845
296 742 296 754
211 883 211 900
224 901 228 901
211 901 211 906
211 906 211 907
211 907 211 913
211 901 224 901
211 900 211 901
215 934 235 934
215 926 215 934
215 934 215 940
210 944 215 944
215 956 225 956
215 949 215 956
211 956 215 956
211 961 211 964
211 964 211 987
211 956 211 961
230 963 230 972
215 944 215 949
215 940 215 944
273 886 286 886
244 916 272 916
272 916 292 916
304 943 306 943
272 943 304 943
272 931 272 943
272 916 272 931
272 901 272 916
323 925 323 933
323 933 324 933
306 943 306 955
306 955 306 972
282 978 287 978
297 977 297 981
297 981 297 998
291 977 297 977
347 893 381 893
381 893 381 912
381 912 381 922
365 925 365 933
324 933 327 933
365 925 377 925
351 969 351 980
367 980 375 980
352 980 360 980
360 980 367 980
369 942 369 966
375 967 385 967
375 967 375 968
336 980 351 980
351 980 352 980
375 968 375 980
404 950 404 952
404 952 404 967
385 967 404 967
327 933 365 933
292 916 317 916
210 863 210 866
187 820 190 820
440 640 457 640
421 640 440 640
412 640 421 640
440 669 440 674
440 674 464 674
464 674 468 674
433 681 433 686
433 686 433 691
436 708 447 708
436 702 436 708
440 640 440 669
483 630 491 630
491 630 491 642
497 645 497 665
497 665 497 670
547 637 547 646
547 646 547 656
492 629 523 629
497 695 497 697
497 697 506 697
487 698 495 698
482 698 487 698
482 693 482 698
524 693 524 700
530 700 554 700
524 700 530 700
511 701 521 701
530 700 530 717
507 701 511 701
497 670 497 695
458 747 468 747
453 747 458 747
442 747 453 747
442 747 442 756
442 756 442 759
441 773 441 780
441 780 441 787
442 759 442 771
487 746 500 746
487 738 487 746
504 761 504 775
504 775 504 782
504 803 517 803
504 782 504 790
504 790 504 803
544 766 548 766
544 766 544 775
530 775 544 775
554 801 562 801
544 801 554 801
544 775 544 801
504 775 530 775
482 698 482 734
592 628 607 628
607 628 610 628
613 619 627 619
587 628 592 628
610 628 612 628
633 623 633 625
645 627 645 630
645 630 645 641
649 641 665 641
625 664 633 664
633 664 641 664
641 653 641 664
665 624 665 630
665 630 665 641
645 641 649 641
672 657 672 663
569 699 578 699
613 709 617 709
617 709 634 709
613 709 613 713
634 696 634 709
634 696 644 696
667 718 672 718
672 715 672 718
639 718 667 718
596 738 610 738
596 738 596 750
596 750 596 757
596 757 606 757
622 761 637 761
622 761 622 771
612 792 622 792
608 792 612 792
622 771 622 792
668 756 668 760
668 760 677 760
637 772 649 772
649 772 652 772
648 803 652 803
652 772 652 781
652 781 652 803
637 761 637 772
611 715 611 736
644 686 644 696
697 655 697 660
697 660 697 668
710 672 731 672
705 672 705 696
736 637 736 642
731 646 731 664
731 664 731 672
734 684 734 693
705 672 710 672
731 672 731 680
774 643 774 660
774 660 774 661
765 688 772 688
765 669 765 685
765 685 765 688
759 693 759 707
744 693 759 693
813 629 813 651
817 675 831 675
817 675 817 681
817 681 817 689
803 695 812 695
793 695 803 695
734 693 744 693
691 721 707 721
689 742 689 760
677 760 689 760
694 760 694 762
694 762 694 766
702 760 725 760
741 780 741 784
689 760 694 760
759 709 759 718
759 718 772 718
794 718 794 729
772 718 794 718
803 718 818 718
794 718 803 718
747 746 747 764
737 761 737 763
741 764 743 764
743 764 747 764
754 796 759 796
746 796 754 796
746 793 746 796
741 764 741 780
787 748 788 748
788 748 796 748
808 759 815 759
797 759 797 767
797 759 808 759
815 759 815 762
815 762 815 776
759 796 779 796
796 737 796 748
726 784 741 784
759 707 759 709
694 760 702 760
437 827 437 830
456 822 457 822
457 822 466 822
478 828 488 828
488 828 496 828
478 828 478 842
437 830 437 838
424 872 424 889
420 889 424 889
424 889 430 889
430 889 438 889
438 889 446 889
469 858 469 866
474 867 477 867
469 867 474 867
469 866 469 867
449 879 461 879
468 879 468 884
461 879 468 879
468 873 468 879
465 899 468 899
468 884 468 899
464 908 464 914
464 914 477 914
446 933 480 933
480 921 480 933
437 934 437 937
437 943 437 957
430 957 437 957
437 937 437 943
460 957 460 967
430 957 430 968
470 975 470 990
437 957 460 957
496 828 512 828
512 828 527 828
527 828 527 835
527 835 527 846
527 846 527 850
527 850 527 853
527 850 529 850
547 860 548 860
520 862 527 862
519 862 520 862
527 853 527 862
527 877 527 882
527 882 527 893
548 860 562 860
546 865 546 871
527 862 531 862
527 862 527 877
583 824 583 839
583 839 583 840
583 840 583 856
583 856 591 856
591 856 595 856
540 865 546 865
508 920 522 920
522 920 527 920
552 917 556 917
508 912 508 920
542 923 543 923
527 893 527 920
540 927 540 942
535 927 540 927
556 917 586 917
520 949 536 949
540 942 540 945
536 949 538 949
538 953 538 964
538 964 543 964
543 964 559 964
519 949 520 949
500 984 530 984
530 965 530 984
566 950 566 957
600 944 611 944
566 957 596 957
566 957 566 964
578 983 585 983
569 983 578 983
569 972 569 983
559 964 566 964
538 949 538 953
469 850 469 858
648 803 648 812
646 818 648 818
632 820 632 841
659 852 662 852
637 852 656 852
632 841 632 847
637 852 637 871
637 874 637 879
637 871 637 874
667 835 678 835
667 835 667 852
662 852 667 852
671 859 682 859
656 852 659 852
696 867 696 881
629 911 629 919
629 919 629 933
629 933 629 936
647 950 677 950
690 923 690 936
621 943 629 943
669 903 681 903
681 903 681 923
681 923 690 923
629 936 629 943
677 950 677 961
690 936 690 950
627 990 655 990
677 961 677 964
677 978 687 978
687 978 687 983
667 984 669 984
661 984 667 984
677 964 677 978
696 881 696 896
732 834 746 834
749 834 750 834
746 834 749 834
749 834 749 840
749 852 749 854
749 840 749 852
738 852 749 852
749 857 749 866
749 854 749 857
747 866 749 866
778 816 778 824
778 824 778 830
764 830 778 830
815 819 827 819
802 843 806 843
802 843 802 864
782 843 802 843
804 864 804 868
804 868 804 869
811 872 811 884
802 864 804 864
744 893 758 893
743 895 743 901
734 895 743 895
743 901 743 926
758 893 768 893
782 896 801 896
782 896 782 899
782 899 782 911
778 911 782 911
811 884 811 896
801 896 811 896
811 896 817 896
743 926 743 931
743 931 743 935
729 935 742 935
690 936 705 936
742 935 743 935
743 942 754 942
743 935 743 942
746 977 758 977
746 977 746 984
716 985 724 985
724 985 740 985
740 985 746 985
746 984 746 985
743 951 743 956
816 943 818 943
816 943 816 954
815 943 816 943
807 943 815 943
816 957 817 957
816 954 816 957
814 959 814 984
797 984 814 984
781 984 797 984
758 977 766 977
743 942 743 951
779 896 782 896
677 950 690 950
648 812 648 818
885 655 885 660
873 655 885 655
885 660 885 665
913 665 942 665
862 685 867 685
867 673 867 685
933 623 933 631
933 631 933 642
919 642 933 642
917 642 919 642
917 642 917 643
942 650 942 665
895 665 913 665
913 665 913 670
913 670 913 678
913 678 913 683
957 638 966 638
981 633 985 633
970 633 981 633
970 633 970 638
985 633 985 634
966 638 970 638
985 634 985 643
970 638 970 656
975 663 980 663
975 663 975 676
957 678 970 678
975 676 975 678
970 678 975 678
957 678 957 696
885 665 895 665
860 711 860 717
860 717 860 718
857 727 857 728
857 728 857 742
857 742 857 754
857 742 860 742
860 742 870 742
840 754 857 754
823 782 836 782
840 770 840 782
840 754 840 770
876 797 885 797
858 783 858 793
858 797 876 797
876 797 876 799
858 793 858 797
836 782 840 782
914 719 936 719
911 720 911 724
911 724 911 733
920 747 920 757
920 757 926 757
926 757 933 757
919 773 919 781
901 781 919 781
919 766 919 773
920 735 920 747
957 696 957 705
973 705 989 705
948 719 956 719
956 719 956 726
956 739 957 739
957 739 962 739
957 705 973 705
956 726 956 739
962 739 962 743
966 772 985 772
966 772 966 782
966 782 966 793
936 719 948 719
957 705 957 712
849 826 849 835
849 835 849 850
849 850 850 850
850 850 864 850
846 850 846 863
846 850 849 850
846 872 858 872
858 872 866 872
866 872 868 872
870 872 875 872
876 869 897 869
858 872 858 888
846 863 846 872
910 832 910 854
897 865 897 869
897 865 903 865
922 860 922 869
910 854 910 860
925 873 925 880
910 860 922 860
892 895 900 895
900 892 900 895
925 891 937 891
925 880 925 891
921 891 921 902
913 891 921 891
956 884 956 888
955 816 963 816
963 802 963 812
963 812 963 816
955 824 955 834
956 849 959 849
956 835 956 849
956 849 956 884
950 891 950 899
950 899 950 904
937 891 950 891
921 891 925 891
868 872 870 872
883 953 902 953
883 953 883 969
917 907 917 923
917 923 917 935
917 935 917 949
917 949 917 953
917 953 917 974
902 953 917 953
935 942 935 949
925 949 935 949
955 976 956 976
946 976 955 976
935 954 935 965
935 949 935 954
946 976 946 980
935 976 946 976
980 952 980 976
935 965 935 976
956 976 980 976
917 949 925 949
917 974 917 988
955 816 955 824
1 1 1 17
1 17 3 17
310 1 310 7
310 7 314 7
486 1 486 10
486 10 487 10
43 3 43 20
36 20 43 20
169 4 169 5
169 5 178 5
516 5 516 10
513 10 516 10
612 5 612 20
612 20 615 20
363 6 363 26
363 26 371 26
925 13 925 19
925 19 928 19
660 17 660 18
635 18 660 18
387 18 387 26
385 26 387 26
688 18 688 23
688 23 706 23
985 17 985 18
977 17 985 17
153 26 153 28
153 28 167 28
535 17 535 28
535 17 536 17
509 35 509 38
507 38 509 38
629 35 629 45
629 45 638 45
162 35 162 38
162 35 167 35
981 39 981 42
974 39 981 39
114 38 114 56
110 38 114 38
853 50 853 56
853 50 866 50
304 57 304 58
304 58 305 58
545 56 545 62
545 56 561 56
476 61 476 67
476 61 477 61
32 60 32 68
19 60 32 60
269 69 269 85
265 85 269 85
351 77 351 79
351 77 356 77
114 82 114 83
114 83 118 83
652 89 652 91
650 91 652 91
516 92 516 95
515 95 516 95
920 61 920 96
920 61 922 61
15 100 15 106
15 100 22 100
422 103 422 106
421 103 422 103
661 108 661 111
655 108 661 108
242 113 242 114
235 113 242 113
977 114 977 125
974 125 977 125
892 118 892 119
892 118 897 118
554 122 554 125
549 122 554 122
348 121 348 126
348 121 357 121
87 125 87 127
84 125 87 125
60 125 60 129
60 125 71 125
286 129 286 130
278 129 286 129
763 129 763 130
752 129 763 129
112 109 112 131
112 109 118 109
714 125 714 131
706 125 714 125
463 133 463 135
463 135 468 135
514 137 514 138
513 137 514 137
853 141 853 143
853 141 862 141
735 146 735 147
728 147 735 147
66 148 66 157
66 157 69 157
259 148 259 175
257 175 259 175
790 152 790 160
787 160 790 160
820 154 820 166
820 166 821 166
537 143 537 158
537 143 545 143
610 169 610 181
607 181 610 181
160 173 160 176
160 176 171 176
528 174 528 191
528 191 537 191
24 183 24 192
24 192 30 192
392 181 392 187
392 181 426 181
570 189 570 198
556 198 570 198
707 189 707 193
707 193 716 193
990 190 990 191
987 191 990 191
919 181 919 192
915 181 919 181
481 182 481 194
481 182 488 182
533 198 533 200
533 198 537 198
970 200 970 202
970 200 973 200
362 199 362 204
355 199 362 199
222 203 222 205
222 203 236 203
209 209 209 215
206 215 209 215
480 210 480 213
479 213 480 213
678 221 678 224
678 224 689 224
96 219 96 225
87 219 96 219
736 224 736 225
731 224 736 224
791 200 791 225
787 200 791 200
934 210 934 225
934 210 938 210
758 222 758 226
758 222 767 222
850 225 850 227
850 225 860 225
224 230 224 233
224 233 225 233
257 232 257 233
257 233 260 233
385 237 385 239
385 237 395 237
875 239 875 257
875 257 883 257
853 243 853 259
852 259 853 259
530 246 530 247
530 246 532 246
572 246 572 247
556 246 572 246
670 249 670 256
670 256 675 256
794 243 794 249
793 243 794 243
935 249 935 250
935 250 936 250
0 255 0 258
0 255 2 255
443 259 443 260
443 259 455 259
359 257 359 265
357 257 359 257
735 260 735 267
731 260 735 260
417 276 417 288
415 288 417 288
681 274 681 276
681 274 688 274
159 277 159 282
159 282 161 282
888 269 888 278
888 269 889 269
857 277 857 279
852 277 857 277
304 280 304 289
304 289 307 289
376 290 376 295
376 295 377 295
670 292 670 304
670 304 674 304
514 291 514 297
503 291 514 291
979 300 979 312
971 312 979 312
822 303 822 304
822 304 830 304
136 299 136 305
136 299 139 299
254 299 254 306
254 299 268 299
365 289 365 306
355 289 365 289
587 304 587 306
587 304 604 304
699 304 699 306
699 304 700 304
769 315 769 322
768 322 769 322
284 319 284 320
267 320 284 320
362 322 362 328
341 328 362 328
481 325 481 328
481 328 483 328
2 325 2 331
2 325 14 325
437 332 437 334
437 334 440 334
204 338 204 339
204 338 211 338
809 344 809 353
809 353 815 353
168 345 168 350
168 345 179 345
692 351 692 352
692 352 702 352
523 354 523 355
523 354 526 354
546 354 546 361
540 354 546 354
581 359 581 361
581 359 587 359
505 354 505 362
499 354 505 354
777 362 777 366
777 366 780 366
977 364 977 378
964 378 977 378
813 365 813 366
813 366 843 366
39 363 39 366
33 363 39 363
7 363 7 368
7 363 8 363
865 371 865 372
860 372 865 372
316 368 316 373
314 368 316 368
28 372 28 374
26 372 28 372
203 368 203 375
203 368 211 368
290 370 290 375
280 370 290 370
481 354 481 375
481 354 485 354
110 381 110 393
104 393 110 393
625 384 625 411
625 411 631 411
175 387 175 396
175 396 183 396
527 387 527 390
518 390 527 390
605 391 605 393
597 393 605 393
795 393 795 398
781 398 795 398
222 394 222 396
217 396 222 396
306 397 306 401
305 401 306 401
139 399 139 412
136 412 139 412
545 402 545 404
542 404 545 404
254 403 254 405
254 405 285 405
357 398 357 404
357 398 359 398
993 405 993 409
989 405 993 405
446 400 446 410
446 400 447 400
313 405 313 413
305 405 313 405
326 418 326 430
326 430 340 430
608 421 608 434
607 434 608 434
715 417 715 421
715 417 716 417
668 421 668 423
668 421 674 421
273 432 273 436
273 436 274 436
467 430 467 435
462 430 467 430
677 435 677 443
677 443 680 443
734 437 734 439
734 439 741 439
506 432 506 438
506 432 518 432
539 432 539 439
537 432 539 432
92 440 92 441
92 440 108 440
565 442 565 444
565 442 580 442
315 450 315 456
315 456 318 456
491 450 491 453
472 453 491 453
466 451 466 453
466 453 470 453
940 450 940 452
937 450 940 450
229 444 229 454
219 444 229 444
548 455 548 462
548 462 550 462
7 449 7 457
7 449 8 449
881 447 881 457
881 447 894 447
45 453 45 460
45 453 59 453
378 460 378 462
378 462 379 462
621 460 621 461
617 461 621 461
275 467 275 469
274 467 275 467
866 468 866 469
842 468 866 468
60 471 60 472
60 472 63 472
222 474 222 477
222 477 224 477
762 478 762 483
762 483 766 483
670 485 670 494
670 494 674 494
84 472 84 487
81 472 84 472
743 489 743 490
742 489 743 489
851 485 851 492
838 485 851 485
254 494 254 498
254 498 275 498
921 497 921 499
921 499 925 499
808 495 808 498
800 495 808 495
418 505 418 507
415 505 418 505
542 507 542 508
534 508 542 508
834 509 834 512
834 512 844 512
217 513 217 522
217 522 218 522
989 518 989 520
986 518 989 518
683 519 683 526
681 519 683 519
826 527 826 532
822 532 826 532
716 522 716 529
716 522 719 522
527 527 527 531
522 527 527 527
64 532 64 533
43 533 64 533
995 533 995 535
994 535 995 535
625 526 625 536
614 526 625 526
642 535 642 536
642 535 643 535
259 541 259 544
259 541 266 541
535 546 535 549
535 549 551 549
158 549 158 551
158 551 168 551
199 549 199 551
199 551 203 551
294 554 294 555
288 554 294 554
694 560 694 564
689 564 694 564
433 559 433 562
433 559 440 559
20 566 20 572
20 572 25 572
997 573 997 574
994 574 997 574
426 582 426 586
426 586 432 586
666 587 666 596
666 596 669 596
358 593 358 597
358 593 367 593
407 583 407 597
406 583 407 583
252 598 252 602
252 598 262 598
783 600 783 602
783 600 788 600
468 601 468 603
467 601 468 601
749 605 749 606
745 605 749 605
136 604 136 611
136 604 146 604
656 609 656 611
648 609 656 609
845 609 845 611
845 609 853 609
51 607 51 612
48 607 51 607
946 599 946 614
946 599 947 599
196 618 196 626
196 626 208 626
825 619 825 629
813 629 825 629
481 620 481 630
481 630 483 630
397 622 397 628
394 628 397 628
101 624 101 630
85 630 101 630
575 625 575 628
575 628 587 628
858 629 858 647
858 647 861 647
381 631 381 634
381 631 383 631
691 634 691 655
691 655 697 655
740 635 740 637
736 637 740 637
778 638 778 643
774 643 778 643
907 640 907 642
907 642 917 642
337 638 337 642
335 638 337 638
956 638 956 645
956 638 957 638
990 643 990 648
985 643 990 643
398 650 398 653
394 650 398 650
889 653 889 655
885 655 889 655
108 658 108 660
108 660 123 660
832 660 832 675
831 675 832 675
983 662 983 663
980 663 983 663
660 669 660 671
660 669 666 669
148 672 148 673
143 672 148 672
605 678 605 683
605 678 612 678
886 685 886 689
867 685 886 685
843 687 843 690
843 687 851 687
517 692 517 693
517 693 524 693
708 696 708 697
705 696 708 696
996 699 996 705
989 705 996 705
839 700 839 711
839 711 860 711
731 693 731 702
731 693 734 693
675 711 675 715
672 715 675 715
420 708 420 716
420 708 436 708
401 720 401 721
400 720 401 720
821 718 821 722
818 718 821 718
545 721 545 723
533 721 545 721
673 718 673 724
672 718 673 718
449 708 449 725
447 708 449 708
750 718 750 727
750 718 759 718
370 730 370 731
370 730 375 730
252 730 252 735
252 730 268 730
579 737 579 738
579 738 596 738
766 742 766 746
747 746 766 746
68 743 68 744
68 744 75 744
431 743 431 747
431 747 442 747
669 744 669 756
668 756 669 756
937 745 937 750
936 750 937 750
839 747 839 754
839 754 840 754
28 747 28 750
20 747 28 747
783 748 783 750
783 748 787 748
639 751 639 761
637 761 639 761
244 757 244 766
235 766 244 766
195 761 195 766
195 766 205 766
22 774 22 782
22 782 23 782
767 767 767 774
752 767 767 767
150 774 150 775
150 774 174 774
932 781 932 782
919 781 932 781
577 784 577 790
577 790 581 790
124 791 124 794
110 794 124 794
623 792 623 795
622 792 623 792
313 798 313 808
306 808 313 808
999 773 999 800
996 773 999 773
641 801 641 803
641 803 648 803
856 797 856 802
856 797 858 797
874 799 874 802
874 799 876 799
438 787 438 804
438 787 441 787
127 808 127 809
120 809 127 809
598 815 598 824
583 824 598 824
860 815 860 826
849 826 860 826
830 817 830 819
827 819 830 819
981 816 981 819
963 816 981 816
66 821 66 822
63 822 66 822
543 822 543 828
527 828 543 828
891 823 891 832
891 832 910 832
871 840 871 850
864 850 871 850
424 844 424 845
424 844 434 844
201 846 201 853
201 853 206 853
988 847 988 849
959 849 988 849
840 848 840 850
840 850 846 850
86 845 86 850
86 845 88 845
734 851 734 852
734 852 738 852
408 854 408 857
405 854 408 854
505 862 505 863
505 862 519 862
432 867 432 872
424 872 432 872
71 872 71 881
69 881 71 881
756 866 756 873
749 866 756 866
624 879 624 882
624 879 637 879
603 856 603 884
595 856 603 856
419 889 419 892
419 889 420 889
827 893 827 896
817 896 827 896
178 896 178 898
175 896 178 896
901 895 901 898
900 895 901 895
472 899 472 901
468 899 472 899
890 895 890 901
890 895 892 895
621 910 621 911
621 911 629 911
789 911 789 914
782 911 789 911
452 914 452 916
452 914 464 914
499 922 499 930
499 922 505 922
236 932 236 934
235 934 236 934
827 933 827 943
818 943 827 943
932 934 932 942
932 942 935 942
10 935 10 938
10 935 13 935
762 942 762 944
754 942 762 942
847 948 847 953
847 953 883 953
271 943 271 949
271 943 272 943
407 949 407 950
404 950 407 950
562 949 562 950
562 950 566 950
206 953 206 956
206 956 211 956
507 949 507 954
507 949 519 949
694 950 694 956
690 950 694 950
354 960 354 969
351 969 354 969
186 960 186 962
185 960 186 960
153 955 153 968
149 955 153 955
275 972 275 978
275 978 282 978
333 978 333 980
333 980 336 980
712 978 712 985
712 985 716 985
930 976 930 979
930 976 935 976
426 968 426 983
426 968 430 968
947 980 947 983
946 980 947 980
618 988 618 990
618 990 627 990
688 983 688 991
687 983 688 983
992 976 992 991
980 976 992 976
905 988 905 992
905 988 917 988
824 984 824 994
814 984 824 984
79 994 79 995
63 994 79 994
121 988 121 995
116 988 121 988
213 987 213 996
211 987 213 987
497 984 497 996
497 984 500 984
536 984 536 999
530 984 536 984
318 998 318 1000
297 998 318 998
567 983 567 1000
567 983 569 983
3 17 3 20
3 20 10 20
19 35 19 53
19 35 21 35
130 5 130 7
102 7 130 7
94 36 94 38
83 36 94 36
84 104 84 107
84 104 88 104
88 100 88 104
88 100 106 100
64 97 64 107
64 107 70 107
178 5 178 6
178 6 188 6
188 6 188 7
188 7 198 7
190 48 190 52
190 48 191 48
195 63 195 68
190 63 195 63
191 39 191 48
191 39 194 39
229 27 229 51
229 51 233 51
255 14 255 23
252 14 255 14
284 23 284 29
272 23 284 23
245 63 245 81
245 81 248 81
219 102 219 103
219 102 223 102
215 103 215 107
215 103 219 103
265 102 265 103
265 103 278 103
233 51 233 63
233 63 245 63
314 21 314 26
314 26 319 26
355 44 355 53
355 44 359 44
300 97 300 103
300 97 316 97
356 58 356 68
355 58 356 58
206 27 206 28
206 27 213 27
10 153 10 178
4 178 10 178
4 195 4 209
4 209 6 209
70 210 70 219
69 210 70 210
30 284 30 294
30 284 34 284
30 255 30 269
30 269 34 269
61 268 61 270
61 268 72 268
84 268 84 269
84 269 92 269
91 275 91 287
91 275 92 275
48 280 48 284
48 280 61 280
122 141 122 143
116 143 122 143
116 164 116 169
116 169 119 169
136 188 136 203
136 203 138 203
131 187 131 188
131 188 136 188
118 187 118 192
118 187 119 187
189 134 189 142
189 134 190 134
180 169 180 176
180 169 189 169
206 215 206 219
204 219 206 219
204 219 204 229
201 229 204 229
201 229 201 233
197 233 201 233
113 248 113 256
113 248 125 248
112 267 112 269
112 267 113 267
145 248 145 252
138 248 145 248
147 252 147 257
145 252 147 252
139 297 139 299
139 297 140 297
161 290 161 297
158 297 161 297
178 253 178 257
178 257 180 257
191 257 191 265
191 265 195 265
195 265 195 272
195 272 198 272
198 301 198 312
195 312 198 312
258 201 258 207
258 201 261 201
367 150 367 158
362 158 367 158
314 183 314 185
302 183 314 183
318 155 318 158
318 158 324 158
362 179 362 181
361 181 362 181
361 181 361 188
355 188 361 188
344 199 344 214
343 214 344 214
225 233 225 234
225 234 226 234
226 234 226 239
226 239 228 239
222 270 222 272
217 272 222 272
228 266 228 270
222 270 228 270
287 256 287 273
278 256 287 256
311 248 311 253
311 248 320 248
356 233 356 246
348 233 356 233
357 246 357 250
356 246 357 246
323 263 323 271
311 263 323 263
27 325 27 334
27 334 28 334
28 337 28 344
28 344 33 344
69 341 69 343
69 341 75 341
58 343 58 344
58 343 69 343
87 323 87 328
87 328 91 328
91 341 91 347
91 347 99 347
115 320 115 323
115 320 150 320
111 323 111 327
111 323 115 323
133 354 133 362
115 354 133 354
211 316 211 326
207 316 211 316
218 356 218 363
218 356 225 356
211 363 211 368
211 363 218 363
150 312 150 320
150 312 158 312
237 356 237 360
235 356 237 356
239 360 239 371
237 360 239 360
268 334 268 352
267 334 268 334
314 341 314 368
313 341 314 341
341 328 341 336
340 336 341 336
333 336 333 338
319 338 333 338
307 341 307 357
285 357 307 357
377 46 377 66
377 66 383 66
454 7 454 8
436 8 454 8
413 66 413 68
413 68 419 68
436 34 436 36
436 36 453 36
453 43 453 61
451 61 453 61
451 73 451 77
451 77 458 77
429 61 429 68
429 61 434 61
485 17 485 34
483 34 485 34
477 47 477 55
477 47 483 47
507 38 507 47
506 47 507 47
398 98 398 103
398 103 403 103
417 137 417 143
417 143 426 143
409 128 409 137
409 137 417 137
469 91 469 93
469 93 470 93
470 93 470 102
470 102 483 102
515 102 515 107
515 107 528 107
468 143 468 146
468 146 469 146
469 146 469 150
469 150 476 150
492 137 492 150
492 137 497 137
458 77 458 91
458 91 469 91
574 1 574 4
558 4 574 4
550 15 550 16
550 15 553 15
549 16 549 17
549 16 550 16
560 24 560 28
560 28 561 28
561 32 561 33
559 33 561 33
558 15 558 24
558 24 560 24
559 40 559 54
559 54 561 54
635 18 635 19
633 19 635 19
633 19 633 20
631 20 633 20
657 68 657 69
652 69 657 69
615 68 615 77
604 77 615 77
629 68 629 71
623 68 629 68
652 69 652 71
641 71 652 71
658 61 658 68
657 68 658 68
547 107 547 115
547 115 549 115
545 122 545 130
545 122 546 122
604 95 604 100
584 100 604 100
584 110 584 115
583 115 584 115
583 132 583 141
583 141 587 141
655 107 655 108
650 107 655 107
630 126 630 139
630 139 643 139
643 154 643 159
641 159 643 159
617 126 617 141
617 126 627 126
447 175 447 181
445 181 447 181
456 225 456 228
456 225 457 225
433 228 433 237
433 228 443 228
455 252 455 259
455 252 465 252
465 237 465 246
465 237 467 237
494 182 494 186
494 186 498 186
498 256 498 265
495 265 498 265
478 221 478 225
478 221 479 221
387 302 387 304
387 304 388 304
388 304 388 311
388 311 391 311
395 288 395 295
387 295 395 295
444 294 444 295
435 294 444 294
425 361 425 368
409 368 425 368
396 368 396 378
384 378 396 378
440 350 440 361
425 361 440 361
391 311 391 329
391 329 396 329
495 291 495 301
494 301 495 301
462 295 462 301
458 295 462 295
495 304 495 313
494 304 495 304
546 326 546 328
526 328 546 328
499 340 499 344
499 340 507 340
566 228 566 230
566 228 570 228
607 181 607 187
601 187 607 187
601 216 601 228
596 228 601 228
542 306 542 311
542 311 546 311
570 296 570 308
568 308 570 308
568 308 568 312
565 312 568 312
587 326 587 327
577 326 587 326
596 264 596 265
596 265 598 265
604 292 604 304
604 292 605 292
625 285 625 286
625 285 626 285
617 286 617 292
617 286 625 286
628 329 628 330
628 330 645 330
626 350 626 353
612 353 626 353
637 363 637 368
637 363 641 363
375 44 375 46
375 46 377 46
67 404 67 405
66 404 67 404
45 430 45 432
45 430 47 430
54 424 54 425
54 425 57 425
57 430 57 433
57 433 59 433
85 428 85 430
85 428 97 428
30 432 30 434
30 432 45 432
104 393 104 411
97 411 104 411
136 412 136 413
126 413 136 413
127 454 127 457
127 457 133 457
126 453 126 454
126 454 127 454
81 430 81 433
81 430 85 430
177 443 177 445
175 445 177 445
175 445 175 450
154 450 175 450
197 444 197 449
197 444 198 444
154 457 154 470
154 470 157 470
42 488 42 498
36 498 42 498
36 526 36 533
36 533 39 533
25 572 25 580
25 580 27 580
48 600 48 604
48 600 53 600
162 534 162 538
148 538 162 538
193 482 193 487
193 487 204 487
237 484 237 487
230 487 237 487
181 523 181 524
174 523 181 523
230 523 230 525
229 525 230 525
81 555 81 558
81 558 87 558
145 544 145 545
142 545 145 545
142 551 142 568
142 568 146 568
168 551 168 565
168 565 176 565
176 576 176 579
176 579 180 579
173 593 173 595
167 595 173 595
167 605 167 616
163 616 167 616
203 572 203 579
187 579 203 579
227 572 227 579
223 572 227 572
190 593 190 597
186 593 190 593
198 597 198 611
190 597 198 597
148 538 148 544
145 544 148 544
109 551 109 558
109 551 119 551
291 441 291 444
291 444 298 444
299 462 299 465
299 465 300 465
298 447 298 462
298 462 299 462
285 436 285 441
285 441 291 441
327 465 327 471
318 465 327 465
275 510 275 521
266 521 275 521
294 534 294 538
294 534 301 534
288 538 288 541
288 538 294 538
309 480 309 491
309 491 314 491
325 538 325 551
323 551 325 551
323 551 323 557
316 557 323 557
316 557 316 561
308 561 316 561
301 574 301 577
293 577 301 577
284 577 284 579
278 579 284 579
297 596 297 597
293 596 297 596
308 561 308 574
301 574 308 574
403 382 403 384
401 384 403 384
422 430 422 431
422 430 423 430
371 431 371 436
371 431 378 431
418 411 418 422
418 422 423 422
457 400 457 405
457 405 462 405
477 405 477 406
471 405 477 405
500 404 500 407
496 407 500 407
485 406 485 407
477 406 485 406
379 462 379 468
379 468 384 468
405 459 405 469
400 469 405 469
384 468 384 469
384 469 389 469
360 495 360 497
355 497 360 497
382 500 382 505
381 500 382 500
389 505 389 514
382 505 389 505
400 505 400 514
399 514 400 514
369 549 369 552
369 549 389 549
367 552 367 553
367 552 369 552
418 540 418 545
417 545 418 545
379 566 379 576
372 566 379 566
367 583 367 585
367 583 379 583
418 580 418 582
406 582 418 582
372 560 372 566
367 560 372 560
437 468 437 472
437 472 450 472
450 472 450 473
450 473 468 473
434 529 434 531
419 531 434 531
468 485 468 494
468 494 470 494
481 508 481 509
475 509 481 509
469 509 469 510
468 510 469 510
444 518 444 521
444 521 448 521
468 528 468 529
459 529 468 529
510 486 510 489
510 489 512 489
536 488 536 489
515 489 536 489
550 484 550 488
536 488 550 488
489 507 489 508
481 508 489 508
522 515 522 527
517 515 522 515
517 507 517 508
515 507 517 507
453 549 453 559
453 549 459 549
453 569 453 570
449 569 453 569
468 570 468 572
453 570 468 570
467 580 467 585
467 580 468 580
432 586 432 592
432 592 440 592
440 592 440 601
440 601 448 601
536 582 536 588
525 588 536 588
514 580 514 588
498 580 514 580
419 531 419 540
418 540 419 540
427 443 427 468
427 468 437 468
597 393 597 406
595 406 597 406
644 432 644 440
634 440 644 440
634 440 634 442
614 442 634 442
565 484 565 492
558 484 565 484
572 504 572 522
572 504 574 504
595 461 595 468
594 468 595 468
618 474 618 475
617 474 618 474
617 482 617 489
617 482 618 482
614 489 614 490
614 489 617 489
582 484 582 492
579 492 582 492
640 482 640 498
635 482 640 482
641 498 641 500
640 498 641 498
658 500 658 514
641 500 658 500
616 552 616 553
614 553 616 553
614 553 614 561
612 561 614 561
640 563 640 577
640 563 645 563
655 542 655 563
655 542 656 542
643 600 643 606
637 600 643 600
648 606 648 609
643 606 648 606
630 587 630 600
628 587 630 587
656 519 656 535
656 519 658 519
337 511 337 516
333 516 337 516
693 73 693 103
693 73 706 73
706 124 706 125
693 124 706 124
739 15 739 23
734 23 739 23
769 11 769 15
767 15 769 15
838 12 838 28
832 28 838 28
789 11 789 19
780 11 789 11
799 19 799 28
789 19 799 19
734 55 734 58
734 58 741 58
737 67 737 75
735 75 737 75
742 98 742 102
742 102 747 102
758 100 758 102
758 100 770 100
735 97 735 98
735 98 742 98
826 79 826 86
811 86 826 86
773 112 773 114
773 114 778 114
778 114 778 121
778 121 787 121
840 119 840 124
840 124 847 124
804 119 804 121
804 119 836 119
779 86 779 100
773 100 779 100
741 64 741 67
737 67 741 67
700 157 700 163
700 163 715 163
728 163 728 171
728 171 732 171
716 193 716 195
716 195 725 195
756 150 756 155
755 150 756 150
771 155 771 160
756 155 771 155
765 178 765 182
765 178 771 178
767 195 767 200
765 195 767 195
814 201 814 209
813 201 814 201
820 209 820 213
814 209 820 209
803 178 803 179
777 178 803 178
893 76 893 90
893 90 897 90
872 57 872 67
871 67 872 67
963 17 963 22
958 22 963 22
928 22 928 24
921 24 928 24
961 61 961 66
958 61 961 61
994 66 994 69
981 66 994 66
904 19 904 24
898 19 904 19
916 118 916 120
916 120 928 120
911 134 911 137
908 134 911 134
860 201 860 202
858 201 860 201
915 173 915 181
911 173 915 173
935 124 935 125
935 125 947 125
947 127 947 130
946 130 947 130
938 181 938 210
938 181 939 181
994 154 994 157
978 157 994 157
978 157 978 159
971 159 978 159
969 159 969 169
965 169 969 169
966 183 966 191
966 191 973 191
987 214 987 216
981 216 987 216
965 171 965 183
965 183 966 183
928 120 928 124
928 124 935 124
847 124 847 131
847 131 862 131
688 260 688 270
688 260 691 260
704 334 704 341
704 341 708 341
706 320 706 322
704 322 706 322
782 243 782 271
767 271 782 271
756 278 756 284
755 284 756 284
768 278 768 281
767 278 768 278
755 284 755 302
749 302 755 302
773 281 773 287
768 281 773 281
728 302 728 304
724 304 728 304
755 309 755 322
749 309 755 309
706 349 706 352
706 349 708 349
723 349 723 352
723 352 729 352
723 377 723 378
721 378 723 378
721 378 721 385
716 385 721 385
729 363 729 369
729 369 730 369
674 412 674 421
674 412 681 412
741 452 741 461
741 461 742 461
693 444 693 459
693 444 694 444
691 459 691 464
691 459 693 459
704 444 704 452
704 452 714 452
753 417 753 424
748 424 753 424
793 417 793 425
781 417 793 417
796 462 796 471
796 471 797 471
760 461 760 462
760 462 765 462
889 297 889 298
887 297 889 297
833 303 833 304
833 303 846 303
831 315 831 318
830 315 831 315
840 289 840 297
840 297 846 297
936 253 936 257
934 257 936 257
930 281 930 286
930 286 938 286
975 273 975 277
971 273 975 273
880 338 880 340
880 340 888 340
956 301 956 312
954 301 956 301
921 336 921 340
920 340 921 340
920 350 920 358
915 358 920 358
938 332 938 336
928 336 938 336
843 366 843 372
843 372 848 372
848 401 848 405
843 405 848 405
868 391 868 395
860 391 868 391
811 425 811 428
805 425 811 425
843 421 843 434
843 434 848 434
848 451 848 460
845 460 848 460
823 453 823 460
811 453 823 453
909 383 909 384
900 384 909 384
873 395 873 407
868 395 873 395
894 441 894 444
894 441 902 441
905 407 905 433
900 407 905 407
953 382 953 396
947 396 953 396
964 408 964 410
958 408 964 408
947 408 947 419
939 419 947 419
979 405 979 407
976 407 979 407
976 407 976 410
971 410 976 410
964 429 964 435
949 429 964 429
939 429 939 439
937 439 939 439
930 439 930 441
916 441 930 441
915 373 915 383
909 383 915 383
684 490 684 494
681 494 684 494
695 505 695 506
692 505 695 505
700 506 700 513
695 506 700 506
737 489 737 498
732 498 737 498
732 498 732 499
726 499 732 499
759 529 759 530
759 529 766 529
707 594 707 595
707 594 710 594
704 595 704 596
704 595 707 595
744 547 744 552
744 547 755 547
732 552 732 555
732 552 744 552
734 569 734 577
732 569 734 569
745 594 745 605
734 594 745 594
755 530 755 547
755 530 759 530
797 471 797 482
797 482 800 482
808 480 808 482
808 480 814 480
817 485 817 502
816 502 817 502
816 502 816 513
800 513 816 513
803 529 803 531
800 529 803 529
808 531 808 539
803 531 808 531
844 512 844 513
844 513 851 513
843 546 843 550
828 550 843 550
851 532 851 546
849 546 851 546
818 566 818 567
818 566 822 566
842 566 842 572
831 566 842 566
844 572 844 583
842 572 844 572
853 600 853 603
853 600 855 600
893 491 893 501
893 501 900 501
929 499 929 502
929 502 930 502
953 513 953 514
953 514 964 514
991 534 991 535
986 534 991 534
977 534 977 552
974 552 977 552
975 526 975 531
975 531 977 531
964 514 964 516
964 516 975 516
865 582 865 583
855 583 865 583
890 562 890 573
883 573 890 573
920 562 920 563
913 562 920 562
921 563 921 589
920 563 921 563
974 552 974 560
973 560 974 560
942 589 942 592
940 589 942 589
956 591 956 592
947 592 956 592
994 574 994 587
993 587 994 587
993 587 993 591
985 591 993 591
907 597 907 599
907 597 921 597
981 239 981 240
971 240 981 240
10 640 10 646
10 646 15 646
15 646 15 650
15 650 21 650
20 707 20 708
20 707 21 707
4 713 4 720
4 713 9 713
85 630 85 639
79 639 85 639
79 646 79 647
79 647 88 647
86 660 86 662
76 662 86 662
76 666 76 668
66 668 76 668
66 701 66 706
66 706 91 706
91 691 91 706
91 691 96 691
125 691 125 709
125 709 128 709
107 724 107 729
102 729 107 729
99 744 99 750
93 744 99 744
93 717 93 729
91 717 93 717
88 654 88 660
86 660 88 660
38 701 38 707
38 701 48 701
153 616 153 623
153 616 163 616
154 656 154 659
152 659 154 659
143 623 143 641
143 623 153 623
179 656 179 660
165 656 179 656
128 709 128 729
128 729 137 729
166 700 166 707
166 700 179 700
156 729 156 730
156 730 162 730
41 789 41 795
41 795 46 795
15 789 15 805
15 789 23 789
50 819 50 822
38 819 50 819
106 804 106 809
104 804 106 804
123 832 123 837
118 837 123 837
107 830 107 837
106 830 107 830
186 774 186 802
186 802 187 802
173 820 173 841
168 841 173 841
168 846 168 847
164 847 168 847
73 794 73 795
73 794 85 794
27 869 27 870
26 869 27 869
54 880 54 881
50 880 54 880
13 927 13 935
13 927 19 927
36 926 36 927
30 927 36 927
30 985 30 986
29 985 30 985
40 986 40 998
30 986 40 986
69 960 69 965
63 965 69 965
29 968 29 972
29 968 30 968
135 884 135 887
135 884 146 884
127 887 127 896
127 887 135 887
123 896 123 911
123 896 127 896
171 876 171 880
171 880 175 880
164 875 164 876
164 876 171 876
146 875 146 884
146 875 161 875
119 941 119 945
111 941 119 941
96 938 96 941
92 938 96 938
114 966 114 974
104 966 114 966
116 974 116 977
114 974 116 974
104 959 104 966
103 959 104 959
149 931 149 935
137 935 149 935
149 949 149 955
137 949 149 949
173 931 173 932
166 931 173 931
171 946 171 949
171 946 173 946
169 980 169 995
169 980 171 980
159 995 159 996
159 995 169 995
92 926 92 938
85 926 92 926
208 626 208 633
208 633 213 633
213 646 213 648
213 648 229 648
200 646 200 650
200 646 206 646
215 665 215 674
215 665 229 665
219 689 219 693
215 689 219 689
273 664 273 667
273 667 280 667
247 661 247 665
247 661 259 661
269 693 269 694
265 694 269 694
265 704 265 718
265 718 268 718
295 730 295 742
295 742 296 742
324 632 324 638
324 638 330 638
313 669 313 672
311 672 313 672
325 668 325 669
313 669 325 669
330 667 330 668
325 668 330 668
331 693 331 698
331 693 333 693
381 696 381 705
381 705 389 705
389 711 389 716
387 716 389 716
387 716 387 717
375 717 387 717
375 679 375 696
375 696 381 696
220 795 220 803
220 803 225 803
225 803 225 807
225 807 229 807
214 820 214 827
207 820 214 820
218 851 218 853
218 851 232 851
261 752 261 763
261 752 269 752
262 826 262 828
256 828 262 828
284 808 284 824
282 824 284 824
282 824 282 826
274 826 282 826
232 827 232 828
229 827 232 827
399 744 399 762
394 762 399 762
344 752 344 756
344 756 347 756
347 779 347 787
347 787 352 787
394 776 394 787
363 787 394 787
353 811 353 814
348 814 353 814
360 826 360 827
348 826 360 826
331 831 331 834
321 831 331 831
371 827 371 837
360 827 371 827
340 841 340 845
340 841 343 841
356 855 356 859
354 855 356 855
383 854 383 859
380 854 383 854
398 812 398 826
385 826 398 826
404 845 404 853
398 845 404 845
405 853 405 854
404 853 405 853
363 795 363 811
353 811 363 811
313 825 313 831
306 825 313 825
211 866 211 883
210 866 211 866
236 901 236 911
228 901 236 901
215 913 215 926
211 913 215 913
230 956 230 963
225 956 230 956
273 886 273 901
272 901 273 901
244 911 244 916
236 911 244 911
323 922 323 925
322 922 323 922
322 916 322 922
317 916 322 916
297 972 297 977
297 972 306 972
287 977 287 978
287 977 291 977
388 886 388 893
381 893 388 893
381 922 381 925
377 925 381 925
375 966 375 967
369 966 375 966
369 933 369 942
365 933 369 933
412 640 412 643
407 643 412 643
433 674 433 681
433 674 440 674
436 691 436 702
433 691 436 691
492 629 492 630
491 630 492 630
491 642 491 645
491 645 497 645
541 629 541 633
523 629 541 629
547 633 547 637
541 633 547 633
482 691 482 693
476 691 482 691
497 697 497 698
495 698 497 698
507 697 507 701
506 697 507 697
524 700 524 701
521 701 524 701
533 717 533 721
530 717 533 717
476 674 476 691
468 674 476 674
441 771 441 773
441 771 442 771
487 734 487 738
482 734 487 734
504 746 504 761
500 746 504 746
468 746 468 747
468 746 487 746
560 765 560 766
548 766 560 766
633 625 633 627
633 627 645 627
627 619 627 623
627 623 633 623
612 619 612 628
612 619 613 619
623 664 623 668
623 664 625 664
612 668 612 678
612 668 623 668
641 664 641 686
641 686 644 686
661 620 661 624
661 624 665 624
666 641 666 644
665 641 666 641
672 644 672 657
666 644 672 644
666 663 666 669
666 663 672 663
645 641 645 653
641 653 645 653
607 699 607 706
578 699 607 699
613 706 613 709
607 706 613 706
611 713 611 715
611 713 613 713
639 709 639 718
634 709 639 709
610 736 610 738
610 736 611 736
613 757 613 758
606 757 613 757
581 790 581 792
581 792 608 792
622 758 622 761
613 758 622 758
655 769 655 772
652 772 655 772
569 699 569 700
554 700 569 700
697 668 697 672
697 672 705 672
736 642 736 646
731 646 736 646
731 680 731 684
731 684 734 684
765 688 765 693
759 693 765 693
774 661 774 669
765 669 774 669
779 688 779 689
772 688 779 688
815 673 815 675
815 675 817 675
817 689 817 695
812 695 817 695
813 651 813 673
813 673 815 673
793 689 793 695
779 689 793 689
718 713 718 721
707 721 718 721
691 721 691 742
689 742 691 742
737 760 737 761
725 760 737 760
668 760 668 769
655 769 668 769
794 729 794 737
794 737 796 737
741 763 741 764
737 763 741 763
752 764 752 767
747 764 752 764
746 784 746 793
741 784 746 784
796 748 796 759
796 759 797 759
792 776 792 796
779 796 792 796
823 776 823 782
815 776 823 776
797 767 797 776
792 776 797 776
437 822 437 827
437 822 456 822
434 838 434 844
434 838 437 838
466 822 466 825
466 825 471 825
471 825 471 828
471 828 478 828
464 899 464 908
464 899 465 899
468 867 468 873
468 867 469 867
446 879 446 889
446 879 449 879
437 933 437 934
437 933 446 933
470 967 470 975
460 967 470 967
480 914 480 921
477 914 480 914
469 842 469 850
469 842 478 842
540 862 540 865
531 862 540 862
583 856 583 860
562 860 583 860
547 860 547 865
546 865 547 865
505 920 505 922
505 920 508 920
542 923 542 927
540 927 542 927
590 914 590 917
586 917 590 917
552 917 552 923
543 923 552 923
540 945 540 949
538 949 540 949
530 964 530 965
530 964 538 964
596 944 596 957
596 944 600 944
569 964 569 972
566 964 569 964
527 920 527 927
527 927 535 927
632 818 632 820
632 818 646 818
637 847 637 852
632 847 637 847
696 859 696 867
682 859 696 859
671 852 671 859
667 852 671 852
694 896 694 902
694 896 696 896
681 902 681 903
681 902 694 902
629 943 629 950
629 950 647 950
729 935 729 936
705 936 729 936
671 978 671 982
671 978 677 978
669 982 669 984
669 982 671 982
655 984 655 990
655 984 661 984
750 830 750 834
750 830 764 830
714 834 714 839
714 834 732 834
778 830 778 843
778 843 782 843
815 819 815 843
806 843 815 843
804 869 804 872
804 872 811 872
744 893 744 895
743 895 744 895
779 893 779 896
768 893 779 893
746 956 746 977
743 956 746 956
785 943 785 944
785 943 807 943
781 977 781 984
766 977 781 977
816 957 816 959
814 959 816 959
611 943 611 944
611 943 621 943
861 647 861 655
861 655 873 655
879 665 879 672
879 665 885 665
851 685 851 687
851 685 862 685
867 672 867 673
867 672 879 672
933 642 933 650
933 650 942 650
910 683 910 690
910 683 913 683
942 665 942 669
942 669 949 669
970 656 970 663
970 663 975 663
949 669 949 678
949 678 957 678
890 741 890 742
870 742 890 742
860 718 860 727
857 727 860 727
914 719 914 720
911 720 914 720
911 733 911 735
911 735 920 735
936 750 936 757
933 757 936 757
920 757 920 766
919 766 920 766
901 781 901 797
885 797 901 797
957 712 957 719
956 719 957 719
996 772 996 773
985 772 996 772
963 793 963 802
963 793 966 793
966 743 966 772
962 743 966 743
875 869 875 872
875 869 876 869
903 860 903 865
903 860 910 860
922 869 922 873
922 873 925 873
900 891 900 892
900 891 913 891
917 902 917 907
917 902 921 902
956 834 956 835
955 834 956 834
950 888 950 891
950 888 956 888
951 904 951 910
950 904 951 904
858 782 858 783
840 782 858 782
467 640 467 651
457 640 467 640