1856
160 1 160 9
38 2 38 15
175 2 175 5
78 3 78 10
110 3 110 9
212 3 212 5
175 5 182 5
205 5 212 5
446 6 446 27
479 6 479 15
25 7 25 18
383 7 388 7
152 9 156 9
396 7 396 10
299 11 300 11
156 9 156 12
249 12 249 18
386 13 388 13
298 14 300 14
38 15 43 15
103 10 103 15
479 15 481 15
13 18 25 18
244 18 249 18
363 22 363 28
120 23 121 23
111 26 120 26
331 23 331 27
66 28 68 28
341 29 350 29
416 30 416 36
172 32 182 32
229 35 229 47
401 37 401 38
297 40 297 41
403 38 403 42
254 43 254 44
257 44 262 44
462 44 470 44
411 38 411 45
205 46 212 46
360 41 360 46
353 45 353 47
128 42 128 49
231 49 231 50
170 51 172 51
376 51 378 51
154 47 154 52
189 53 198 53
255 56 256 56
282 58 284 58
371 58 378 58
42 50 42 60
477 58 477 60
379 62 380 62
244 64 244 71
443 70 455 70
340 72 341 72
94 73 98 73
263 74 264 74
344 75 348 75
244 71 244 79
344 75 344 80
90 81 90 84
168 84 170 84
411 78 411 84
57 75 57 87
363 87 375 87
455 91 461 91
144 92 146 92
221 92 230 92
73 95 80 95
1 95 1 97
31 90 31 97
146 92 146 98
404 98 405 98
444 98 447 98
215 105 218 105
44 106 48 106
80 106 83 106
218 105 218 107
460 107 460 125
308 109 311 109
251 115 251 127
392 116 392 124
204 119 204 126
364 116 364 119
55 121 60 121
95 119 95 122
109 122 114 122
214 122 214 126
287 122 294 122
403 122 403 124
1 124 6 124
379 124 379 125
441 125 443 125
57 128 60 128
222 127 222 135
287 135 294 135
317 120 317 136
488 137 493 137
252 138 253 138
15 134 15 139
21 134 21 142
71 142 82 142
225 142 225 143
408 142 410 142
349 143 349 170
451 144 454 144
410 145 419 145
71 146 75 146
252 146 256 146
252 148 252 150
276 152 283 152
230 148 230 153
475 154 475 155
394 152 394 156
174 157 174 158
189 157 189 160
174 158 176 158
362 158 362 170
168 159 169 159
476 159 493 159
189 160 202 160
321 160 321 175
430 160 430 161
276 162 276 163
432 161 432 165
329 167 329 175
30 170 34 170
131 170 136 170
342 170 348 170
476 171 481 171
265 172 266 172
361 170 361 172
87 174 89 174
308 176 308 182
230 179 230 183
268 179 270 179
20 175 20 180
453 179 453 180
131 182 136 182
400 183 403 183
247 183 247 184
315 182 315 186
3 187 12 187
131 184 131 187
403 187 419 187
357 190 357 197
483 191 483 194
198 189 198 192
488 194 488 197
455 198 455 204
403 199 411 199
56 203 63 203
452 204 455 204
460 204 460 205
61 206 63 206
122 206 127 206
309 206 309 213
398 199 398 206
169 208 169 210
346 197 346 209
168 210 169 210
234 211 234 215
118 212 122 212
476 212 479 212
22 214 30 214
67 215 68 215
206 216 208 216
444 216 444 218
298 213 298 218
443 218 444 218
402 220 402 225
363 224 364 224
362 225 363 225
435 225 444 225
171 226 179 226
360 228 363 228
159 231 159 232
10 233 18 233
140 232 140 234
239 234 239 235
116 226 116 236
282 238 282 240
463 234 463 238
170 240 172 240
279 240 282 240
325 240 328 240
409 243 415 243
31 244 31 252
159 238 159 245
387 246 389 246
491 248 494 248
313 251 316 251
433 251 446 251
53 238 53 252
184 252 184 255
25 252 25 253
31 252 31 253
446 251 446 253
168 255 170 255
302 258 310 258
260 261 260 267
463 261 463 266
472 261 472 266
91 262 91 267
365 262 365 265
487 266 498 266
266 267 287 267
376 266 376 270
18 271 22 271
140 271 156 271
463 271 464 271
438 272 439 272
487 266 487 272
227 274 241 274
423 268 423 274
350 276 357 276
304 277 304 281
438 272 438 278
138 280 140 280
206 280 207 280
301 281 304 281
69 277 69 282
458 282 463 282
292 287 292 291
381 287 381 293
106 288 107 288
240 288 241 288
360 289 360 293
56 290 57 290
326 293 328 293
360 293 364 293
377 293 381 293
106 294 107 294
328 296 329 296
78 297 78 298
328 296 328 297
462 298 465 298
274 294 274 299
469 301 473 301
18 305 20 305
40 305 42 305
381 299 381 306
399 306 400 306
449 306 450 306
116 309 119 309
281 310 283 310
56 305 56 311
331 311 347 311
76 316 77 316
268 316 268 317
119 309 119 317
253 317 262 317
468 317 469 317
16 320 18 320
42 305 42 323
338 323 347 323
178 317 178 324
355 324 361 324
414 326 424 326
4 327 4 328
3 328 4 328
19 328 22 328
262 329 265 329
424 326 424 329
12 330 13 330
442 332 449 332
134 333 134 341
317 338 317 339
76 343 79 343
223 343 223 348
391 344 391 373
131 341 131 345
355 350 374 350
191 351 195 351
346 351 355 351
3 354 19 354
291 354 297 354
445 355 445 364
471 356 471 357
195 359 200 359
127 364 132 364
444 364 445 364
486 357 486 364
297 365 297 366
462 366 464 366
74 360 74 367
180 368 180 378
318 367 318 368
95 360 95 369
360 372 367 372
423 372 441 372
386 373 391 373
121 376 132 376
132 376 134 376
396 376 396 379
335 378 335 391
390 379 391 379
19 380 28 380
75 380 75 386
164 380 170 380
184 378 184 381
228 354 228 381
441 372 441 381
313 367 313 383
277 384 287 384
410 383 410 385
453 385 462 385
70 386 75 386
215 378 215 387
388 389 396 389
406 383 406 389
37 390 41 390
14 392 19 392
160 392 168 392
437 392 437 410
348 391 348 395
204 398 204 406
41 400 42 400
219 401 219 406
210 402 210 406
418 404 418 410
201 406 204 406
256 412 256 413
36 413 41 413
248 413 249 413
256 413 264 413
82 415 82 417
67 413 67 418
54 413 54 419
306 420 306 423
428 410 428 420
355 420 355 422
380 421 380 422
304 424 306 424
141 426 141 429
449 410 449 427
168 428 169 428
306 428 309 428
366 428 368 428
83 429 83 432
153 429 155 429
169 429 171 429
497 429 497 430
380 431 387 431
482 430 482 431
122 429 122 434
135 429 135 434
153 429 153 435
165 435 169 435
192 435 198 435
376 436 380 436
354 438 354 448
198 440 205 440
94 442 95 442
497 442 498 442
224 440 224 443
236 440 236 443
298 443 302 443
497 446 499 446
354 448 355 448
373 449 380 449
56 450 56 455
91 450 94 450
94 451 108 451
302 452 307 452
468 453 468 458
56 455 58 455
261 455 267 455
399 445 399 456
493 452 493 456
468 458 469 458
281 461 281 466
118 462 124 462
226 462 226 472
467 462 468 462
302 463 307 463
330 463 336 463
158 464 163 464
45 465 48 465
52 465 52 468
15 469 18 469
276 466 276 469
350 470 350 472
226 472 228 472
409 472 409 483
0 476 15 476
116 478 124 478
148 480 148 481
496 480 496 483
430 481 432 481
262 482 265 482
496 483 500 483
428 484 430 484
159 485 162 485
468 485 468 486
485 484 485 486
175 479 175 487
403 483 403 487
462 485 462 487
496 484 496 489
430 484 430 490
202 491 203 491
6 492 15 492
409 483 409 494
300 492 300 495
15 492 15 497
42 498 47 498
104 499 108 499
104 499 104 500
29 18 31 18
29 18 29 35
25 18 29 18
42 50 43 50
29 35 29 50
100 10 103 10
68 25 68 28
68 28 68 37
68 37 82 37
78 10 100 10
110 9 111 9
111 9 120 9
68 10 78 10
120 9 120 23
120 26 120 31
120 23 120 26
68 10 68 25
43 50 58 50
11 70 13 70
13 76 13 87
13 87 13 89
4 87 13 87
13 89 20 89
13 70 13 76
13 70 28 70
44 92 44 106
31 90 36 90
41 110 44 110
6 120 6 124
15 134 21 134
38 131 38 134
21 134 38 134
44 106 44 110
77 68 77 75
57 75 77 75
77 75 79 75
90 81 98 81
80 81 80 95
98 73 98 75
98 75 98 81
98 81 115 81
80 81 90 81
80 95 80 97
80 106 80 110
67 110 80 110
60 110 67 110
44 110 60 110
60 115 60 121
60 121 60 128
60 128 67 128
71 142 71 146
71 146 71 156
95 119 96 119
96 119 103 119
109 122 109 139
80 97 80 106
60 110 60 115
29 50 42 50
12 175 20 175
12 175 12 185
12 185 12 187
12 187 12 194
12 194 22 194
41 191 41 194
41 191 51 191
22 194 22 208
22 208 22 214
20 175 27 175
25 252 31 252
18 252 25 252
18 233 18 252
65 164 65 192
51 191 61 191
76 192 89 192
63 192 65 192
63 202 63 203
63 206 72 206
63 203 63 206
72 206 72 212
72 212 72 215
68 215 72 215
68 215 68 225
63 192 63 202
22 194 41 194
89 174 89 183
89 183 89 192
65 192 76 192
98 193 122 193
131 170 131 182
131 182 131 184
124 184 131 184
122 193 122 204
102 226 106 226
95 235 102 235
122 204 122 206
122 206 122 212
125 213 125 221
129 221 132 221
132 221 132 232
125 221 125 225
106 226 116 226
132 232 140 232
125 221 129 221
102 226 102 235
172 9 172 15
160 9 172 9
156 9 160 9
172 15 172 17
172 17 179 17
172 17 172 27
172 32 172 47
166 47 172 47
154 47 166 47
172 47 172 51
172 27 172 32
159 78 168 78
168 78 168 79
186 78 186 79
168 79 186 79
146 92 159 92
168 79 168 84
179 118 179 122
178 122 179 122
175 122 178 122
162 122 175 122
162 109 162 122
159 92 159 106
189 53 189 64
212 5 212 45
212 45 212 46
224 47 229 47
222 47 224 47
209 75 209 87
189 64 189 75
222 47 222 60
209 87 218 87
206 75 209 75
249 18 249 44
255 44 257 44
249 44 254 44
254 44 255 44
231 49 246 49
244 71 248 71
255 44 255 56
255 56 255 70
255 70 255 73
255 73 263 73
263 73 263 74
252 70 255 70
230 104 241 104
230 104 230 107
221 98 221 104
221 92 221 98
221 104 230 104
204 126 214 126
214 126 218 126
222 127 230 127
230 127 233 127
233 127 251 127
230 107 230 127
189 75 206 75
278 40 284 40
300 11 300 14
300 14 300 23
300 23 300 39
300 23 317 23
317 23 331 23
284 40 284 52
284 52 284 58
284 58 284 67
284 67 290 67
297 81 319 81
284 40 297 40
297 91 297 96
297 103 301 103
297 96 297 103
294 122 306 122
308 120 317 120
308 109 308 114
294 122 294 126
294 126 294 135
308 114 308 120
297 81 297 91
263 74 263 79
169 158 174 158
169 158 169 159
169 159 169 173
169 173 169 177
186 177 189 177
189 160 189 177
169 177 186 177
198 182 198 189
198 189 202 189
202 189 222 189
252 138 252 146
230 148 242 148
242 148 247 148
247 148 247 158
247 148 251 148
252 146 252 148
247 158 247 183
230 183 237 183
237 183 247 183
222 189 222 198
159 232 159 238
140 232 159 232
166 238 170 238
170 238 170 240
170 240 170 244
170 244 170 255
176 255 184 255
171 226 171 233
170 255 176 255
234 215 239 215
222 198 222 215
227 215 234 215
222 215 227 215
239 215 239 234
219 245 219 256
206 256 215 256
190 256 206 256
215 256 219 256
206 256 206 260
208 216 208 233
276 152 276 155
276 155 276 162
266 162 266 167
266 162 268 162
268 162 276 162
266 167 266 172
268 191 268 196
295 196 295 203
292 196 295 196
268 196 292 196
268 179 268 191
321 175 321 182
321 175 329 175
300 182 308 182
308 182 315 182
315 182 321 182
256 206 270 206
295 203 295 205
309 213 323 213
305 213 309 213
298 213 305 213
289 205 295 205
323 213 323 221
291 244 313 244
325 222 325 240
313 244 313 249
313 249 313 251
256 206 256 212
251 148 252 148
353 41 355 41
355 41 360 41
349 45 353 45
343 45 349 45
341 70 341 72
365 28 366 28
363 28 365 28
363 28 363 39
388 7 388 13
388 7 396 7
388 13 388 20
388 28 388 38
416 36 429 36
429 36 439 36
403 38 411 38
388 38 401 38
366 28 388 28
388 20 388 28
401 38 403 38
378 51 378 58
379 59 379 62
393 78 411 78
379 78 393 78
379 62 379 78
375 96 392 96
375 87 375 96
375 96 375 102
353 41 353 45
458 24 458 27
450 27 458 27
439 36 439 40
479 15 479 27
446 27 450 27
458 27 469 27
473 27 479 27
469 27 473 27
473 27 473 39
471 58 477 58
470 58 471 58
470 44 470 47
455 66 455 70
455 70 455 91
470 47 470 58
364 109 364 113
351 113 364 113
364 113 364 116
375 109 375 116
372 116 375 116
364 116 372 116
392 124 403 124
390 124 392 124
379 124 390 124
410 124 410 125
403 124 410 124
410 124 411 124
410 125 410 142
362 170 371 170
348 170 349 170
349 170 361 170
361 170 362 170
348 179 348 197
333 197 346 197
348 197 349 197
349 197 357 197
346 197 348 197
388 152 388 168
388 152 394 152
410 142 410 145
394 152 402 152
410 145 410 152
421 161 430 161
430 161 432 161
413 161 413 164
403 187 403 199
403 183 403 187
403 171 403 183
398 199 403 199
396 199 398 199
348 170 348 179
369 201 369 209
359 217 363 217
363 217 363 219
363 219 363 224
363 224 363 225
363 225 363 228
368 230 370 230
375 244 379 244
370 244 375 244
370 230 370 236
370 236 370 244
406 230 415 230
415 230 415 243
393 225 402 225
402 152 410 152
443 125 460 125
443 126 443 129
433 129 443 129
443 129 443 132
443 132 443 141
443 141 448 141
460 125 488 125
488 125 488 137
443 125 443 126
464 155 475 155
451 161 451 170
451 155 464 155
451 144 451 155
476 159 476 171
451 155 451 161
413 161 421 161
468 186 468 190
483 194 488 194
479 194 483 194
468 194 479 194
468 190 468 194
460 204 468 204
468 194 468 204
455 204 460 204
444 218 444 225
445 234 446 234
446 234 463 234
468 204 468 212
476 212 476 228
483 232 491 232
476 232 483 232
476 228 476 232
491 232 491 240
491 240 491 248
446 234 446 251
468 212 476 212
432 161 451 161
375 102 375 109
159 238 166 238
6 271 18 271
18 271 18 286
18 286 18 305
18 305 18 320
19 327 19 328
4 328 13 328
13 328 13 330
13 330 13 336
13 328 19 328
18 338 19 338
19 338 25 338
19 341 19 354
19 354 19 374
61 277 69 277
57 296 57 302
75 302 75 304
57 302 59 302
75 300 75 302
59 302 75 302
76 316 76 332
42 305 56 305
57 290 57 296
106 269 106 288
106 288 106 294
91 298 100 298
78 298 91 298
100 298 100 312
61 359 64 359
41 359 41 362
41 362 41 369
76 332 76 343
64 344 73 344
64 344 64 354
64 359 70 359
56 359 61 359
64 354 64 359
61 359 61 362
41 359 56 359
19 338 19 341
95 359 95 360
95 359 100 359
74 360 85 360
85 360 95 360
19 374 19 380
19 380 19 392
41 400 41 403
41 403 41 406
23 403 41 403
19 392 19 403
41 406 41 413
41 390 41 400
41 413 54 413
54 413 67 413
80 400 89 400
73 408 80 408
89 398 89 400
80 400 80 403
80 403 80 408
82 415 91 415
91 415 94 415
83 432 88 432
88 432 94 432
94 415 94 421
94 421 94 432
15 469 15 476
15 476 15 481
15 481 29 481
55 458 55 462
55 462 71 462
48 465 52 465
48 465 48 474
42 481 42 496
42 496 42 498
29 481 42 481
15 481 15 492
94 432 94 442
94 442 94 450
94 450 94 451
90 469 94 469
94 451 94 469
79 469 90 469
19 403 23 403
119 307 119 309
140 271 140 280
140 280 140 283
140 283 140 294
140 294 148 294
163 299 169 299
206 260 206 280
206 280 206 281
204 281 206 281
169 299 169 312
178 317 185 317
185 317 195 317
147 341 154 341
134 341 139 341
131 341 134 341
139 341 147 341
137 348 137 352
132 364 132 372
132 372 132 376
195 317 195 334
195 348 217 348
195 334 195 348
195 348 195 349
195 349 195 351
195 351 195 355
195 355 195 359
169 317 178 317
180 378 180 379
195 378 204 378
195 359 195 378
170 380 170 384
184 378 195 378
180 378 184 378
204 378 215 378
139 341 139 347
169 312 169 317
241 268 241 274
241 274 241 288
260 267 266 267
266 267 266 291
292 291 294 291
310 282 310 289
310 282 311 282
310 289 310 291
294 291 304 291
304 291 310 291
281 294 281 310
274 294 281 294
262 317 262 321
262 317 268 317
268 317 274 317
262 321 262 329
262 329 262 332
250 329 262 329
228 354 232 354
217 348 223 348
243 354 243 360
262 332 262 346
262 346 267 346
272 353 272 363
277 365 287 365
277 365 277 379
277 379 277 384
232 354 243 354
252 346 262 346
311 332 311 338
311 338 317 338
306 339 306 355
297 354 297 355
297 355 297 365
297 355 303 355
313 367 318 367
303 355 306 355
287 365 297 365
148 429 153 429
148 415 148 429
141 429 148 429
135 429 141 429
122 429 135 429
178 408 178 413
168 392 168 393
168 413 175 413
175 413 178 413
163 414 168 414
169 424 169 425
169 425 169 428
169 428 169 429
169 429 169 435
168 393 168 413
204 406 210 406
210 406 210 409
210 406 219 406
180 419 189 419
198 422 203 422
210 409 210 422
198 422 198 427
198 427 198 435
198 435 198 440
220 432 221 432
211 432 220 432
224 436 224 440
224 440 232 440
221 432 221 435
203 422 210 422
124 462 124 478
124 478 124 481
124 481 130 481
130 481 148 481
130 481 130 487
158 464 158 475
166 479 175 479
159 479 166 479
154 484 159 484
159 479 159 484
159 484 159 485
175 479 181 479
181 469 181 479
202 482 202 491
197 482 202 482
181 479 187 479
159 485 159 494
198 440 198 447
249 413 256 413
249 413 249 419
244 423 244 440
232 440 236 440
261 440 269 440
236 440 244 440
261 440 261 448
256 457 259 457
256 457 256 458
276 466 281 466
256 466 269 466
256 458 256 466
256 482 262 482
256 466 256 470
256 470 256 482
261 448 261 455
306 423 306 424
306 423 310 423
306 424 306 428
302 450 302 452
302 452 302 463
269 466 276 466
281 466 300 466
302 443 302 450
300 466 300 492
244 440 261 440
168 413 168 414
89 398 115 398
328 293 328 296
348 265 348 275
333 275 348 275
350 280 350 293
350 293 359 293
359 293 360 293
350 276 350 280
347 305 347 311
347 311 347 323
355 324 355 337
376 266 388 266
348 265 365 265
381 293 381 299
393 299 395 299
401 289 401 295
395 299 401 299
399 302 401 302
399 302 399 306
381 299 393 299
401 295 401 299
418 267 418 268
415 268 418 268
418 268 423 268
423 268 438 268
438 268 438 271
438 271 445 271
438 271 438 272
463 282 463 284
463 271 463 282
472 266 487 266
463 266 472 266
463 266 463 271
445 271 463 271
431 319 449 319
449 306 449 316
449 316 449 319
424 319 431 319
424 319 424 326
449 319 449 327
449 327 458 327
465 295 465 298
469 301 469 317
469 317 469 321
469 321 488 321
469 322 469 327
458 327 468 327
468 327 469 327
469 321 469 322
449 327 449 332
401 299 401 302
355 337 355 350
355 350 355 351
348 391 358 391
347 391 348 391
346 391 347 391
341 391 346 391
335 391 341 391
358 389 358 391
360 372 360 380
368 417 368 419
368 419 368 420
368 420 368 421
368 421 368 428
358 420 368 420
355 420 358 420
368 421 375 421
391 373 391 379
396 379 396 383
391 379 396 379
396 383 396 389
401 383 406 383
406 383 410 383
396 383 401 383
418 410 428 410
397 410 403 410
397 398 397 410
334 448 339 448
348 448 354 448
339 448 348 448
339 448 339 462
339 462 339 463
336 463 339 463
350 472 362 472
341 474 346 474
341 484 341 492
323 492 341 492
341 474 341 484
369 431 380 431
380 431 380 436
380 436 380 445
393 445 399 445
380 445 393 445
380 445 380 449
380 449 380 458
378 469 378 472
362 472 378 472
379 483 399 483
399 483 403 483
403 483 409 483
379 483 379 494
445 364 445 372
462 357 471 357
462 369 462 372
441 372 445 372
445 372 449 372
449 372 462 372
462 372 462 385
480 357 486 357
471 357 480 357
462 357 462 366
462 366 462 369
437 410 449 410
428 410 437 410
473 398 473 407
493 399 493 407
403 410 418 410
483 407 493 407
477 407 483 407
452 407 473 407
492 430 497 430
482 430 492 430
482 424 482 430
473 407 477 407
477 407 477 419
473 390 473 398
434 470 442 470
430 470 434 470
430 470 430 478
430 478 430 481
430 481 430 484
468 458 468 462
451 485 462 485
468 462 468 484
468 484 470 484
463 485 468 485
462 485 463 485
468 484 468 485
497 430 497 442
484 452 490 452
490 452 493 452
497 442 497 446
484 452 484 472
496 483 496 484
485 484 496 484
484 484 485 484
484 472 484 484
470 484 484 484
375 421 380 421
355 351 355 360
300 492 323 492
67 1 67 10
67 10 68 10
136 2 136 5
130 5 136 5
407 3 407 4
401 4 407 4
332 4 332 23
331 23 332 23
311 5 311 11
300 11 311 11
184 17 184 18
179 17 184 17
459 19 459 24
458 24 459 24
496 27 496 31
479 27 496 27
274 35 274 40
274 40 278 40
84 37 84 42
82 37 84 37
151 44 151 47
151 47 154 47
443 40 443 46
439 40 443 40
491 55 491 58
477 58 491 58
100 61 100 73
98 73 100 73
73 62 73 68
73 68 77 68
10 68 10 70
10 70 11 70
150 68 150 78
150 78 159 78
55 73 55 75
55 75 57 75
420 73 420 78
411 78 420 78
328 81 328 84
319 81 328 81
116 81 116 88
115 81 116 81
262 79 262 89
262 79 263 79
12 89 12 90
12 89 13 89
242 103 242 104
241 104 242 104
363 107 363 109
363 109 364 109
273 105 273 109
273 105 286 105
183 113 183 118
179 118 183 118
2 114 2 118
2 118 3 118
423 117 423 123
412 123 423 123
337 113 337 122
337 113 351 113
157 122 157 129
157 122 162 122
195 126 195 129
195 126 204 126
184 122 184 131
179 122 184 122
432 129 432 134
432 129 433 129
296 135 296 136
294 135 296 135
479 137 479 142
479 137 488 137
267 143 267 152
267 152 276 152
442 141 442 143
442 141 443 141
123 139 123 146
109 139 123 139
384 150 384 152
384 152 388 152
151 156 151 158
151 158 169 158
102 160 102 174
89 174 102 174
264 161 264 162
264 162 266 162
130 162 130 170
130 170 131 170
10 168 10 175
10 175 12 175
162 177 162 187
162 177 169 177
39 188 39 191
39 191 41 191
489 191 489 194
488 194 489 194
385 194 385 199
385 199 396 199
264 196 264 197
264 196 268 196
73 205 73 206
72 206 73 206
328 210 328 213
323 213 328 213
75 215 75 216
72 215 75 215
95 216 95 224
95 224 98 224
341 217 341 218
341 217 359 217
499 219 499 227
496 227 499 227
135 220 135 221
132 221 135 221
418 226 418 230
415 230 418 230
86 241 86 244
86 241 87 241
349 246 349 252
349 246 354 246
420 253 420 257
419 253 420 253
249 256 249 258
219 256 249 256
481 248 481 258
481 248 491 248
4 261 4 271
4 271 6 271
419 264 419 267
418 267 419 267
134 270 134 271
134 271 140 271
413 268 413 270
413 268 415 268
73 271 73 277
69 277 73 277
317 277 317 282
311 282 317 282
212 281 212 286
206 281 212 281
243 288 243 296
241 288 243 288
438 300 438 306
438 306 449 306
311 291 311 305
310 291 311 291
208 312 208 315
202 315 208 315
398 306 398 312
398 306 399 306
226 315 226 318
226 318 230 318
489 319 489 321
488 321 489 321
98 312 98 326
98 312 100 312
304 326 304 327
304 327 306 327
451 332 451 333
449 332 451 332
471 327 471 334
469 327 471 327
59 342 59 344
59 344 64 344
461 344 461 357
461 357 462 357
109 347 109 349
108 349 109 349
298 349 298 354
297 354 298 354
487 351 487 357
486 357 487 357
415 364 415 383
410 383 415 383
246 360 246 367
243 360 246 360
42 369 42 370
41 369 42 369
58 362 58 371
58 362 61 362
217 371 217 378
215 378 217 378
54 383 54 390
41 390 54 390
271 384 271 389
271 384 277 384
495 394 495 399
493 399 495 399
88 397 88 398
88 398 89 398
328 391 328 399
328 391 335 391
182 405 182 408
178 408 182 408
223 406 223 408
219 406 223 406
500 407 500 410
493 407 500 407
11 403 11 411
11 403 19 403
318 411 318 423
310 423 318 423
96 413 96 415
94 415 96 415
332 416 332 420
332 420 355 420
231 418 231 419
222 419 231 419
276 433 276 437
275 437 276 437
80 432 80 435
80 432 83 432
171 435 171 437
169 435 171 435
325 438 325 448
325 448 334 448
410 442 410 445
399 445 410 445
426 451 426 460
426 460 429 460
482 451 482 452
482 452 484 452
148 453 148 464
148 464 158 464
12 454 12 469
12 469 15 469
252 454 252 457
252 457 256 457
129 460 129 462
124 462 129 462
252 482 252 486
252 482 256 482
201 491 201 496
201 491 202 491
378 494 378 496
378 494 379 494
156 494 156 498
156 494 159 494
353 492 353 498
341 492 353 492
41 498 41 499
41 498 42 498
134 493 134 500
131 493 134 493
38 15 38 18
31 18 38 18
29 50 29 70
28 70 29 70
110 9 110 10
103 10 110 10
68 37 68 50
58 50 68 50
130 5 130 9
120 9 130 9
128 31 128 42
120 31 128 31
1 87 1 95
1 87 4 87
20 89 20 90
20 90 31 90
36 90 36 92
36 92 44 92
3 118 3 120
3 120 6 120
40 110 40 119
40 110 41 110
38 119 38 131
38 119 40 119
6 124 6 134
6 134 15 134
79 75 79 81
79 81 80 81
67 128 67 142
67 142 71 142
109 119 109 122
103 119 109 119
95 110 95 119
80 110 95 110
30 170 30 175
27 175 30 175
18 214 18 233
18 214 22 214
61 191 61 192
61 192 63 192
59 225 59 226
59 225 68 225
53 226 53 238
53 226 59 226
124 184 124 193
122 193 124 193
98 224 98 226
98 226 102 226
116 225 116 226
116 225 125 225
87 235 87 241
87 235 95 235
122 212 122 213
122 213 125 213
89 192 89 193
89 193 98 193
71 156 71 164
65 164 71 164
175 5 175 9
172 9 175 9
172 51 172 53
172 53 189 53
186 75 186 78
186 75 189 75
162 106 162 109
159 106 162 106
159 84 159 92
159 84 168 84
212 46 212 47
212 47 222 47
222 60 222 64
217 64 222 64
217 64 217 75
209 75 217 75
218 87 218 92
218 92 221 92
249 44 249 49
246 49 249 49
248 70 248 71
248 70 252 70
231 47 231 49
229 47 231 47
218 126 218 127
218 127 222 127
251 127 251 138
251 138 252 138
218 104 218 105
218 104 221 104
300 39 300 40
297 40 300 40
284 67 284 69
275 69 284 69
275 69 275 73
263 73 275 73
294 67 294 76
290 67 294 67
297 76 297 81
294 76 297 76
286 103 286 105
286 103 297 103
308 103 308 109
301 103 308 103
306 120 306 122
306 120 308 120
189 177 189 182
189 182 198 182
225 143 225 148
225 148 230 148
230 183 230 189
222 189 230 189
169 210 169 226
169 226 171 226
171 233 171 238
170 238 171 238
184 255 184 256
184 256 190 256
208 233 208 245
208 245 219 245
256 212 256 215
239 215 256 215
222 215 222 216
208 216 222 216
266 172 266 179
266 179 268 179
300 182 300 196
295 196 300 196
322 182 322 191
321 182 322 182
289 205 289 206
270 206 289 206
282 240 282 244
282 244 291 244
325 221 325 222
323 221 325 221
310 251 310 258
310 251 313 251
313 240 313 244
313 240 325 240
298 205 298 213
295 205 298 205
350 29 350 41
350 41 353 41
360 39 360 41
360 39 363 39
341 68 341 70
341 68 342 68
344 72 344 75
341 72 344 72
342 45 342 68
342 45 343 45
401 4 401 7
396 7 401 7
388 38 388 46
384 46 388 46
384 46 384 51
378 51 384 51
378 58 378 59
378 59 379 59
379 78 379 87
375 87 379 87
404 96 404 98
392 96 404 96
446 27 446 36
439 36 446 36
470 39 470 44
470 39 473 39
416 36 416 38
411 38 416 38
455 58 455 66
455 58 470 58
447 91 447 98
447 91 455 91
375 116 375 121
375 121 376 121
376 121 376 124
376 124 379 124
412 123 412 124
411 124 412 124
369 197 369 201
357 197 369 197
412 152 412 153
410 152 412 152
403 164 403 171
403 164 413 164
388 168 388 170
371 170 388 170
368 228 368 230
363 228 368 228
384 226 384 230
370 230 384 230
354 244 354 246
354 244 370 244
387 244 387 246
379 244 387 244
393 225 393 226
384 226 393 226
406 225 406 230
402 225 406 225
419 243 419 253
415 243 419 243
363 209 363 217
363 209 369 209
448 141 448 144
448 144 451 144
476 155 476 159
475 155 476 155
413 153 413 161
412 153 413 153
453 170 453 179
451 170 453 170
444 225 444 234
444 234 445 234
463 232 463 234
463 232 476 232
496 227 496 232
491 232 496 232
468 171 468 186
468 171 476 171
333 191 333 197
322 191 333 191
13 336 13 338
13 338 18 338
18 320 18 327
18 327 19 327
61 277 61 290
57 290 61 290
56 302 56 305
56 302 57 302
75 304 75 316
75 316 76 316
91 267 91 269
91 269 106 269
106 294 106 298
100 298 106 298
78 298 78 300
75 300 78 300
74 359 74 360
70 359 74 359
108 349 108 351
104 351 108 351
104 351 104 359
100 359 104 359
76 343 76 344
73 344 76 344
41 338 41 359
25 338 41 338
75 386 75 400
75 400 80 400
115 398 115 408
115 408 120 408
82 408 82 415
80 408 82 408
67 408 67 413
67 408 73 408
42 474 42 481
42 474 48 474
56 455 56 458
55 458 56 458
71 462 71 469
71 469 79 469
52 462 52 465
52 462 55 462
104 469 104 499
94 469 104 469
119 295 119 307
119 295 124 295
148 294 148 299
148 299 163 299
124 294 124 295
124 294 140 294
194 281 194 282
194 281 204 281
202 315 202 317
195 317 202 317
169 289 169 299
169 289 183 289
183 282 183 289
183 282 194 282
137 347 137 348
137 347 139 347
132 352 132 364
132 352 137 352
157 333 157 334
157 333 160 333
154 334 154 341
154 334 157 334
160 317 160 333
160 317 169 317
170 379 170 380
170 379 180 379
168 384 168 392
168 384 170 384
241 267 241 268
241 267 260 267
292 291 292 294
281 294 292 294
266 291 266 294
266 294 274 294
304 281 304 282
304 282 310 282
230 318 230 323
230 323 233 323
233 323 233 325
233 325 235 325
235 325 235 329
235 329 250 329
252 346 252 354
243 354 252 354
272 346 272 353
267 346 272 346
277 363 277 365
272 363 277 363
306 327 306 332
306 332 311 332
311 338 311 339
306 339 311 339
311 355 311 359
306 355 311 355
313 359 313 367
311 359 313 359
281 310 281 317
274 317 281 317
228 348 228 354
223 348 228 348
120 408 120 429
120 429 122 429
148 414 148 415
148 414 163 414
180 413 180 419
178 413 180 413
169 414 169 424
168 414 169 414
211 422 211 432
210 422 211 422
222 419 222 432
221 432 222 432
224 435 224 436
221 435 224 435
198 419 198 422
189 419 198 419
131 487 131 493
130 487 131 487
158 475 158 479
158 479 159 479
148 481 148 484
148 484 154 484
190 447 190 457
190 447 198 447
181 457 181 469
181 457 190 457
197 479 197 482
187 479 197 479
205 481 205 482
202 482 205 482
226 472 226 481
205 481 226 481
249 419 249 423
244 423 249 423
275 437 275 440
269 440 275 440
259 455 259 457
259 455 261 455
306 428 306 443
302 443 306 443
302 463 302 466
300 466 302 466
329 275 329 280
329 275 333 275
328 280 328 293
328 280 329 280
348 275 348 276
348 276 350 276
350 293 350 305
347 305 350 305
347 323 347 324
347 324 355 324
397 266 397 276
388 266 397 266
401 276 401 289
397 276 401 276
376 265 376 266
365 265 376 265
420 302 420 304
401 302 420 302
424 304 424 319
420 304 424 304
465 298 465 301
465 301 469 301
463 284 463 295
463 295 465 295
355 360 355 372
355 372 360 372
360 380 360 386
359 386 360 386
359 386 359 389
358 389 359 389
359 394 359 400
359 400 365 400
358 391 358 394
358 394 359 394
365 400 365 417
365 417 368 417
396 389 396 398
396 398 397 398
397 410 397 421
380 421 397 421
339 463 339 474
339 474 341 474
350 472 350 474
346 474 350 474
380 458 380 469
378 469 380 469
379 472 379 483
378 472 379 472
368 428 368 431
368 431 369 431
462 385 462 390
462 390 473 390
452 407 452 410
449 410 452 410
478 419 478 422
477 419 478 419
482 422 482 424
478 422 482 422
429 460 429 470
429 470 430 470
448 478 448 485
448 485 451 485
442 470 442 478
442 478 448 478
493 446 493 452
493 446 497 446