347
10 0 10 3
82 0 82 2
6 3 10 3
19 3 25 3
72 4 82 4
86 4 87 4
57 6 60 6
52 6 52 7
84 10 86 10
57 11 67 11
1 12 1 15
98 10 98 12
0 15 1 15
49 17 53 17
19 18 20 18
6 18 6 20
61 22 61 26
44 23 44 24
81 23 82 23
99 24 99 27
25 28 25 31
91 27 91 29
75 32 77 32
99 27 99 34
28 34 28 36
42 34 42 37
37 34 37 39
80 39 81 39
18 39 18 40
82 41 87 41
82 42 83 42
22 44 22 45
24 46 26 46
52 47 52 48
82 45 82 47
24 51 29 51
44 52 49 52
72 52 74 52
11 54 11 57
23 57 28 57
70 57 72 57
84 56 84 57
23 58 24 58
59 59 59 65
81 61 81 63
46 65 49 65
13 67 16 67
49 70 51 70
71 71 75 71
27 72 27 73
99 64 99 72
58 73 58 74
58 74 60 74
67 76 68 76
16 77 17 77
51 77 51 78
82 79 84 79
88 79 90 79
53 80 55 80
84 79 84 80
72 83 72 84
23 86 25 86
59 87 59 88
88 87 89 87
84 88 84 90
14 89 15 89
57 88 57 89
97 90 100 90
35 91 35 93
37 92 37 93
47 92 48 92
77 91 77 92
37 93 40 93
97 90 97 93
50 94 53 94
50 94 50 95
33 94 33 96
2 100 6 100
22 94 22 100
90 98 90 100
10 3 19 3
19 3 19 7
19 7 19 18
3 18 6 18
17 18 19 18
17 18 17 21
6 18 17 18
17 30 17 31
13 31 17 31
17 31 18 31
18 31 24 31
24 31 25 31
18 31 18 39
17 21 17 30
52 1 52 6
57 6 57 7
52 6 57 6
57 7 57 11
46 13 49 13
49 13 49 17
49 13 56 13
49 17 49 24
47 24 49 24
44 24 47 24
49 28 56 28
61 26 61 27
61 26 66 26
49 24 49 28
39 34 40 34
40 34 42 34
43 31 43 33
43 33 46 33
43 25 43 31
37 34 39 34
82 2 82 4
86 4 86 10
86 10 86 12
86 10 89 10
85 13 85 21
82 4 86 4
89 10 98 10
74 32 75 32
82 23 82 30
85 21 85 23
82 36 84 36
81 36 82 36
82 30 82 36
79 36 81 36
81 36 81 39
82 41 82 42
91 27 96 27
96 27 97 27
97 27 99 27
74 35 78 35
82 23 85 23
74 32 74 35
28 34 37 34
23 54 23 56
24 46 24 51
24 51 24 52
19 54 23 54
23 56 23 57
23 57 23 58
21 61 21 62
23 58 23 59
11 54 19 54
16 72 16 76
34 73 39 73
3 79 3 83
16 76 16 77
16 76 22 76
16 67 16 72
39 61 39 65
39 65 39 71
39 71 39 73
39 73 39 74
39 74 39 77
51 77 53 77
27 73 34 73
8 83 14 83
3 83 3 87
3 83 8 83
6 98 6 100
14 89 14 93
14 94 22 94
25 86 25 91
25 91 25 94
35 93 37 93
25 94 33 94
22 94 25 94
14 93 14 94
14 83 14 89
52 48 54 48
49 52 49 61
49 61 49 65
72 61 72 63
49 65 51 65
51 70 51 74
51 74 51 77
41 77 51 77
53 77 57 77
58 74 58 75
39 77 41 77
51 65 59 65
53 81 53 88
51 88 53 88
48 88 51 88
48 88 48 92
53 88 57 88
59 88 62 88
57 88 59 88
53 80 53 81
74 45 82 45
74 45 74 48
79 55 83 55
74 55 79 55
74 48 74 52
84 56 86 56
74 52 74 55
79 63 81 63
73 63 79 63
72 63 73 63
72 57 72 61
66 65 71 65
71 65 71 70
71 70 71 71
59 65 66 65
91 51 91 52
91 52 91 56
94 64 99 64
94 62 94 64
86 56 91 56
68 76 68 80
70 84 72 84
73 91 77 91
88 79 88 82
84 79 88 79
88 87 88 90
87 90 88 90
84 90 87 90
83 90 84 90
88 90 97 90
77 91 80 91
87 90 87 97
87 98 90 98
87 97 87 98
88 82 88 87
73 90 73 91
51 65 51 70
53 77 53 80
82 42 82 45
51 0 51 1
51 1 52 1
99 1 99 10
98 10 99 10
44 13 44 15
44 13 46 13
48 33 48 34
46 33 48 33
11 31 11 35
11 31 13 31
90 35 90 36
84 36 90 36
73 35 73 37
73 35 74 35
71 44 71 45
71 45 74 45
1 46 1 47
1 47 4 47
59 46 59 48
54 48 59 48
94 47 94 51
91 51 94 51
38 59 38 61
38 61 39 61
82 63 82 67
81 63 82 63
2 69 2 79
2 79 3 79
89 68 89 71
89 68 91 68
36 77 36 78
36 77 39 77
27 85 27 86
25 86 27 86
2 86 2 87
2 87 3 87
46 87 46 88
46 88 48 88
70 91 70 92
70 91 73 91
63 88 63 95
62 88 63 88
86 98 86 99
86 98 87 98
1 15 1 18
1 18 3 18
25 31 25 34
25 34 28 34
57 11 57 13
56 13 57 13
43 24 43 25
43 24 44 24
66 26 66 27
66 27 69 27
56 27 56 28
56 27 61 27
42 33 42 34
42 33 43 33
86 12 86 13
85 13 86 13
69 27 69 32
69 32 74 32
78 35 78 36
78 36 79 36
90 23 90 24
85 23 90 23
81 39 81 41
81 41 82 41
91 24 91 27
90 24 91 24
4 47 4 54
4 54 11 54
22 45 22 46
22 46 24 46
24 52 24 54
23 54 24 54
23 59 23 61
21 61 23 61
21 62 21 67
16 67 21 67
14 77 14 83
14 77 16 77
22 73 22 76
22 73 27 73
7 94 7 96
7 94 14 94
6 96 6 98
6 96 7 96
35 93 35 94
33 94 35 94
52 48 52 52
49 52 52 52
71 63 71 65
71 63 72 63
58 75 58 77
57 77 58 77
50 92 50 94
48 92 50 92
72 55 72 57
72 55 74 55
84 55 84 56
83 55 84 55
93 64 93 66
93 64 94 64
94 56 94 62
91 56 94 56
91 66 91 68
91 66 93 66
70 80 70 84
68 80 70 80
73 84 73 90
72 84 73 84
83 90 83 91
80 91 83 91
68 71 68 76
68 71 71 71