421
26 0 26 1
82 0 91 0
28 1 28 2
18 3 19 3
47 3 47 4
82 8 83 8
19 4 19 10
47 11 48 11
58 12 59 12
97 12 97 15
58 12 58 13
93 14 93 15
78 17 78 18
48 18 48 19
40 21 41 21
91 21 92 21
92 21 93 21
91 23 92 23
68 18 68 24
37 26 41 26
41 26 42 26
13 28 14 28
96 29 96 32
2 27 2 31
93 31 93 32
22 32 22 35
97 32 99 32
18 33 18 35
47 33 48 33
58 34 58 36
77 34 77 42
58 36 59 36
68 38 70 38
6 39 6 40
65 41 68 41
21 42 21 43
46 40 46 42
68 42 68 43
97 43 98 43
77 42 77 44
24 43 24 45
43 40 43 45
8 47 10 47
72 48 74 48
93 48 97 48
97 48 99 48
68 51 68 52
74 54 74 56
99 58 100 58
17 59 17 65
74 59 75 59
87 60 88 60
1 61 3 61
35 62 41 62
2 63 3 63
58 64 61 64
84 64 87 64
99 64 100 64
12 66 12 67
47 67 47 69
93 66 93 67
47 70 50 70
23 68 23 72
55 75 55 77
83 75 83 78
56 76 56 77
92 76 92 78
1 77 8 77
18 78 25 78
92 79 99 79
44 80 46 80
7 82 8 82
63 82 64 82
8 84 12 84
44 87 45 87
84 87 84 88
92 88 100 88
8 89 11 89
28 89 29 89
55 89 60 89
74 90 74 91
4 91 4 92
24 89 24 91
1 94 3 94
8 92 8 96
81 91 81 96
33 93 33 97
59 98 60 98
0 99 3 99
42 96 42 99
53 96 53 99
97 99 99 99
3 99 3 100
88 99 88 100
97 99 97 100
6 1 6 4
3 4 3 11
3 4 6 4
13 1 16 1
16 1 19 1
19 1 26 1
26 1 28 1
19 1 19 3
19 3 19 4
6 1 13 1
13 22 13 27
5 27 13 27
2 27 5 27
13 27 13 28
13 34 13 35
18 35 22 35
13 28 13 34
10 40 13 40
6 40 10 40
10 40 10 44
10 44 10 46
10 46 10 47
13 35 13 40
23 23 25 23
29 25 29 30
15 35 18 35
13 35 15 35
23 35 29 35
29 30 29 35
31 35 35 35
21 43 24 43
24 43 29 43
35 40 35 41
29 35 31 35
22 35 23 35
3 61 3 63
5 65 10 65
10 65 12 65
12 65 17 65
12 65 12 66
17 65 21 65
23 68 26 68
22 68 23 68
10 47 10 56
10 56 10 65
48 5 51 5
38 4 47 4
37 4 38 4
51 5 56 5
41 17 41 18
43 18 48 18
41 18 43 18
41 21 41 24
41 24 41 26
48 5 48 9
48 11 48 13
48 13 48 18
41 18 41 21
48 9 48 11
56 7 56 9
56 9 56 12
56 12 58 12
63 10 67 10
68 17 76 17
56 9 61 9
68 17 68 18
56 5 56 7
82 0 82 8
93 15 97 15
83 17 92 17
81 17 83 17
76 17 78 17
81 9 81 17
78 17 81 17
92 17 92 21
92 21 92 23
61 18 68 18
43 40 45 40
35 35 35 40
35 40 39 40
50 29 56 29
48 33 48 39
48 39 53 39
45 40 46 40
39 40 43 40
53 39 55 39
55 39 55 44
48 39 48 40
46 40 48 40
35 41 35 47
62 51 68 51
41 59 41 62
41 62 41 63
44 68 44 69
41 69 44 69
44 69 45 69
45 69 47 69
47 69 47 70
47 70 47 73
41 69 41 71
44 65 44 68
56 57 57 57
61 51 61 53
56 57 56 58
58 57 58 63
58 63 58 64
52 57 56 57
68 38 68 41
68 41 68 42
68 42 71 42
71 42 72 42
72 42 72 48
72 42 77 42
72 48 72 51
61 51 62 51
68 51 72 51
72 56 74 56
72 51 72 56
71 56 72 56
74 56 74 57
74 57 74 59
86 32 91 32
83 33 83 36
93 32 96 32
91 32 93 32
96 32 97 32
97 32 97 43
97 46 97 48
97 48 97 55
97 43 97 46
87 60 87 62
87 62 87 64
90 66 93 66
90 66 90 68
90 68 90 70
99 57 99 58
99 58 99 62
99 62 99 64
99 64 99 66
96 66 99 66
93 66 96 66
74 57 78 57
57 57 58 57
56 27 56 29
31 41 35 41
14 77 18 77
8 77 14 77
8 77 8 82
8 84 8 87
8 87 8 89
4 92 7 92
7 92 8 92
8 89 8 92
3 94 3 99
18 77 18 78
18 78 18 83
23 86 23 87
24 88 24 89
28 89 28 92
24 89 28 89
8 82 8 84
38 80 44 80
44 75 44 80
44 80 44 83
44 87 44 89
37 93 41 93
41 90 41 93
41 93 41 94
44 83 44 87
33 93 37 93
58 77 58 81
56 77 58 77
55 77 56 77
60 82 63 82
60 84 60 89
60 82 60 84
63 91 71 91
60 89 60 91
60 91 63 91
53 95 53 96
42 96 49 96
59 95 59 98
53 95 59 95
78 78 79 78
92 78 92 79
88 78 92 78
83 78 88 78
79 78 83 78
92 79 92 86
81 89 81 91
71 91 74 91
74 91 76 91
76 91 81 91
84 88 87 88
87 88 92 88
92 86 92 88
87 88 87 94
88 99 97 99
71 91 71 94
49 96 53 96
31 0 31 1
28 1 31 1
59 1 59 5
56 5 59 5
35 3 35 4
35 4 37 4
7 4 7 6
6 4 7 4
40 16 40 17
40 17 41 17
21 18 21 23
21 23 23 23
36 31 36 35
35 35 36 35
67 33 67 38
67 38 68 38
81 36 81 39
81 36 83 36
2 42 2 43
2 42 5 42
19 43 19 45
19 43 21 43
34 47 34 49
34 47 35 47
65 56 65 57
65 56 71 56
55 58 55 59
55 58 56 58
4 60 4 61
3 61 4 61
29 65 29 68
26 68 29 68
91 70 91 71
90 70 91 70
100 66 100 71
99 66 100 66
36 71 36 72
36 71 41 71
68 70 68 72
68 70 71 70
77 75 77 78
77 78 78 78
54 77 54 78
54 77 55 77
36 80 36 82
36 80 38 80
68 94 68 96
68 94 71 94
8 18 8 22
8 22 13 22
5 40 5 42
5 40 6 40
25 23 25 25
25 25 29 25
29 41 29 43
29 41 31 41
3 11 3 18
3 18 8 18
3 63 3 65
3 65 5 65
22 65 22 68
21 65 22 65
47 4 47 5
47 5 48 5
61 9 61 10
61 10 63 10
67 10 67 17
67 17 68 17
59 24 59 27
56 27 59 27
61 18 61 24
59 24 61 24
82 8 82 9
81 9 82 9
93 15 93 17
92 17 93 17
50 29 50 33
48 33 50 33
58 36 58 39
55 39 58 39
55 44 55 48
55 48 59 48
59 48 59 51
59 51 61 51
49 58 49 59
41 59 49 59
41 63 41 65
41 65 44 65
52 57 52 58
49 58 52 58
61 53 61 57
58 57 61 57
73 59 73 61
73 59 74 59
71 61 71 70
71 61 73 61
83 32 83 33
83 32 86 32
87 57 87 60
78 57 87 57
90 64 90 66
87 64 90 64
97 55 97 57
97 57 99 57
3 92 3 94
3 92 4 92
23 87 23 88
23 88 24 88
28 92 28 93
28 93 33 93
18 83 18 86
18 86 23 86
44 73 44 75
44 73 47 73
41 89 41 90
41 89 44 89
42 94 42 96
41 94 42 94
58 81 58 82
58 82 60 82
60 91 60 95
59 95 60 95
88 94 88 99
87 94 88 94
84 88 84 89
81 89 84 89