3227
6 0 6 1
7 0 7 1
30 0 30 1
67 0 67 1
71 0 71 1
71 1 70 1
87 0 87 6
104 0 104 1
166 0 166 3
166 3 164 3
4 1 6 1
23 1 23 7
37 1 36 1
46 1 46 2
55 1 55 2
55 2 58 2
102 1 104 1
137 1 137 3
176 1 176 3
76 2 76 4
120 2 120 6
120 6 121 6
133 2 133 5
133 5 132 5
139 2 139 3
181 2 181 4
188 2 188 4
28 3 28 1
28 1 30 1
47 3 46 3
62 3 62 2
147 3 146 3
156 3 156 4
156 4 155 4
68 4 70 4
78 4 76 4
136 4 136 3
136 3 137 3
172 4 172 5
4 5 5 5
39 5 39 4
45 5 46 5
109 5 108 5
194 5 194 6
6 6 5 6
19 6 19 7
84 6 85 6
91 6 89 6
148 6 148 7
186 6 186 5
200 6 199 6
12 7 12 3
12 3 11 3
34 7 36 7
89 7 89 6
105 7 105 6
144 7 145 7
163 7 162 7
177 7 178 7
77 8 77 9
77 9 76 9
172 9 172 5
55 10 58 10
113 10 113 6
113 6 108 6
118 10 121 10
155 10 155 9
182 10 182 5
3 11 5 11
64 11 64 14
83 11 85 11
151 11 152 11
14 12 14 13
14 13 11 13
31 12 31 11
88 12 85 12
71 13 73 13
123 13 121 13
146 13 145 13
152 13 152 11
171 13 171 14
171 14 170 14
199 13 199 6
29 14 29 20
48 14 46 14
79 14 79 13
1 15 4 15
75 15 76 15
84 15 85 15
99 15 97 15
135 15 135 11
160 15 162 15
93 16 93 15
93 15 95 15
141 16 141 17
169 16 169 15
3 17 3 16
3 16 4 16
50 17 46 17
110 17 110 19
119 17 119 16
119 16 121 16
167 17 167 15
9 18 9 17
9 17 11 17
24 18 22 18
45 18 45 17
64 18 63 18
74 18 76 18
193 18 195 18
81 19 79 19
96 19 97 19
199 19 195 19
104 20 104 19
111 20 110 20
159 20 159 21
159 21 155 21
180 20 180 22
28 21 28 20
28 20 29 20
129 21 130 21
136 21 139 21
171 21 169 21
33 22 33 21
87 22 87 15
125 22 125 27
129 22 130 22
166 22 169 22
196 22 195 22
110 23 110 20
0 24 0 26
16 24 15 24
62 24 62 21
62 21 63 21
79 24 78 24
93 24 93 23
186 24 188 24
117 25 117 27
178 25 180 25
200 25 198 25
12 26 12 27
12 27 13 27
51 26 48 26
106 26 105 26
119 26 119 27
133 26 133 27
137 26 139 26
173 26 173 28
173 28 172 28
29 27 29 28
109 27 109 28
139 27 139 26
180 27 180 26
194 27 194 25
194 25 195 25
198 27 198 25
42 28 42 27
87 28 87 29
87 29 90 29
119 28 119 27
135 28 135 27
149 28 150 28
182 28 185 28
46 29 48 29
53 29 55 29
58 29 55 29
65 29 65 34
129 29 131 29
172 29 172 28
27 30 29 30
190 30 190 31
17 31 17 30
81 31 80 31
157 31 157 33
157 33 155 33
178 31 178 32
78 32 78 33
78 33 79 33
84 32 80 32
93 32 93 30
134 32 131 32
137 32 137 33
196 32 196 34
196 34 198 34
50 33 49 33
124 33 123 33
136 33 137 33
70 34 66 34
84 34 84 35
106 34 105 34
131 34 131 32
62 35 62 34
33 36 33 37
51 36 49 36
152 36 152 35
200 36 199 36
24 37 24 32
24 32 20 32
28 37 29 37
46 37 46 36
46 36 49 36
118 37 123 37
145 37 145 38
71 38 71 39
71 39 72 39
91 38 90 38
97 38 97 36
101 38 101 36
115 38 113 38
186 38 186 37
89 39 89 38
89 38 90 38
2 40 2 44
2 44 3 44
44 40 44 43
44 43 41 43
53 40 55 40
149 40 149 38
194 40 194 36
19 41 19 42
23 41 23 42
23 42 21 42
107 41 107 43
135 41 135 46
138 41 138 43
178 41 173 41
198 41 199 41
200 41 199 41
16 42 19 42
66 42 66 40
156 42 157 42
30 43 30 45
30 45 28 45
100 43 102 43
131 43 131 45
131 45 130 45
158 43 157 43
170 43 171 43
189 43 189 37
70 44 70 40
85 44 89 44
90 44 89 44
148 44 146 44
10 45 5 45
27 45 28 45
138 45 138 43
153 45 153 44
153 44 157 44
75 46 75 47
75 47 74 47
146 46 146 44
16 47 21 47
47 47 47 48
71 47 71 48
71 48 68 48
93 47 93 50
45 48 47 48
48 48 47 48
54 48 55 48
80 48 80 49
102 48 102 43
119 48 119 47
130 48 130 47
186 48 186 50
186 50 188 50
24 49 24 48
24 48 23 48
30 49 28 49
58 49 59 49
60 49 59 49
65 49 65 48
90 49 89 49
135 49 135 47
7 50 5 50
68 50 68 49
82 50 82 49
125 50 124 50
149 50 149 51
157 50 157 52
157 52 159 52
192 50 189 50
86 51 86 49
115 51 117 51
148 51 149 51
181 51 181 54
181 54 179 54
44 52 43 52
51 52 50 52
78 52 78 49
124 52 124 50
48 53 48 52
59 53 59 49
74 53 74 51
171 53 174 53
20 54 23 54
136 54 136 57
136 57 138 57
150 54 149 54
165 54 165 55
198 54 198 55
198 55 196 55
24 55 23 55
69 55 69 58
74 55 74 57
110 55 109 55
119 55 119 58
119 58 124 58
141 55 141 57
148 55 149 55
153 55 153 56
0 56 1 56
84 56 86 56
87 56 86 56
7 57 7 56
7 56 5 56
94 57 108 57
188 57 189 57
138 58 138 57
199 58 199 57
199 57 196 57
24 59 23 59
73 59 73 58
20 60 20 61
38 60 38 61
38 61 40 61
56 60 58 60
62 60 58 60
66 60 67 60
107 60 108 60
170 60 171 60
6 61 6 62
32 61 32 64
59 61 58 61
125 61 124 61
146 61 146 60
164 61 164 58
190 61 190 62
102 62 102 65
115 62 115 63
115 63 114 63
156 62 156 59
180 62 180 60
10 63 10 62
16 63 16 61
25 63 25 64
138 64 139 64
186 64 186 63
186 63 188 63
6 65 6 64
6 64 5 64
22 65 22 64
22 64 23 64
79 65 81 65
91 65 91 67
91 67 87 67
97 65 97 67
26 66 25 66
31 66 32 66
56 66 58 66
139 66 139 65
144 66 144 65
96 67 97 67
135 67 135 68
1 68 1 64
23 68 25 68
32 68 32 66
39 68 39 66
39 66 40 66
59 68 58 68
99 68 99 67
159 68 159 61
199 68 199 73
135 69 135 68
9 70 9 73
9 73 7 73
14 70 14 72
20 71 20 72
113 71 112 71
131 71 131 68
163 71 163 74
170 71 171 71
41 72 41 73
61 72 61 71
77 72 77 71
105 72 105 71
110 72 110 71
123 72 122 72
138 72 141 72
155 72 153 72
3 73 7 73
26 73 26 72
26 72 24 72
43 73 41 73
50 73 50 76
50 76 48 76
89 73 86 73
121 73 122 73
200 73 199 73
84 74 85 74
186 74 186 73
8 75 7 75
39 75 40 75
103 75 103 77
103 77 104 77
111 75 111 82
162 75 163 75
54 76 54 75
80 76 79 76
123 76 122 76
36 77 40 77
141 77 142 77
170 77 171 77
195 77 196 77
50 78 49 78
93 78 93 80
93 80 95 80
132 78 132 82
174 78 174 79
179 78 179 80
11 79 11 81
155 79 151 79
160 79 160 80
87 80 85 80
200 80 200 79
200 79 196 79
76 81 76 84
137 81 137 82
137 82 138 82
3 82 5 82
25 82 27 82
31 82 31 91
78 82 78 81
78 81 79 81
134 82 132 82
180 82 179 82
28 83 28 82
28 82 27 82
60 83 62 83
113 83 113 82
130 83 130 82
5 84 5 82
15 84 15 81
20 84 20 82
108 84 107 84
149 84 150 84
157 84 157 83
191 84 191 86
200 84 200 90
200 90 198 90
54 85 62 85
91 85 91 82
134 85 134 87
134 87 131 87
137 85 138 85
141 85 141 83
149 85 150 85
166 85 163 85
178 85 179 85
118 86 118 82
118 82 117 82
10 87 9 87
65 87 65 86
65 86 67 86
73 87 73 86
160 87 160 85
164 87 163 87
98 88 95 88
140 88 138 88
27 89 27 91
136 89 136 88
136 88 138 88
163 89 163 87
174 89 174 90
174 90 173 90
16 90 16 91
16 91 17 91
24 90 24 91
24 91 25 91
51 90 50 90
66 90 66 94
79 90 78 90
128 90 128 88
184 90 183 90
85 91 85 90
104 91 107 91
146 91 145 91
170 91 173 91
183 91 183 90
197 91 197 90
54 92 54 93
54 93 56 93
72 92 72 94
160 92 160 93
160 93 159 93
194 92 194 90
20 93 18 93
113 93 113 95
119 93 119 94
125 93 122 93
132 93 132 97
68 94 66 94
86 94 86 95
86 95 85 95
140 94 145 94
44 95 44 96
54 95 56 95
118 95 119 95
164 95 159 95
3 96 4 96
40 96 44 96
81 96 81 95
91 96 91 97
190 96 190 98
7 97 4 97
155 97 157 97
0 98 0 99
68 98 68 97
105 98 105 100
105 100 104 100
121 98 122 98
187 98 190 98
137 99 137 100
143 99 143 100
170 99 172 99
103 100 104 100
185 100 185 104
0 101 0 100
194 101 194 102
62 102 64 102
84 102 84 101
198 102 196 102
38 103 40 103
73 103 73 102
94 103 95 103
169 103 169 104
8 104 8 102
21 104 21 103
21 103 19 103
28 104 28 100
66 104 64 104
100 104 100 103
105 104 105 103
105 103 104 103
112 104 113 104
114 104 113 104
127 104 127 103
127 103 132 103
33 105 33 103
51 105 51 103
62 105 62 104
62 104 64 104
147 105 147 104
147 104 149 104
3 106 3 107
26 107 26 109
62 107 62 116
80 107 81 107
99 107 99 110
109 107 109 108
116 107 116 110
127 107 127 110
162 107 160 107
186 107 186 104
196 107 196 104
0 108 0 107
0 107 1 107
39 108 40 108
59 108 58 108
101 108 101 110
142 108 142 106
142 106 140 106
156 108 156 107
156 107 160 107
24 109 26 109
58 109 58 108
74 109 74 111
124 109 124 110
32 110 32 111
77 110 77 111
77 111 78 111
87 110 87 109
87 109 86 109
95 110 99 110
102 110 101 110
162 110 162 111
194 110 194 113
75 111 74 111
150 111 150 114
171 111 171 112
171 112 168 112
188 111 188 113
15 112 15 113
144 112 144 115
156 112 156 111
156 111 159 111
35 113 35 111
35 111 34 111
50 113 50 115
50 115 49 115
55 113 54 113
17 114 17 115
44 114 44 116
44 116 46 116
68 114 71 114
101 114 100 114
138 114 138 118
151 114 150 114
175 114 175 112
199 114 199 113
199 113 198 113
58 115 58 117
193 115 194 115
0 116 4 116
63 116 62 116
84 116 85 116
105 116 108 116
122 116 122 115
122 115 123 115
154 116 154 121
162 116 161 116
31 117 29 117
67 117 67 118
113 117 112 117
130 117 130 116
166 117 167 117
12 118 10 118
77 118 78 118
88 118 88 116
108 118 108 116
136 118 138 118
4 119 4 116
8 119 10 119
24 119 24 118
24 118 26 118
56 119 56 117
65 119 64 119
75 120 71 120
17 121 17 120
30 121 29 121
42 121 42 120
47 121 47 120
47 120 46 120
82 121 82 120
82 120 79 120
110 121 114 121
117 121 117 123
184 121 184 122
200 121 200 122
63 122 64 122
94 122 97 122
122 122 128 122
147 122 142 122
26 123 29 123
64 123 64 122
101 123 99 123
179 123 179 122
179 122 180 122
2 124 2 125
47 124 48 124
12 125 10 125
29 125 29 124
92 125 92 127
98 125 99 125
106 125 106 127
140 125 140 126
152 125 152 128
169 125 169 126
169 126 167 126
194 125 195 125
130 126 130 127
200 126 200 122
41 127 41 125
76 127 75 127
91 127 92 127
104 127 104 128
124 127 125 127
131 127 130 127
83 128 83 131
118 128 114 128
128 128 128 127
163 128 163 129
171 128 167 128
67 129 67 127
67 127 68 127
95 129 97 129
0 130 2 130
28 130 27 130
44 130 44 129
44 129 45 129
180 130 180 133
19 131 19 132
19 132 25 132
74 131 75 131
87 131 87 132
102 131 102 128
167 132 167 131
116 133 116 134
122 133 123 133
137 133 137 131
181 133 180 133
129 134 129 138
129 138 132 138
151 134 151 131
195 134 197 134
26 135 25 135
68 135 68 139
68 139 65 139
102 135 100 135
154 135 157 135
160 135 157 135
164 135 164 129
56 136 56 138
56 138 55 138
75 136 75 137
75 137 74 137
78 136 83 136
110 136 110 135
110 135 111 135
178 136 180 136
84 137 84 136
84 136 83 136
100 137 100 135
45 138 46 138
144 138 144 135
144 135 140 135
55 139 55 138
63 139 65 139
91 139 91 138
91 138 92 138
147 139 148 139
156 139 157 139
167 139 167 140
7 140 8 140
14 140 8 140
18 140 23 140
86 140 88 140
95 140 96 140
148 140 148 139
197 140 197 137
64 141 65 141
96 141 96 140
98 141 98 140
98 140 97 140
124 141 123 141
134 141 132 141
160 141 160 140
178 141 178 140
31 142 26 142
105 142 105 143
105 143 109 143
122 142 123 142
166 142 166 140
193 142 192 142
112 143 109 143
40 144 41 144
3 145 3 146
72 145 72 143
91 145 91 146
108 145 109 145
122 145 123 145
128 145 128 146
140 145 140 148
180 145 180 146
180 146 179 146
200 145 195 145
12 146 7 146
42 146 41 146
57 146 57 147
100 146 100 148
100 148 97 148
150 146 150 151
159 146 159 148
21 147 26 147
0 148 1 148
28 148 26 148
39 148 41 148
55 148 55 147
158 148 159 148
189 148 189 151
1 149 1 148
78 149 78 151
132 149 131 149
45 150 41 150
51 150 53 150
69 150 69 148
69 148 66 148
82 150 82 151
4 151 3 151
41 151 41 150
84 151 83 151
127 151 127 152
127 152 128 152
144 151 143 151
149 151 150 151
151 151 150 151
114 152 114 153
133 152 131 152
167 152 167 155
13 153 13 154
85 153 83 153
189 153 189 152
14 154 13 154
77 154 78 154
180 154 180 153
196 154 195 154
0 155 3 155
27 155 26 155
70 155 70 157
96 155 97 155
140 155 141 155
146 155 146 154
29 156 29 159
73 156 73 157
73 157 72 157
99 156 98 156
106 156 106 153
106 153 109 153
162 156 160 156
138 157 139 157
167 157 167 155
175 157 175 155
5 158 5 157
18 158 18 156
85 158 85 157
134 158 129 158
161 158 158 158
11 159 11 157
60 159 60 158
60 158 59 158
91 159 91 157
101 159 98 159
192 159 192 158
3 160 3 157
24 160 24 159
24 159 25 159
53 160 52 160
127 160 127 158
154 160 155 160
172 160 172 158
172 158 171 158
187 160 184 160
29 161 29 159
69 161 69 157
82 161 82 158
145 161 140 161
158 161 158 160
184 161 184 160
38 162 38 157
38 157 41 157
50 162 52 162
97 162 97 161
97 161 98 161
136 162 136 161
136 161 139 161
150 162 155 162
200 162 200 159
200 159 198 159
119 163 120 163
13 164 9 164
27 164 26 164
48 164 48 165
89 164 89 165
126 164 126 167
0 165 1 165
49 165 48 165
72 165 71 165
107 165 107 169
177 165 177 166
191 165 191 169
191 169 190 169
200 165 200 167
200 167 198 167
84 166 84 165
84 165 87 165
112 166 112 169
156 166 155 166
176 166 177 166
56 167 55 167
95 167 94 167
145 167 145 171
185 167 185 168
163 168 162 168
36 169 34 169
49 169 49 167
49 167 48 167
159 170 159 169
159 169 160 169
167 170 167 171
200 170 198 170
136 171 145 171
180 171 180 170
70 172 71 172
115 172 115 169
127 172 126 172
26 173 23 173
58 173 58 172
88 173 88 172
88 172 89 172
107 173 110 173
70 174 71 174
75 174 75 176
114 174 110 174
118 174 118 177
150 175 150 176
150 176 149 176
155 175 155 176
170 175 170 174
172 175 172 177
172 177 175 177
25 176 23 176
60 176 61 176
76 176 75 176
94 176 94 177
124 176 124 177
190 176 191 176
36 177 35 177
73 177 73 176
79 177 79 178
79 178 80 178
101 177 99 177
117 177 118 177
139 177 141 177
2 178 2 179
35 178 35 177
46 178 46 176
63 178 62 178
110 178 110 174
157 178 158 178
167 178 167 176
167 176 166 176
186 178 187 178
1 179 2 179
14 179 13 179
19 179 21 179
154 179 154 176
192 179 191 179
13 180 13 179
88 180 88 179
164 180 160 180
5 181 5 179
81 181 80 181
121 181 122 181
198 181 198 175
198 175 197 175
43 182 51 182
93 182 96 182
115 182 115 185
176 182 179 182
192 182 191 182
27 183 27 184
54 183 54 184
58 183 58 184
58 184 60 184
71 183 71 186
127 183 127 184
127 184 126 184
137 183 141 183
153 183 150 183
66 184 66 186
66 186 68 186
80 184 78 184
99 184 99 179
119 184 119 185
28 185 28 184
112 185 112 186
133 185 133 188
173 185 173 186
1 186 1 190
76 186 75 186
106 186 112 186
121 186 121 185
143 186 142 186
177 186 176 186
48 187 49 187
68 187 68 186
146 187 147 187
4 188 4 190
14 188 14 190
14 190 12 190
61 188 61 187
61 187 60 187
125 188 127 188
156 188 152 188
175 188 176 188
188 188 188 187
7 189 7 190
25 189 23 189
72 189 73 189
75 189 74 189
100 189 99 189
179 189 179 190
20 190 21 190
134 190 134 188
134 188 133 188
138 190 140 190
160 190 160 187
12 191 12 190
32 191 32 189
32 189 34 189
51 191 50 191
116 191 115 191
47 192 47 193
150 192 150 195
200 192 200 190
56 193 58 193
192 193 191 193
67 194 68 194
74 194 73 194
80 194 80 196
96 194 98 194
0 195 0 190
0 190 1 190
7 195 6 195
31 195 35 195
62 195 62 193
105 195 109 195
133 195 128 195
19 196 21 196
48 196 48 195
95 196 98 196
111 196 110 196
145 196 145 197
155 196 155 195
173 196 173 197
173 197 174 197
5 197 6 197
58 197 58 193
110 197 110 196
121 197 121 196
163 197 163 196
163 196 166 196
127 198 127 197
127 197 126 197
181 198 181 197
188 198 189 198
45 199 43 199
52 199 51 199
82 199 82 197
99 199 99 198
99 198 98 198
10 200 10 197
10 197 6 197
35 200 35 199
71 200 71 196
71 196 72 196
137 200 137 198
137 198 139 198
146 200 146 199
146 199 145 199
183 200 183 197
189 200 189 198
6 1 7 1
7 1 7 2
7 2 7 3
7 3 7 5
7 5 5 5
11 3 7 3
5 6 5 9
5 5 5 6
5 9 5 11
7 13 8 13
5 14 5 13
4 15 4 14
4 14 5 14
4 16 4 15
8 13 10 13
11 13 11 17
10 13 11 13
16 17 19 17
5 11 5 13
5 13 7 13
23 7 23 8
23 8 25 8
22 7 23 7
19 7 22 7
19 9 19 7
19 17 19 9
22 17 19 17
22 18 22 17
11 17 16 17
0 26 1 26
1 26 1 30
1 30 2 30
2 30 9 30
15 24 15 27
13 27 15 27
15 27 15 30
15 30 17 30
9 30 15 30
20 29 20 21
20 21 22 21
19 30 20 30
20 32 20 30
20 30 20 29
17 30 19 30
22 21 22 18
36 1 36 4
34 1 36 1
30 1 34 1
39 4 36 4
36 4 36 7
36 7 36 8
36 11 36 13
36 13 38 13
36 8 36 11
27 11 31 11
31 11 36 11
29 20 31 20
31 20 31 21
31 21 33 21
38 14 38 16
38 16 39 16
39 16 39 17
39 17 41 17
44 17 45 17
41 17 44 17
40 20 40 18
40 18 41 18
40 21 40 20
38 21 40 21
33 21 38 21
38 13 38 14
46 2 46 3
46 3 46 5
46 5 46 6
46 6 52 6
46 7 46 6
46 15 46 14
45 17 46 17
46 17 46 15
46 14 46 7
41 18 41 17
29 28 31 28
31 28 31 27
31 27 37 27
29 30 29 28
29 37 29 30
32 37 29 37
33 37 32 37
48 26 48 25
48 25 46 25
42 25 42 24
42 24 42 21
42 21 40 21
46 25 42 25
48 29 48 26
48 30 48 29
49 35 49 33
49 36 49 35
49 33 49 30
49 30 48 30
37 27 42 27
42 27 42 25
25 8 25 11
25 11 27 11
3 44 3 45
3 45 5 45
5 45 5 48
5 48 5 49
5 49 5 50
5 50 5 56
2 56 1 56
1 56 1 59
13 60 15 60
8 62 10 62
6 62 8 62
5 63 5 62
5 62 6 62
5 64 5 63
4 64 5 64
1 59 1 64
1 64 4 64
5 56 2 56
19 42 21 42
21 42 21 45
21 45 21 47
21 47 21 48
21 48 21 50
23 48 21 48
26 52 28 52
28 52 28 53
28 53 29 53
23 54 23 52
21 50 21 52
21 52 23 52
28 45 28 49
28 49 28 52
23 52 26 52
29 53 34 53
23 55 23 54
15 60 15 61
15 61 16 61
23 59 23 57
17 61 20 61
20 61 23 61
23 61 23 59
25 64 23 64
23 64 23 61
25 66 25 64
25 68 25 66
16 61 17 61
32 64 30 64
32 66 32 64
30 64 25 64
23 57 23 55
10 62 10 60
10 60 13 60
35 40 35 39
36 44 36 40
36 40 35 40
41 48 39 48
41 43 41 47
41 47 41 48
39 48 36 48
47 48 47 51
43 52 43 51
41 50 41 48
43 51 43 50
43 50 41 50
45 51 43 51
47 51 45 51
50 52 48 52
48 52 48 51
48 51 47 51
36 48 36 44
45 60 45 54
45 54 50 54
40 61 44 61
44 61 44 60
44 60 45 60
44 64 44 61
44 65 44 64
40 66 40 65
40 65 44 65
50 54 50 52
34 53 34 48
34 48 36 48
7 73 7 75
7 75 7 76
7 76 7 77
11 81 12 81
9 81 11 81
7 77 7 81
7 81 9 81
7 82 7 81
8 84 8 82
8 82 7 82
9 84 8 84
5 82 7 82
24 70 24 69
24 69 25 69
14 72 15 72
15 72 20 72
20 72 23 72
23 72 24 72
24 72 24 70
18 77 18 76
18 76 14 76
23 78 20 78
20 78 20 77
20 77 18 77
17 81 20 81
12 81 15 81
20 82 20 81
27 78 23 78
27 82 27 78
20 81 20 78
14 76 14 72
15 81 17 81
2 99 4 99
0 100 0 99
4 91 4 87
4 87 9 87
4 93 4 91
4 96 4 93
4 97 4 96
4 100 4 99
9 102 8 102
8 102 5 102
5 102 5 100
5 100 4 100
4 99 4 97
0 99 2 99
17 91 17 93
17 93 18 93
18 93 18 96
23 96 18 96
18 98 18 100
19 100 18 100
19 103 19 100
18 100 12 100
29 91 27 91
26 91 25 91
25 91 25 93
25 93 25 96
25 96 24 96
24 96 23 96
28 100 28 96
28 96 25 96
18 96 18 98
12 100 12 102
12 102 9 102
9 87 9 84
41 73 40 73
40 73 40 75
40 75 40 77
40 77 42 77
46 77 42 77
48 76 48 77
42 77 42 79
49 78 49 77
49 77 48 77
48 77 46 77
27 91 26 91
35 92 32 92
31 91 29 91
31 98 31 93
31 93 32 93
31 99 31 98
33 103 33 99
33 99 31 99
42 79 42 83
40 85 40 88
40 88 38 88
38 88 38 92
38 92 35 92
50 86 50 83
50 90 50 86
50 91 50 90
50 83 42 83
44 96 44 98
49 97 49 94
49 94 50 94
44 98 45 98
45 98 47 98
47 98 47 97
47 97 49 97
40 103 40 102
40 102 45 102
48 102 45 102
45 101 45 98
45 102 45 101
50 94 50 91
51 103 51 102
51 102 48 102
32 93 32 92
42 83 42 85
42 85 40 85
32 92 32 91
32 91 31 91
25 69 25 68
35 39 35 37
35 37 33 37
60 2 62 2
58 2 60 2
60 5 60 2
52 6 58 6
58 7 58 6
64 14 64 16
64 16 63 16
61 16 61 13
61 13 58 13
58 13 58 10
58 10 58 7
63 16 61 16
63 18 63 16
63 21 63 18
67 1 70 1
70 1 70 4
70 4 72 4
76 4 73 4
73 4 72 4
72 4 72 6
76 9 76 10
73 9 76 9
76 10 76 13
73 13 76 13
79 13 76 13
81 13 79 13
76 13 76 15
76 18 76 19
79 19 76 19
76 19 76 24
76 24 78 24
78 24 78 25
76 15 76 18
72 6 72 9
72 9 73 9
85 6 85 10
89 6 87 6
87 6 85 6
85 10 85 11
85 11 85 12
85 14 85 13
85 15 85 14
87 15 85 15
85 12 85 13
85 13 81 13
62 2 62 1
62 1 67 1
55 29 55 33
55 33 55 34
58 34 62 34
55 34 58 34
55 40 55 34
56 44 56 41
58 44 56 44
56 41 56 40
56 40 55 40
66 34 66 39
65 34 66 34
66 39 66 40
72 40 77 40
66 40 67 40
67 40 70 40
77 40 80 40
62 34 65 34
59 47 58 47
58 46 58 44
57 47 58 47
55 48 55 47
55 47 57 47
61 48 59 48
59 48 59 47
59 49 59 48
68 48 65 48
65 48 64 48
64 48 61 48
68 49 68 48
58 47 58 46
79 28 79 31
79 31 80 31
80 31 80 32
80 32 80 33
79 33 79 35
80 33 79 33
79 35 79 36
81 36 82 36
80 36 81 36
86 35 90 35
82 36 82 35
82 35 84 35
70 40 72 40
79 36 80 36
92 29 93 29
84 35 86 35
90 38 90 35
90 29 92 29
74 47 74 49
75 49 77 49
74 51 74 49
77 43 77 40
77 46 77 43
77 49 77 46
80 49 79 49
79 49 78 49
74 49 75 49
78 49 77 49
89 44 89 48
89 48 89 49
82 49 80 49
86 49 82 49
89 49 86 49
72 39 72 40
80 40 80 36
78 25 78 28
78 28 79 28
104 1 108 1
108 1 108 5
108 5 108 6
108 6 105 6
105 6 98 6
98 6 95 6
95 6 95 13
97 15 97 18
95 13 95 15
97 18 97 19
97 19 98 19
104 19 98 19
93 23 98 23
98 24 98 26
98 26 101 26
98 19 98 23
107 19 104 19
110 19 107 19
110 20 110 19
98 23 98 24
95 15 97 15
93 29 93 30
96 30 96 35
96 35 97 35
93 30 96 30
100 35 100 36
100 36 101 36
97 36 97 35
101 26 105 26
105 29 108 29
105 33 105 29
97 35 100 35
102 36 103 36
103 36 103 34
103 34 105 34
105 34 105 33
109 28 110 28
110 28 112 28
116 27 116 28
116 28 112 28
112 29 112 33
112 33 113 33
113 35 113 36
113 36 113 38
113 38 113 39
113 33 113 35
108 29 108 28
108 28 109 28
101 36 102 36
105 26 105 29
121 6 121 8
127 8 130 8
130 8 130 11
130 11 130 14
121 16 121 13
132 5 132 8
132 8 130 8
121 8 127 8
121 10 121 8
135 11 130 11
130 14 130 18
121 13 121 10
117 27 116 27
118 27 117 27
125 27 121 27
119 27 118 27
121 27 119 27
121 30 121 27
123 34 123 33
123 37 123 34
123 33 123 30
123 30 121 30
130 18 130 21
130 21 130 22
130 27 126 27
135 27 133 27
132 27 130 27
132 28 132 27
131 29 131 28
131 28 132 28
131 31 131 29
131 32 131 31
130 22 130 27
126 27 125 27
133 27 132 27
112 28 112 29
93 50 95 50
95 50 95 53
95 53 98 53
113 39 113 42
102 43 107 43
113 42 113 43
113 43 110 43
110 44 110 47
110 47 110 50
105 53 109 53
104 53 105 53
110 50 110 53
110 53 109 53
98 53 104 53
117 42 113 42
119 47 117 47
117 47 117 42
117 51 117 47
123 46 123 47
123 47 119 47
124 50 124 47
124 47 123 47
130 45 130 46
130 46 128 46
135 46 135 47
128 46 123 46
133 47 130 47
135 47 133 47
130 47 130 46
107 43 110 43
110 43 110 44
90 35 90 29
58 60 58 61
58 61 58 62
58 62 58 64
58 64 58 66
61 69 63 69
61 70 61 69
60 70 61 70
58 66 58 68
61 71 61 70
57 74 57 70
57 70 58 70
58 68 58 70
58 70 60 70
54 75 54 74
54 74 57 74
74 57 74 58
74 58 73 58
73 58 71 58
71 58 69 58
69 58 67 58
67 58 67 60
67 60 67 65
68 66 68 69
68 69 68 70
68 70 68 73
72 71 77 71
68 73 70 73
70 73 70 71
70 71 72 71
67 65 67 66
67 66 68 66
63 69 68 69
67 81 67 77
67 77 68 77
62 84 62 83
62 85 62 84
68 77 68 73
64 82 64 81
64 81 65 81
67 82 67 81
67 86 67 82
62 83 62 82
62 82 64 82
76 84 76 86
75 86 73 86
76 86 75 86
73 86 67 86
65 81 67 81
86 56 86 57
86 57 86 58
86 58 86 60
86 60 83 60
81 63 81 65
81 65 83 65
78 70 78 69
78 69 80 69
83 67 83 69
87 67 87 69
87 69 86 69
83 69 86 69
80 69 83 69
86 72 86 73
86 73 86 74
86 74 85 74
86 69 86 72
83 65 83 67
83 60 83 63
83 63 81 63
79 76 79 78
79 78 79 81
85 80 85 81
85 79 85 80
85 81 85 82
80 81 85 81
85 83 85 82
79 81 80 81
92 82 95 82
85 82 91 82
85 74 85 79
77 71 77 70
77 70 78 70
56 93 56 95
56 95 56 97
56 97 59 97
59 97 61 97
66 94 66 97
61 97 64 97
66 97 68 97
64 97 66 97
64 100 64 97
64 104 64 102
64 102 64 100
74 94 77 94
72 94 74 94
70 95 70 94
70 94 72 94
70 97 70 95
70 98 70 97
70 99 70 98
78 90 78 94
78 94 80 94
80 94 80 95
80 95 81 95
77 94 78 94
76 102 75 102
75 102 73 102
73 102 73 99
73 99 70 99
68 97 70 97
85 90 85 88
87 90 85 90
83 95 85 95
81 95 83 95
85 98 85 100
88 100 89 100
84 101 84 100
84 100 85 100
91 97 89 97
89 93 89 90
89 90 87 90
89 99 89 97
89 100 89 99
85 100 88 100
89 97 89 93
85 95 85 98
85 88 85 83
109 55 109 57
109 57 108 57
108 57 108 60
102 65 102 67
102 67 105 67
99 67 102 67
97 67 99 67
108 62 108 63
114 63 108 63
108 63 108 66
108 66 105 66
112 70 117 70
112 71 112 70
110 71 112 71
107 71 110 71
105 66 105 67
105 67 105 71
105 71 107 71
108 60 108 62
124 58 124 59
124 59 124 61
124 61 124 63
124 63 123 63
123 63 123 70
123 70 120 70
120 70 120 72
120 72 122 72
122 72 122 73
135 68 131 68
131 68 130 68
130 68 130 63
130 63 124 63
117 70 120 70
95 80 95 81
98 81 98 80
98 80 101 80
95 81 98 81
91 82 92 82
95 84 95 82
95 88 95 84
95 90 95 88
104 77 104 80
101 80 104 80
104 80 104 84
104 84 107 84
107 87 107 91
107 91 107 92
107 92 108 92
107 84 107 87
104 100 104 101
95 101 95 94
104 101 104 103
95 102 95 101
95 103 95 102
100 103 95 103
104 103 100 103
95 94 95 90
117 80 120 80
117 82 117 80
113 82 117 82
111 82 113 82
122 73 122 76
122 77 122 80
122 80 125 80
125 80 125 82
125 82 126 82
132 82 130 82
130 82 126 82
126 82 126 85
126 86 126 88
131 87 131 88
131 88 130 88
130 88 128 88
128 88 126 88
126 88 126 89
126 89 124 89
124 89 122 89
122 89 122 91
126 85 126 86
120 80 122 80
113 95 113 96
113 96 115 96
111 95 113 95
116 96 119 96
115 96 116 96
113 102 113 100
113 100 115 100
113 104 113 102
120 94 122 94
119 94 120 94
119 96 119 95
122 91 122 93
122 93 122 94
119 95 119 94
122 98 122 97
122 97 123 97
123 96 123 97
115 100 115 96
132 97 132 98
127 97 132 97
132 98 132 102
132 102 132 103
135 103 137 103
123 97 127 97
122 94 122 96
122 96 123 96
108 92 108 95
108 95 111 95
122 76 122 77
95 82 95 81
109 53 109 55
58 6 58 5
58 5 60 5
1 107 2 107
2 107 3 107
3 107 3 109
3 109 4 109
8 109 8 111
8 111 9 111
4 110 4 109
4 116 4 110
9 111 9 113
15 113 15 115
9 117 9 113
9 118 9 117
10 118 9 118
4 109 8 109
10 119 10 118
10 124 10 119
4 125 10 125
2 125 4 125
10 125 10 124
14 113 15 113
29 115 29 117
15 115 17 115
20 115 29 115
19 115 20 115
17 120 17 118
17 118 19 118
9 113 14 113
26 109 30 109
30 109 30 111
34 111 32 111
17 115 19 115
32 111 30 111
30 111 30 115
30 115 29 115
29 117 29 118
26 118 27 118
27 118 29 118
29 118 29 121
29 121 29 123
29 123 29 124
29 124 36 124
19 118 19 115
2 127 2 125
8 133 8 130
8 130 2 130
8 140 8 133
8 142 8 140
3 146 7 146
7 143 7 142
7 142 8 142
1 148 3 148
7 146 7 143
3 148 3 146
3 153 3 151
3 155 3 153
3 157 3 155
4 157 3 157
8 157 5 157
13 154 13 155
12 155 12 157
12 157 11 157
5 157 4 157
11 157 8 157
3 151 3 148
27 130 27 132
25 132 25 133
27 132 25 132
25 133 25 135
25 135 25 137
25 137 23 137
23 137 23 140
24 141 24 142
24 142 26 142
26 142 26 147
26 147 26 148
26 148 26 152
23 140 23 141
23 141 24 141
25 156 21 156
26 152 26 155
25 155 25 156
21 156 18 156
25 157 25 156
29 159 26 159
26 159 25 159
25 159 25 157
13 155 12 155
26 155 25 155
18 156 18 155
18 155 13 155
2 130 2 127
40 108 40 107
40 107 47 107
47 107 51 107
51 107 51 108
51 108 53 108
53 108 53 110
54 108 53 108
58 108 54 108
49 115 49 116
46 116 48 116
48 116 49 116
49 116 49 117
49 117 51 117
46 117 46 116
42 120 46 120
46 120 46 117
53 110 53 113
53 113 54 113
54 116 54 117
51 117 53 117
56 117 58 117
54 117 56 117
58 117 61 117
53 117 54 117
54 113 54 116
36 124 36 125
36 125 41 125
44 125 48 125
48 124 48 123
48 123 53 123
48 128 48 125
45 129 48 129
53 123 53 117
51 129 48 129
51 130 51 129
48 129 48 128
48 125 48 124
62 116 62 117
61 117 62 117
62 118 64 118
67 118 71 118
64 119 64 118
64 122 64 119
74 111 74 114
74 114 73 114
71 114 71 116
73 114 71 114
71 116 71 118
64 118 67 118
71 118 71 120
71 120 71 125
75 127 75 128
71 127 75 127
68 127 71 127
75 128 75 131
71 125 71 127
62 117 62 118
48 138 49 138
46 138 48 138
46 140 46 138
43 142 43 140
43 140 46 140
41 144 41 142
41 142 43 142
41 146 41 144
41 149 41 148
41 150 41 149
41 148 41 146
51 132 51 130
52 138 51 138
55 138 52 138
52 144 52 142
55 147 54 147
58 147 57 147
54 147 53 147
53 147 53 144
53 144 52 144
53 150 53 147
52 142 52 138
49 138 51 138
65 139 65 141
65 141 65 142
65 142 65 144
66 142 65 142
64 146 64 147
57 147 55 147
65 147 64 147
66 148 66 147
66 147 65 147
65 144 65 146
65 146 64 146
74 137 74 142
74 142 73 142
70 142 66 142
73 142 72 142
72 143 72 142
72 142 70 142
64 147 58 147
54 156 54 152
54 152 53 152
41 157 46 157
46 157 52 157
69 157 61 157
52 160 52 157
52 162 52 160
52 157 54 157
54 157 54 156
59 158 59 157
61 157 59 157
59 157 54 157
72 157 70 157
70 157 69 157
53 152 53 150
51 138 51 132
41 125 44 125
80 106 80 105
81 106 80 106
81 107 81 106
82 107 81 107
83 108 82 108
86 109 83 109
83 109 83 108
78 111 79 111
79 111 82 111
82 108 82 107
82 114 82 112
82 112 82 111
82 111 82 109
82 109 83 109
78 113 78 111
79 120 79 118
79 118 78 118
85 115 84 115
85 116 85 115
84 115 84 114
84 114 82 114
87 116 85 116
93 116 88 116
78 118 78 113
99 110 100 110
100 110 100 112
101 110 100 110
100 112 100 114
100 114 100 116
100 116 99 116
88 116 87 116
99 120 99 116
97 122 99 122
99 122 99 120
99 116 93 116
83 131 83 132
77 131 83 131
87 132 90 132
83 134 83 132
83 136 83 134
85 132 87 132
83 132 85 132
88 137 88 136
88 136 90 136
88 140 88 137
90 133 90 132
92 127 92 130
92 130 92 132
92 132 94 132
94 132 97 132
92 136 90 136
92 138 92 136
90 136 90 133
99 123 99 122
104 128 102 128
100 128 99 128
99 126 99 125
99 128 99 126
97 130 97 129
90 132 92 132
97 129 97 128
97 128 99 128
99 135 98 135
98 135 97 135
97 133 97 132
100 135 99 135
97 137 97 135
97 140 97 137
96 140 97 140
97 135 97 133
97 132 97 130
99 125 99 123
82 151 83 151
78 151 82 151
83 151 83 153
83 153 83 156
78 154 78 151
83 156 83 157
82 158 82 157
82 157 83 157
83 157 85 157
91 146 88 146
88 146 88 143
97 148 94 148
91 153 91 148
91 156 91 153
91 157 91 156
89 157 91 157
85 157 89 157
94 148 91 148
97 149 97 148
97 152 97 149
97 155 97 152
98 157 98 156
98 159 98 157
98 161 98 159
98 156 98 155
98 155 97 155
91 148 91 146
88 143 88 140
109 108 109 110
109 110 111 110
116 110 113 110
113 110 111 110
111 110 111 113
118 110 116 110
112 115 112 117
111 115 112 115
111 113 111 115
112 117 112 118
112 118 113 118
113 118 113 119
113 119 114 119
106 127 106 128
114 119 114 121
117 123 114 123
114 121 114 123
114 125 114 128
114 128 111 128
111 128 111 127
111 127 106 127
106 128 104 128
114 123 114 125
108 116 108 115
108 115 111 115
123 110 120 110
123 111 123 110
123 115 123 111
124 110 123 110
130 112 130 110
130 110 127 110
130 113 130 112
130 116 130 113
128 116 130 116
120 110 118 110
128 120 128 116
125 127 127 127
127 127 128 127
128 123 128 122
130 127 128 127
125 128 125 127
128 127 128 123
128 122 128 120
127 110 124 110
115 134 116 134
116 134 120 134
120 134 123 134
123 133 123 131
123 131 124 131
124 131 124 128
124 128 125 128
111 135 111 134
111 134 115 134
109 143 109 145
109 145 109 147
109 147 109 151
109 151 109 153
112 153 114 153
114 153 114 154
114 154 119 154
123 134 123 133
123 145 123 142
124 146 124 145
124 145 123 145
125 146 124 146
125 154 125 146
120 154 125 154
119 154 120 154
120 157 120 154
126 146 125 146
109 153 112 153
123 141 123 134
132 138 132 141
132 145 132 146
132 146 131 146
127 146 126 146
128 146 127 146
131 146 128 146
131 147 131 146
131 148 131 147
132 141 132 145
128 152 129 152
129 152 131 152
131 149 131 148
129 155 129 152
129 158 129 155
127 158 129 158
131 152 131 149
123 142 123 141
102 128 100 128
75 131 77 131
9 164 9 165
1 165 9 165
9 165 9 169
2 179 5 179
10 171 10 174
10 174 11 174
18 174 18 175
18 175 19 175
11 177 11 174
12 179 11 179
11 179 11 177
13 179 12 179
9 179 11 179
5 179 9 179
9 169 9 171
9 171 10 171
2 190 3 190
1 190 2 190
9 190 9 185
12 190 10 190
10 190 9 190
3 190 4 190
4 190 7 190
7 190 9 190
6 197 6 195
6 195 6 191
6 191 7 191
7 191 7 190
9 185 9 179
26 164 26 167
23 167 23 168
26 167 23 167
23 168 23 170
23 170 23 173
19 175 19 176
19 176 21 176
23 173 23 176
21 176 21 177
23 176 21 176
21 177 21 179
34 167 33 167
34 169 34 167
34 172 34 169
34 175 34 172
35 177 35 175
35 175 34 175
33 167 26 167
22 183 22 184
22 184 25 184
27 184 28 184
25 184 27 184
31 184 31 185
31 185 33 185
28 184 31 184
33 185 33 186
33 186 34 186
23 189 23 190
23 190 21 190
21 190 21 191
21 191 21 196
21 196 21 199
21 199 22 199
22 199 29 199
38 189 38 191
36 189 38 189
34 186 34 189
40 197 43 197
38 191 38 197
35 195 35 197
35 197 38 197
43 197 43 193
43 193 44 193
29 199 35 199
34 189 36 189
21 179 21 183
21 183 22 183
11 174 18 174
48 165 48 166
48 166 48 167
44 167 44 171
48 167 44 167
44 175 44 176
44 176 46 176
48 176 51 176
46 176 48 176
44 171 44 175
55 167 55 169
55 169 54 169
54 169 54 172
53 172 54 172
54 172 55 172
55 172 58 172
53 173 53 172
53 176 53 173
62 164 62 171
62 171 62 172
62 172 61 172
61 172 61 174
61 174 61 176
61 176 61 177
61 177 62 177
62 177 62 178
58 172 61 172
51 176 53 176
69 164 62 164
71 168 71 165
71 172 71 168
71 174 71 172
72 176 72 174
72 174 71 174
73 176 72 176
75 176 73 176
71 165 71 164
71 164 69 164
52 184 54 184
54 184 54 185
54 185 55 185
51 182 51 184
51 184 52 184
50 187 49 187
44 193 47 193
47 193 48 193
38 197 40 197
48 195 48 193
50 191 50 187
50 192 50 191
51 195 48 195
48 193 48 192
48 192 50 192
35 199 35 197
51 199 51 195
60 184 60 186
55 185 55 187
55 187 56 187
60 186 60 187
57 187 57 189
57 189 57 190
57 190 58 190
62 184 60 184
56 187 57 187
60 187 57 187
58 190 58 193
65 193 68 193
62 193 65 193
49 187 49 184
49 184 51 184
75 184 78 184
68 186 71 186
71 186 73 186
73 186 74 186
74 186 75 186
75 186 75 184
74 187 74 186
73 189 74 189
74 188 74 187
73 190 73 189
74 189 74 188
68 193 68 194
68 194 69 194
69 194 72 194
73 191 73 190
72 194 73 194
72 196 72 194
73 194 73 191
58 193 62 193
62 178 62 184
89 165 91 165
88 165 89 165
87 165 88 165
91 165 91 167
91 167 94 167
94 167 94 169
94 172 94 169
89 172 91 172
102 169 106 169
91 172 94 172
80 181 80 178
78 182 78 181
78 181 80 181
91 177 91 174
93 177 91 177
96 177 94 177
88 179 88 178
94 177 93 177
99 177 97 177
96 180 96 177
96 182 96 180
97 177 96 177
99 178 99 177
99 179 99 178
88 178 88 177
88 177 91 177
84 178 88 178
80 178 84 178
91 174 91 172
83 196 83 195
83 195 87 195
82 196 83 196
80 196 82 196
82 197 82 196
90 192 90 191
90 191 95 191
89 195 89 192
89 192 90 192
95 189 96 189
96 189 96 188
96 188 96 182
99 191 99 189
99 194 99 193
98 194 99 194
98 196 98 194
98 198 98 196
99 193 99 191
95 191 95 189
87 195 89 195
99 189 96 189
78 184 78 182
106 169 107 169
107 169 110 169
110 169 112 169
112 169 115 169
110 171 110 169
110 173 110 171
110 174 110 173
115 169 117 169
126 167 126 168
126 168 125 168
125 168 124 168
124 168 120 168
120 163 120 157
125 170 125 168
118 177 122 177
122 177 124 177
124 177 126 177
126 177 126 172
126 172 126 170
126 170 125 170
117 169 117 168
117 168 120 168
112 186 114 186
114 186 115 186
119 185 120 185
109 193 109 191
109 191 115 191
109 195 109 193
109 196 109 195
110 196 109 196
115 185 119 185
122 183 122 181
122 184 122 183
115 186 115 185
120 185 121 185
121 185 122 185
122 185 122 184
126 184 126 185
125 185 122 185
127 186 127 185
127 185 126 185
127 188 127 186
128 188 127 188
130 188 128 188
133 188 130 188
126 185 125 185
128 194 128 188
121 196 123 196
123 196 124 196
124 196 126 196
128 195 128 194
126 197 126 196
126 196 126 195
126 195 128 195
115 191 115 186
122 181 122 177
94 169 102 169
43 199 43 197
120 168 120 163
80 105 80 102
80 102 76 102
146 3 146 5
139 3 146 3
146 5 146 7
148 7 147 7
147 7 146 7
146 7 145 7
145 7 145 13
137 3 139 3
145 15 145 17
144 17 145 17
145 17 145 19
145 19 146 19
145 13 145 15
154 4 154 5
154 5 153 5
155 4 154 4
153 5 153 7
152 7 152 9
152 9 149 9
153 9 152 9
149 9 149 7
149 7 148 7
155 9 153 9
157 7 153 7
152 11 152 9
162 3 162 4
162 4 161 4
164 3 162 3
161 4 161 7
164 5 164 3
153 7 152 7
161 7 157 7
172 5 168 5
168 5 164 5
170 14 169 14
169 14 169 15
162 11 162 7
162 15 162 11
167 15 162 15
169 15 167 15
162 7 161 7
139 21 139 17
139 17 141 17
155 21 153 21
146 19 146 21
146 21 153 21
141 17 144 17
153 24 153 25
153 25 152 25
152 25 152 27
152 27 150 27
150 27 150 28
153 21 153 24
137 33 137 37
137 37 141 37
141 37 141 38
147 38 149 38
143 43 141 43
152 35 153 35
145 38 147 38
141 38 145 38
150 28 150 35
146 44 144 44
144 44 144 43
144 43 143 43
141 43 141 38
138 43 141 43
155 33 155 35
153 35 155 35
155 35 155 37
155 37 157 37
157 37 159 37
159 37 159 35
159 35 161 35
157 42 157 37
157 43 157 42
157 44 157 43
150 35 152 35
149 38 149 35
149 35 150 35
169 21 169 22
169 22 169 23
169 23 169 27
169 27 169 28
169 28 169 31
170 28 169 28
172 28 170 28
169 31 169 35
177 36 173 36
161 35 169 35
171 42 171 43
171 43 171 46
169 35 169 36
169 36 173 36
173 36 173 38
139 26 139 21
176 3 176 5
176 5 177 5
177 5 178 5
179 5 180 5
178 7 178 5
181 4 181 5
180 5 181 5
181 5 182 5
182 5 186 5
178 5 179 5
188 4 188 5
199 6 194 6
190 5 190 6
190 6 191 6
186 5 188 5
191 10 191 11
191 11 191 14
191 14 187 14
194 6 191 6
191 6 191 10
188 5 190 5
180 22 180 23
180 23 180 24
180 24 182 24
182 24 182 22
182 22 183 22
180 26 180 25
184 20 185 20
183 22 183 20
183 20 184 20
187 18 187 20
187 20 188 20
188 20 188 22
190 22 188 22
185 20 187 20
187 28 186 28
186 28 186 30
185 28 186 28
188 24 188 26
180 25 180 24
195 18 195 19
195 19 195 22
188 22 188 24
195 22 190 22
195 25 195 22
198 25 195 25
188 26 188 28
188 28 187 28
178 32 179 32
179 32 179 34
179 34 179 36
179 36 177 36
173 38 173 40
180 37 180 36
180 36 179 36
173 40 173 41
190 31 190 35
186 31 190 31
190 35 190 36
194 36 193 36
181 37 180 37
190 36 190 37
190 37 189 37
198 34 198 36
198 36 194 36
199 36 198 36
193 36 190 36
199 39 199 36
199 41 199 39
186 37 181 37
189 37 186 37
186 30 186 31
187 14 187 18
173 41 173 42
173 42 171 42
143 57 143 60
141 57 143 57
138 57 141 57
143 60 144 60
139 64 139 65
139 65 142 65
142 65 144 65
144 60 146 60
146 60 148 60
149 51 149 54
149 54 149 55
149 55 149 56
152 56 149 56
149 56 149 60
149 60 149 62
149 62 149 64
149 64 150 64
150 64 150 69
148 60 149 60
159 52 159 53
159 53 159 56
153 56 152 56
164 58 163 58
159 56 153 56
156 59 159 59
159 61 159 59
165 55 164 55
164 55 164 58
163 58 159 58
159 58 159 56
159 59 159 58
144 65 144 60
141 72 144 72
150 72 150 75
150 75 149 75
145 75 149 75
144 75 145 75
138 82 138 83
142 83 142 78
141 83 142 83
139 83 141 83
138 83 139 83
138 85 138 83
138 88 138 85
142 78 142 77
153 72 152 72
152 72 150 72
144 72 144 75
150 69 150 72
149 76 149 79
149 79 151 79
151 79 151 80
151 80 151 84
150 84 151 84
153 84 153 90
154 84 153 84
155 83 155 84
155 84 154 84
150 85 150 84
151 84 153 84
163 74 163 75
163 75 165 75
165 75 165 77
165 77 166 77
166 80 162 80
162 80 160 80
160 80 160 82
160 82 158 82
158 82 158 83
158 83 157 83
160 85 160 82
163 85 160 85
163 87 163 85
166 77 166 80
157 83 155 83
142 77 142 75
142 75 144 75
145 91 145 93
145 93 145 94
145 94 145 97
145 97 147 97
151 101 151 100
151 100 149 100
142 100 137 100
137 100 137 103
132 103 135 103
138 104 138 103
138 103 137 103
140 106 140 104
140 104 138 104
149 97 149 100
143 100 142 100
149 100 143 100
149 104 151 104
147 97 149 97
159 93 159 95
157 93 159 93
159 95 159 97
159 97 159 99
157 97 159 97
170 104 169 104
159 104 153 104
159 99 159 104
160 106 160 104
160 107 160 106
153 104 151 104
151 104 151 101
153 90 153 93
153 93 157 93
149 75 149 76
174 48 174 53
174 53 174 54
179 54 179 57
178 54 179 54
174 54 178 54
179 57 180 57
180 57 180 58
171 60 175 60
180 58 180 60
177 60 175 60
175 60 175 62
175 62 175 69
175 69 176 69
180 60 177 60
171 71 171 72
172 71 171 71
176 69 176 71
171 72 171 77
171 79 174 79
174 79 175 79
179 80 179 82
177 80 179 80
175 79 175 80
175 80 177 80
171 77 171 79
176 71 172 71
188 50 189 50
189 50 189 51
189 51 189 57
196 55 196 57
189 57 191 57
196 57 194 57
194 57 191 57
191 57 191 60
191 62 190 62
190 62 190 63
190 63 190 64
188 63 190 63
190 64 190 67
191 60 191 62
185 72 185 71
185 71 176 71
190 73 186 73
196 73 190 73
190 67 190 73
196 74 196 73
196 77 196 74
196 79 196 77
199 73 196 73
186 73 186 72
186 72 185 72
173 90 173 91
173 91 174 91
174 91 174 96
179 82 179 85
179 88 179 89
179 89 179 91
179 91 175 91
185 86 184 86
184 86 184 89
184 89 183 89
183 89 182 89
182 89 179 89
183 90 183 89
175 91 174 91
191 86 186 86
192 88 192 86
192 86 191 86
194 90 194 88
194 88 192 88
197 90 194 90
198 90 197 90
186 86 185 86
174 97 172 97
172 97 172 99
172 99 172 101
172 101 172 104
160 104 159 104
169 104 160 104
172 107 172 104
175 107 172 107
190 98 190 102
196 102 194 102
182 104 182 106
182 106 181 106
185 104 182 104
186 104 185 104
189 104 186 104
181 106 181 107
181 107 178 107
194 102 190 102
196 104 196 102
190 102 190 104
190 104 189 104
178 107 175 107
174 96 174 97
179 85 179 88
172 104 170 104
171 46 171 48
171 48 174 48
138 118 138 120
138 120 141 120
150 114 150 115
150 115 149 115
149 115 145 115
145 115 144 115
144 115 144 117
144 117 142 117
142 117 142 120
142 120 142 122
141 120 142 120
142 122 142 123
142 123 142 126
140 126 142 126
143 126 143 129
146 129 146 131
146 131 148 131
140 130 140 129
140 129 143 129
137 131 140 131
140 135 140 131
140 131 140 130
143 129 146 129
150 131 151 131
152 130 154 130
148 132 148 131
148 139 148 132
148 131 150 131
142 126 143 126
159 111 161 111
161 111 162 111
162 111 162 112
166 112 162 112
161 113 161 116
160 116 160 121
160 121 159 121
159 121 159 123
154 121 159 121
161 116 160 116
168 112 168 113
168 113 167 113
166 113 166 112
167 113 166 113
167 114 167 113
167 117 167 114
162 112 162 113
162 113 161 113
159 127 159 128
159 128 158 128
152 128 152 130
158 128 152 128
158 129 158 128
154 132 157 132
157 132 157 135
157 135 157 137
154 130 154 132
167 128 167 129
167 126 167 128
164 129 163 129
163 129 161 129
161 129 158 129
167 131 167 129
167 129 164 129
157 137 157 139
167 140 169 140
166 140 167 140
161 140 166 140
157 139 157 140
157 140 160 140
171 140 178 140
160 140 161 140
159 123 159 127
151 131 151 130
151 130 152 130
189 113 188 113
183 113 179 113
179 113 179 112
179 112 178 112
175 109 175 107
178 112 175 112
191 113 189 113
186 120 186 117
186 117 189 117
180 122 184 122
184 122 186 122
186 122 186 120
187 126 187 122
187 122 186 122
194 113 191 113
188 113 183 113
198 113 194 113
194 115 194 113
195 120 195 117
195 117 194 117
200 122 198 122
198 122 196 122
196 122 195 122
195 122 195 120
195 125 195 122
194 117 194 115
189 117 189 113
180 133 180 136
180 136 180 139
184 139 186 139
180 139 184 139
193 131 187 131
186 139 187 139
187 127 187 126
190 140 190 139
190 139 187 139
197 131 193 131
197 134 197 131
197 137 197 134
187 131 187 127
191 142 190 142
192 142 191 142
190 142 190 140
169 140 171 140
187 139 187 131
178 140 178 139
178 139 180 139
140 148 140 151
140 151 143 151
143 153 143 154
143 154 146 154
146 154 146 153
146 153 150 153
141 154 143 154
139 157 141 157
141 157 141 155
143 151 143 153
139 161 139 159
140 161 139 161
139 159 139 157
150 151 150 152
150 152 150 153
153 153 153 152
153 152 156 152
156 152 158 152
163 147 163 146
163 146 165 146
159 148 162 148
162 148 163 148
163 148 163 147
159 151 159 148
158 155 158 152
160 156 158 156
158 156 158 155
158 152 158 151
158 151 159 151
150 153 153 153
158 157 158 156
155 160 156 160
156 160 158 160
158 158 158 157
155 162 155 160
158 160 158 158
141 155 141 154
169 145 169 144
165 146 169 146
174 155 174 154
174 152 174 147
180 153 179 153
174 154 174 153
171 155 174 155
170 155 171 155
175 155 174 155
167 155 170 155
171 158 171 155
174 147 174 146
174 146 169 146
179 146 179 149
179 149 179 150
179 150 179 153
183 153 180 153
183 152 183 153
186 151 186 152
186 152 183 152
187 151 186 151
193 152 189 152
178 153 174 153
183 154 183 153
183 159 183 154
184 160 184 159
184 159 183 159
195 145 195 146
195 146 195 152
189 152 189 151
189 151 187 151
192 158 195 158
195 152 193 152
196 158 195 158
198 159 198 158
198 158 196 158
195 154 195 152
195 158 195 154
179 153 178 153
174 153 174 152
169 146 169 145
145 171 146 171
146 171 149 171
146 175 146 171
141 177 141 176
141 176 146 176
155 164 155 162
153 166 155 166
149 171 149 166
149 166 153 166
149 176 147 176
151 176 150 176
154 176 152 176
152 176 151 176
155 176 154 176
147 176 146 176
146 176 146 175
141 183 142 183
147 184 147 183
142 183 145 183
145 183 147 183
142 185 142 183
142 186 142 185
141 186 142 186
147 183 150 183
150 180 150 176
150 188 150 187
150 187 147 187
152 188 150 188
147 187 147 184
140 192 140 190
139 198 139 197
139 197 140 197
155 195 151 195
151 195 150 195
150 195 150 197
150 197 148 197
148 197 147 197
147 197 145 197
145 197 140 197
140 197 140 192
145 199 145 197
140 190 140 186
140 186 141 186
150 183 150 180
162 168 162 169
160 169 162 169
162 169 162 171
162 171 165 171
159 175 159 176
159 176 158 176
164 175 159 175
158 176 155 176
158 177 158 176
158 178 158 177
160 180 159 180
159 181 159 180
168 171 167 171
167 171 165 171
165 171 165 173
165 173 165 175
170 173 170 171
170 171 168 171
170 174 170 173
165 175 164 175
166 176 166 175
166 175 165 175
159 182 159 181
162 187 160 187
171 186 171 187
171 187 168 187
168 187 162 187
166 196 166 193
166 193 168 193
160 187 160 182
160 182 159 182
159 180 159 178
159 178 158 178
177 166 177 169
177 169 179 169
179 169 179 170
179 170 180 170
182 170 182 172
180 170 182 170
175 177 179 177
182 177 180 177
180 177 179 177
179 177 179 179
179 179 179 182
183 182 183 183
182 172 182 177
185 168 185 170
185 170 187 170
190 169 190 171
187 170 188 170
188 171 190 171
197 172 191 172
188 170 188 171
191 174 191 176
187 178 187 182
191 176 191 179
187 182 183 182
189 182 187 182
191 179 191 182
191 182 189 182
198 167 198 170
198 170 198 172
198 172 197 172
190 171 190 172
190 172 191 172
191 172 191 174
197 175 197 172
179 182 183 182
173 186 171 186
175 186 173 186
176 186 175 186
176 187 176 186
179 190 177 190
181 190 179 190
186 185 183 185
177 190 177 188
177 188 176 188
176 188 176 187
183 183 183 185
183 195 183 193
174 197 181 197
181 197 183 197
183 197 183 195
183 193 183 190
188 187 188 185
188 185 186 185
194 187 191 187
190 187 188 187
191 191 191 187
191 192 191 191
191 193 191 192
189 195 189 193
189 193 191 193
189 198 189 195
199 187 194 187
200 190 200 187
200 187 199 187
191 187 190 187
183 185 183 190
183 190 181 190
168 193 168 187
155 166 155 164
169 144 169 140
175 112 175 109