1479
9 0 9 1
19 0 19 1
23 0 23 2
30 0 31 0
34 0 34 4
39 0 39 2
55 0 55 1
59 0 59 1
64 0 65 0
68 0 73 0
93 0 94 0
0 1 2 1
19 1 20 1
55 1 56 1
58 1 59 1
81 1 81 6
22 2 23 2
67 2 68 2
75 2 76 2
91 2 93 2
11 2 11 3
93 2 93 3
39 4 40 4
70 4 71 4
76 4 77 4
94 4 95 4
1 5 2 5
32 4 32 5
39 4 39 5
44 5 45 5
55 5 56 5
53 5 53 6
70 6 71 6
81 6 82 6
99 6 100 6
23 7 26 7
29 7 30 7
45 6 45 7
47 7 48 7
92 7 92 8
100 6 100 7
35 8 37 8
69 8 70 8
75 8 76 8
84 8 84 9
90 8 92 8
0 9 1 9
8 8 8 9
25 9 26 9
34 9 35 9
43 9 43 11
53 9 53 11
62 8 62 9
64 9 65 9
16 10 17 10
17 10 20 10
34 10 35 10
63 10 64 10
67 10 70 10
70 10 72 10
83 9 83 10
76 11 77 11
26 12 27 12
89 11 89 12
96 12 96 13
71 13 71 14
99 13 100 13
4 14 5 14
71 14 73 14
82 14 83 14
3 15 4 15
16 14 16 15
66 15 67 15
70 15 71 15
32 16 32 17
63 14 63 16
66 15 66 16
72 16 73 16
97 16 97 17
1 17 1 19
97 17 98 17
24 18 27 18
27 18 29 18
77 18 80 18
83 18 85 18
91 18 93 18
0 19 1 19
65 19 65 20
80 18 80 19
92 19 93 19
1 19 1 20
64 20 65 20
96 20 97 20
11 21 14 21
24 21 26 21
87 21 87 23
3 19 3 22
19 22 20 22
32 22 32 23
79 23 79 24
19 24 20 24
24 24 25 24
44 24 44 25
78 24 79 24
6 25 7 25
7 25 8 25
25 24 25 25
29 22 29 25
66 24 66 25
86 24 86 25
93 25 96 25
39 24 39 26
44 25 44 26
47 26 48 26
92 25 92 26
11 27 11 28
83 27 84 27
0 28 6 28
38 28 41 28
68 28 69 28
69 28 70 28
86 28 88 28
95 28 95 29
98 28 99 28
75 29 75 31
80 30 80 31
38 31 40 31
46 31 46 34
64 31 66 31
92 31 92 32
16 30 16 32
22 32 25 32
79 31 79 32
94 32 95 32
7 33 8 33
21 33 22 33
43 33 43 34
55 32 55 33
98 33 99 33
82 32 82 34
89 33 89 34
69 35 70 35
75 34 75 35
83 36 84 36
11 37 12 37
25 37 27 37
40 36 40 37
21 38 22 38
32 38 33 38
71 38 72 38
78 38 81 38
93 38 93 39
6 39 10 39
33 38 33 39
55 38 55 39
91 39 93 39
22 38 22 40
39 40 41 40
70 40 71 40
75 40 78 40
36 40 36 41
71 41 73 41
16 42 16 44
39 42 40 42
58 42 59 42
59 42 60 42
70 42 71 42
19 43 19 44
95 43 100 43
0 44 0 48
11 44 13 44
57 44 57 47
63 44 64 44
32 45 32 46
52 45 52 46
71 45 72 45
80 45 81 45
91 45 91 46
95 46 96 46
5 47 5 48
24 47 25 47
48 46 48 47
19 48 19 49
56 48 57 48
61 48 62 48
85 48 86 48
95 46 95 48
38 49 39 49
86 49 88 49
61 48 61 50
65 46 65 50
71 49 71 50
20 50 20 51
75 51 76 51
83 51 84 51
23 52 24 52
32 51 32 52
51 52 52 52
89 52 96 52
5 53 6 53
15 53 17 53
27 52 27 53
57 53 58 53
67 53 69 53
78 53 81 53
83 53 84 53
0 54 3 54
5 54 7 54
69 53 69 54
84 53 84 54
87 52 87 54
3 54 3 55
10 53 10 55
76 55 77 55
1 56 1 57
30 56 30 59
48 56 48 57
52 56 54 56
77 56 78 56
10 57 10 58
13 57 13 58
36 57 36 58
47 57 48 57
72 57 72 61
76 57 77 57
94 57 94 58
0 57 0 58
5 58 6 58
13 58 15 58
25 58 25 59
28 58 28 59
36 58 37 58
51 58 53 58
60 58 62 58
65 58 66 58
80 58 80 59
90 58 94 58
10 58 10 59
24 59 25 59
30 59 31 59
3 61 4 61
13 61 14 61
22 60 22 61
46 61 47 61
96 61 97 61
7 62 8 62
60 62 62 62
65 62 66 62
2 63 4 63
39 63 42 63
47 62 47 63
66 62 66 63
82 63 83 63
4 63 4 64
25 64 25 65
34 62 34 64
73 64 74 64
23 65 25 65
59 65 60 65
42 66 43 66
83 66 86 66
4 67 4 68
21 67 21 69
34 67 35 67
69 65 69 67
73 64 73 67
52 68 53 68
28 69 31 69
67 69 67 71
34 70 38 70
43 70 43 71
49 70 50 70
57 68 57 70
52 70 52 71
66 71 67 71
4 70 4 72
17 72 18 72
60 72 63 72
64 72 64 73
75 72 77 72
95 72 96 72
15 73 17 73
25 70 25 73
63 72 63 73
38 74 39 74
69 74 69 75
28 75 30 75
44 75 44 76
60 75 61 75
97 75 98 75
8 76 8 79
33 76 33 77
45 76 46 76
51 76 54 76
21 77 21 78
42 76 42 77
45 77 46 77
14 78 14 81
39 76 39 78
89 75 89 78
95 78 97 78
98 78 99 78
4 79 5 79
55 79 56 79
65 79 67 79
10 80 10 81
43 80 45 80
49 81 49 82
60 78 60 81
76 77 76 81
23 82 24 82
30 80 30 82
51 82 52 82
7 83 8 83
35 82 35 83
48 82 48 83
66 83 67 83
87 83 88 83
79 84 80 84
92 84 93 84
93 84 94 84
60 85 62 85
71 85 73 85
12 86 15 86
37 86 38 86
52 86 54 86
90 86 93 86
94 86 95 86
1 87 1 91
26 87 28 87
38 87 39 87
22 88 23 88
33 88 33 89
4 89 4 90
65 89 66 89
9 90 9 91
14 90 15 90
26 90 27 90
38 89 38 90
60 90 61 90
30 91 30 92
51 91 52 91
81 91 82 91
94 91 95 91
95 91 99 91
20 91 20 92
64 92 67 92
31 92 31 93
41 93 42 93
55 93 56 93
86 90 86 93
43 94 44 94
13 95 13 99
78 95 79 95
24 96 26 96
45 96 46 96
51 96 52 96
59 96 62 96
100 96 100 98
40 97 41 97
97 97 97 98
52 98 53 98
59 97 59 98
27 99 28 99
46 99 48 99
65 99 66 99
100 98 100 99
17 100 18 100
27 100 30 100
46 99 46 100
66 99 66 100
77 99 77 100
2 1 2 2
2 2 2 3
2 3 2 5
2 5 2 6
7 1 7 2
7 1 8 1
8 1 9 1
13 1 19 1
13 1 13 2
11 2 13 2
10 2 11 2
2 3 5 3
3 8 7 8
2 8 3 8
2 6 2 8
7 8 8 8
1 14 4 14
4 14 4 15
4 15 4 16
1 19 3 19
3 19 4 19
4 19 7 19
7 19 7 21
7 19 9 19
4 16 4 19
6 23 6 24
6 24 7 24
7 24 7 25
1 12 1 14
14 12 14 14
17 10 17 13
17 13 17 14
16 14 17 14
14 14 16 14
19 15 21 15
17 14 18 14
14 21 14 24
14 24 14 25
14 25 14 26
19 18 19 21
19 21 19 22
19 22 19 24
14 26 17 26
19 15 19 18
1 9 1 12
23 2 26 2
26 2 27 2
26 2 26 5
26 5 26 7
26 7 26 9
26 9 26 12
30 0 30 2
28 2 30 2
30 2 30 3
34 4 35 4
32 4 34 4
30 4 30 7
27 2 28 2
39 2 39 4
38 4 39 4
35 4 38 4
30 4 32 4
35 4 35 6
35 6 35 8
35 9 35 10
35 8 35 9
30 3 30 4
23 13 26 13
26 12 26 13
27 17 27 18
27 21 28 21
27 19 27 21
31 22 32 22
26 21 26 23
26 21 27 21
27 18 27 19
32 17 32 19
29 22 31 22
32 19 34 19
40 16 40 17
42 17 47 17
40 17 40 18
37 20 39 20
39 20 39 21
37 24 39 24
36 24 37 24
39 21 39 24
32 19 32 22
11 28 14 28
6 28 8 28
8 28 8 30
9 35 11 35
8 35 9 35
8 33 8 35
8 30 8 33
15 29 16 29
16 30 21 30
8 28 11 28
11 35 11 37
10 39 11 39
11 39 11 40
11 40 12 40
11 37 11 39
21 30 22 30
22 30 22 32
24 36 25 36
22 36 24 36
22 32 22 33
25 36 25 37
22 33 22 36
25 37 25 38
22 36 22 38
16 29 16 30
0 48 5 48
5 48 9 48
5 48 5 53
5 53 5 54
3 54 5 54
17 44 19 44
16 44 17 44
13 44 14 44
13 43 13 44
14 44 14 45
10 48 10 50
10 50 10 53
10 53 11 53
16 49 18 49
18 49 19 49
15 50 15 53
20 50 22 50
11 53 15 53
9 48 10 48
25 47 29 47
25 48 25 50
22 50 23 50
23 50 24 50
24 50 24 52
27 51 27 52
24 50 25 50
14 44 16 44
33 35 33 37
34 37 36 37
36 37 36 39
38 28 38 31
37 31 38 31
38 36 40 36
36 36 38 36
36 34 36 36
36 36 36 37
39 40 39 42
36 39 36 40
36 40 39 40
33 37 34 37
33 37 33 38
25 47 25 48
29 47 31 47
31 49 32 49
34 51 39 51
39 46 39 48
39 48 39 49
39 49 39 50
39 50 39 51
32 51 34 51
39 51 40 51
32 49 32 51
39 42 39 46
31 47 31 49
14 26 14 28
45 4 45 5
45 5 45 6
46 6 48 6
45 6 46 6
48 6 48 7
48 7 48 8
55 1 55 2
55 2 55 5
52 4 52 5
52 5 53 5
53 5 55 5
48 8 48 12
47 12 48 12
53 12 53 13
48 13 48 14
48 14 48 16
53 11 53 12
53 12 54 12
48 12 48 13
49 13 53 13
53 14 53 16
51 18 51 20
53 13 53 14
48 13 49 13
46 25 47 25
48 23 48 25
47 25 48 25
48 25 48 26
48 26 49 26
49 26 49 27
44 25 46 25
64 0 64 2
64 2 64 5
61 2 64 2
58 10 58 12
59 7 62 7
64 5 66 5
62 8 63 8
62 7 62 8
64 5 64 8
64 9 64 10
63 8 64 8
68 0 68 2
68 2 68 3
70 4 70 5
66 5 70 5
70 6 70 7
70 7 70 8
70 8 70 10
70 5 70 6
64 8 64 9
58 12 58 13
58 13 61 13
66 14 69 14
63 14 65 14
66 14 66 15
69 14 71 14
65 14 66 14
71 14 71 15
61 21 61 23
61 23 61 24
66 21 70 21
70 21 72 21
72 18 72 21
66 21 66 23
64 24 66 24
67 24 69 24
66 24 67 24
69 24 69 25
69 25 69 28
66 23 66 24
61 24 64 24
72 16 72 18
57 12 58 12
54 12 57 12
44 34 46 34
44 34 44 37
43 34 44 34
44 39 46 39
46 39 46 41
46 41 50 41
50 46 51 46
50 42 50 46
50 41 50 42
48 46 50 46
51 46 52 46
52 46 53 46
51 46 51 47
48 52 51 52
51 47 51 52
44 37 44 39
60 37 63 37
59 33 59 37
59 37 60 37
57 38 59 38
55 38 57 38
59 38 59 41
59 41 59 42
59 37 59 38
64 31 64 34
64 34 64 37
64 37 67 37
63 37 64 37
64 43 65 43
72 34 74 34
70 35 71 35
70 35 70 36
68 37 70 37
70 36 70 37
71 38 71 39
71 39 71 40
71 41 71 42
71 40 71 41
67 37 67 40
67 37 68 37
55 47 57 47
57 47 59 47
61 46 61 47
57 48 57 52
57 52 57 53
65 42 65 43
61 46 62 46
62 46 64 46
64 43 64 44
64 44 64 46
59 47 61 47
57 47 57 48
71 45 71 49
66 46 67 46
67 46 67 49
67 49 69 49
69 49 71 49
69 49 69 53
65 46 66 46
61 47 61 48
64 46 65 46
55 32 57 32
76 2 76 4
76 4 76 5
76 5 76 8
77 8 78 8
76 8 77 8
77 9 77 10
77 10 77 11
77 11 77 13
77 8 77 9
81 6 81 8
78 8 80 8
83 9 84 9
84 9 84 10
84 10 84 11
84 11 88 11
80 8 81 8
80 14 82 14
80 14 80 15
79 15 80 15
77 15 79 15
80 15 80 16
77 13 77 15
80 16 80 18
83 18 83 20
79 24 81 24
81 24 82 24
83 23 83 24
85 24 86 24
83 24 85 24
82 24 83 24
83 24 83 26
83 26 83 27
83 20 83 23
80 18 83 18
93 0 93 2
93 2 95 2
95 2 95 4
96 4 96 5
95 4 96 4
92 8 95 8
92 8 92 10
96 5 96 7
100 3 100 6
96 1 98 1
92 10 92 11
92 11 92 12
92 12 93 12
94 13 96 13
96 13 99 13
97 17 97 18
93 18 94 18
94 13 94 14
93 19 93 20
95 18 97 18
94 18 95 18
97 18 97 20
94 14 94 18
93 20 93 22
92 25 93 25
93 22 93 25
93 18 93 19
89 11 92 11
88 11 89 11
80 31 82 31
75 31 79 31
74 34 75 34
82 29 82 31
79 31 80 31
85 33 87 33
84 32 85 32
82 31 82 32
84 34 84 35
84 35 84 36
82 32 84 32
88 28 88 29
88 29 89 29
89 29 89 31
89 31 89 33
89 33 92 33
85 32 85 33
94 29 95 29
94 29 94 30
94 30 94 32
92 32 94 32
92 32 92 33
98 28 98 29
95 29 96 29
98 29 98 33
96 29 98 29
87 33 89 33
78 38 78 40
77 43 77 44
77 44 77 45
80 41 80 43
79 44 79 45
77 45 79 45
79 45 80 45
82 43 86 43
78 53 78 54
77 54 78 54
77 54 77 55
76 54 77 54
76 51 76 54
86 41 87 41
86 41 86 43
80 43 82 43
86 43 86 44
86 45 89 45
86 44 86 45
87 39 87 41
93 39 94 39
94 39 94 41
94 39 97 39
91 43 94 43
94 41 94 43
91 43 91 45
95 43 95 44
89 45 91 45
95 44 95 46
94 43 95 43
86 45 86 48
87 52 89 52
86 49 86 51
84 51 86 51
86 48 86 49
84 51 84 53
83 27 83 28
75 31 75 34
40 17 42 17
2 57 6 57
1 57 2 57
0 57 1 57
6 57 6 58
6 58 7 58
7 58 8 58
8 58 10 58
7 58 7 59
10 58 12 58
12 58 13 58
4 61 6 61
4 61 4 63
8 61 8 62
8 62 9 62
9 62 9 63
9 63 11 63
6 60 6 61
13 61 13 63
11 63 13 63
9 63 9 66
4 68 4 70
1 70 4 70
4 70 6 70
11 68 12 68
12 68 12 70
6 70 12 70
12 70 17 70
17 70 21 70
17 70 17 72
6 61 8 61
28 59 29 59
29 59 29 61
25 59 25 60
23 60 25 60
22 60 23 60
26 59 28 59
25 59 26 59
29 61 29 63
29 59 30 59
22 69 25 69
21 69 21 70
26 65 27 65
26 65 26 66
25 65 26 65
26 69 28 69
26 66 26 69
28 69 28 75
25 69 25 70
25 69 26 69
21 69 22 69
29 63 29 64
17 72 17 73
5 78 5 79
5 79 8 79
8 79 8 80
8 80 8 81
10 81 12 81
8 81 8 83
14 81 17 81
12 81 14 81
17 81 18 81
12 81 12 82
8 81 10 81
23 79 23 81
18 81 23 81
17 81 17 85
23 81 23 82
28 77 28 79
28 79 28 80
28 80 30 80
25 81 27 81
23 81 25 81
1 91 2 91
3 91 3 94
2 91 3 91
3 94 3 99
3 99 5 99
1 99 3 99
15 86 15 87
15 86 16 86
9 91 12 91
12 91 15 91
15 87 15 90
15 90 15 91
18 91 20 91
9 91 9 92
15 91 18 91
8 94 8 97
8 97 9 97
8 97 8 98
5 99 8 99
11 99 13 99
8 99 11 99
15 100 17 100
8 98 8 99
26 87 26 88
23 88 26 88
26 88 26 89
26 89 26 90
26 90 26 91
27 92 30 92
30 92 31 92
32 92 33 92
20 91 26 91
27 92 27 94
26 96 26 97
26 97 26 99
26 99 27 99
27 99 27 100
28 75 28 77
36 58 36 62
34 62 35 62
35 62 36 62
36 62 36 63
36 63 38 63
38 63 39 63
39 63 39 64
38 65 38 67
35 67 38 67
38 67 38 69
39 64 39 65
38 65 39 65
40 66 41 66
41 66 42 66
42 66 42 67
38 69 38 70
39 71 43 71
39 71 39 72
38 71 39 71
39 72 39 74
38 70 38 71
51 56 52 56
51 56 51 57
51 57 51 58
49 57 51 57
48 57 49 57
51 58 51 59
51 60 51 62
47 61 47 62
47 62 49 62
51 62 55 62
49 62 49 64
51 59 51 60
49 64 49 67
49 67 51 67
49 67 49 68
49 68 49 69
49 69 49 70
49 70 49 71
47 71 49 71
44 67 49 67
52 68 52 70
42 67 44 67
58 56 60 56
60 56 60 58
60 58 60 60
60 60 60 62
49 62 51 62
60 65 60 66
57 68 60 68
60 66 60 68
60 68 63 68
63 68 63 70
63 70 63 72
55 62 60 62
60 62 60 65
37 76 39 76
33 77 36 77
36 77 36 78
41 76 42 76
40 76 41 76
39 74 39 76
35 79 35 81
36 82 38 82
35 82 36 82
35 81 35 82
38 82 38 85
38 85 38 86
45 76 45 77
44 76 45 76
43 76 44 76
45 77 45 78
45 78 45 80
45 80 45 82
51 80 51 82
51 80 53 80
42 76 43 76
35 89 38 89
38 87 38 88
33 89 33 91
31 92 32 92
40 88 43 88
38 88 40 88
38 86 38 87
43 88 43 89
43 89 43 93
42 93 43 93
33 89 35 89
41 97 42 97
41 97 41 98
37 99 40 99
36 99 37 99
43 93 43 94
43 94 43 95
43 95 44 95
44 95 46 95
46 95 46 96
46 96 46 97
46 97 46 99
38 88 38 89
55 77 55 78
55 78 59 78
55 78 55 79
53 80 54 80
49 82 51 82
48 82 49 82
63 75 64 75
61 75 61 76
59 78 60 78
54 83 54 85
54 85 54 86
54 80 54 83
55 87 56 87
54 91 56 91
52 91 54 91
56 91 58 91
56 91 56 93
52 91 52 96
52 96 52 98
58 91 59 91
59 91 59 94
59 94 59 96
59 96 59 97
56 87 56 91
45 82 48 82
39 76 40 76
72 61 72 62
66 62 67 62
67 62 69 62
69 62 69 65
72 63 73 63
73 63 74 63
73 63 73 64
69 62 72 62
72 62 72 63
77 55 77 56
77 56 77 57
77 57 77 59
80 59 81 59
78 59 80 59
78 59 78 61
75 62 78 62
77 59 78 59
84 59 85 59
84 59 84 61
81 59 84 59
80 67 83 67
83 66 83 67
83 63 83 66
78 61 78 62
64 73 64 75
64 75 65 75
67 71 67 74
67 74 67 75
67 75 68 75
65 75 67 75
65 75 65 76
65 76 65 79
68 75 69 75
70 76 73 76
73 76 74 76
70 76 70 77
74 73 74 76
76 76 76 77
80 68 80 69
85 69 88 69
82 73 83 73
77 76 81 76
74 76 76 76
81 78 84 78
80 69 85 69
81 76 81 78
76 76 77 76
80 67 80 68
94 58 96 58
96 58 96 59
96 59 96 61
90 65 90 69
88 69 89 69
95 69 96 69
90 69 90 71
89 74 89 75
90 69 95 69
96 69 97 69
96 69 96 70
96 70 96 72
97 73 97 75
97 75 97 77
97 77 97 78
97 78 98 78
98 78 98 79
98 79 98 80
89 69 90 69
85 69 85 71
66 83 66 87
66 87 66 89
67 90 67 91
73 85 73 86
73 86 73 87
67 90 70 90
67 91 67 92
68 92 68 94
68 94 69 94
69 94 69 97
70 97 74 97
66 98 66 99
69 97 70 97
67 92 68 92
85 83 87 83
80 84 81 84
81 84 81 89
81 91 81 92
78 93 81 93
81 92 81 93
81 89 81 91
78 95 78 96
78 96 78 98
78 99 80 99
78 98 78 99
82 97 82 99
77 99 78 99
80 99 82 99
78 93 78 95
75 99 77 99
85 82 85 83
87 83 87 85
87 85 87 87
87 87 88 87
88 87 88 89
93 84 93 85
93 85 93 86
93 86 94 86
94 86 94 87
90 89 93 89
90 89 90 91
90 91 90 92
94 87 94 89
94 89 95 89
95 89 95 91
88 89 90 89
93 89 94 89
92 93 92 96
89 99 92 99
92 96 92 99
97 98 97 99
97 98 98 98
98 98 100 98
97 99 97 100
95 100 97 100
61 75 63 75
33 91 33 92
3 0 3 1
2 1 3 1
77 0 77 2
76 2 77 2
15 2 15 3
13 2 15 2
44 3 44 4
44 4 45 4
53 3 53 4
52 4 53 4
13 11 13 12
13 12 14 12
83 11 83 12
83 11 84 11
39 15 39 16
39 16 40 16
59 19 59 21
59 21 61 21
35 23 35 24
35 24 36 24
58 24 58 27
58 24 61 24
31 30 31 32
31 32 32 32
12 34 12 35
11 35 12 35
3 36 3 37
3 36 7 36
100 37 100 38
98 38 100 38
51 39 51 41
50 41 51 41
26 38 26 41
25 38 26 38
76 42 76 43
76 43 77 43
45 41 45 44
45 41 46 41
41 51 41 52
40 51 41 51
43 52 43 53
43 52 48 52
55 53 55 55
55 53 57 53
86 56 86 59
85 59 86 59
99 56 99 58
96 58 99 58
57 56 57 57
57 56 58 56
79 62 79 63
78 62 79 62
15 63 15 65
13 63 15 63
56 67 56 68
56 68 57 68
100 68 100 69
97 69 100 69
0 70 0 73
0 70 1 70
45 71 45 73
45 71 47 71
50 71 50 73
49 71 50 71
4 77 4 78
4 78 5 78
71 77 71 80
70 77 71 77
39 81 39 82
38 82 39 82
100 80 100 81
98 80 100 80
11 82 11 83
11 82 12 82
43 85 43 86
43 85 44 85
96 88 96 89
95 89 96 89
77 92 77 93
77 93 78 93
34 92 34 93
33 92 34 92
83 95 83 97
82 97 83 97
10 96 10 97
9 97 10 97
34 96 34 99
34 99 36 99
0 99 0 100
0 99 1 99
83 99 83 100
82 99 83 99
86 99 86 100
86 99 89 99
7 2 7 3
5 3 7 3
10 1 10 2
9 1 10 1
2 8 2 9
1 9 2 9
9 18 9 19
9 18 10 18
6 21 6 23
6 21 7 21
18 14 18 15
18 15 19 15
17 24 17 26
17 24 19 24
10 14 10 18
10 14 14 14
28 21 28 22
28 22 29 22
25 23 25 24
25 23 26 23
34 19 34 20
34 20 37 20
39 18 39 20
39 18 40 18
26 13 26 17
26 17 27 17
21 13 21 15
21 13 23 13
15 28 15 29
14 28 15 28
7 35 7 36
7 35 8 35
13 40 13 43
12 40 13 40
13 45 13 46
13 45 14 45
11 46 11 47
11 46 13 46
16 49 16 50
15 50 16 50
10 47 10 48
10 47 11 47
27 50 27 51
25 50 27 50
20 49 20 50
19 49 20 49
32 32 32 35
32 35 33 35
37 31 37 34
36 34 37 34
32 46 32 47
31 47 32 47
52 5 52 6
48 6 52 6
43 11 43 12
43 12 47 12
47 16 47 17
47 16 48 16
53 16 53 18
51 18 53 18
49 22 49 23
48 23 49 23
49 27 49 30
49 30 54 30
51 20 51 22
49 22 51 22
59 1 59 2
59 2 61 2
59 7 59 10
58 10 59 10
68 3 68 4
68 4 70 4
63 13 63 14
61 13 63 13
72 15 72 16
71 15 72 15
65 20 65 21
65 21 66 21
57 32 57 33
57 33 59 33
54 30 54 32
54 32 55 32
71 37 71 38
70 37 71 37
65 40 65 42
65 40 67 40
71 34 71 35
71 34 72 34
53 46 53 47
53 47 55 47
83 8 83 9
81 8 83 8
87 23 87 24
86 24 87 24
96 1 96 2
95 2 96 2
96 7 96 8
95 8 96 8
99 1 99 2
98 1 99 1
100 2 100 3
99 2 100 2
94 12 94 13
93 12 94 12
83 28 83 29
82 29 83 29
85 33 85 34
84 34 85 34
78 40 78 41
78 41 80 41
77 45 77 51
76 51 77 51
86 37 86 39
86 39 87 39
98 38 98 39
97 39 98 39
87 51 87 52
86 51 87 51
80 43 80 44
79 44 80 44
84 36 84 37
84 37 86 37
7 59 7 60
6 60 7 60
10 67 10 68
10 68 11 68
9 66 9 67
9 67 10 67
29 64 29 65
27 65 29 65
21 78 21 79
21 79 23 79
28 80 28 81
27 81 28 81
4 90 4 91
3 91 4 91
15 99 15 100
13 99 15 99
8 92 8 94
8 92 9 92
26 94 26 96
26 94 27 94
26 91 26 92
26 92 27 92
17 85 17 86
16 86 17 86
40 65 40 66
39 65 40 65
52 67 52 68
51 67 52 67
36 76 36 77
36 76 37 76
35 78 35 79
35 78 36 78
44 82 44 85
44 82 45 82
42 95 42 97
42 95 43 95
40 98 40 99
40 98 41 98
54 76 54 77
54 77 55 77
60 76 60 78
60 76 61 76
54 79 54 80
54 79 55 79
60 85 60 86
57 86 60 86
57 86 57 87
56 87 57 87
55 86 55 87
54 86 55 86
60 90 60 91
59 91 60 91
66 58 67 58
67 58 67 62
74 62 74 63
74 62 75 62
83 61 83 63
83 61 84 61
75 72 75 73
74 73 75 73
69 75 69 76
69 76 70 76
81 73 81 76
81 73 82 73
83 71 83 73
83 71 85 71
96 61 96 63
95 63 96 63
95 63 95 64
91 64 95 64
91 64 91 65
90 65 91 65
89 71 89 74
89 71 90 71
97 72 97 73
96 72 97 72
66 89 66 90
66 90 67 90
73 87 73 89
71 89 73 89
71 89 71 90
70 90 71 90
66 97 66 98
66 97 69 97
74 97 74 99
74 99 75 99
86 89 86 90
86 89 88 89
95 99 95 100
92 99 95 99
92 92 92 93
90 92 92 92
85 78 85 82
84 78 85 78
81 83 81 84
81 83 85 83