182
65 0 65 12
26 5 26 7
32 5 32 7
95 7 100 7
37 7 37 8
54 12 65 12
95 16 97 16
46 25 46 31
44 37 44 39
65 43 65 56
39 46 39 50
94 57 94 61
94 61 97 61
66 62 67 62
2 58 2 63
91 64 94 64
38 67 42 67
56 67 56 70
94 68 100 68
38 71 43 71
77 69 77 72
64 72 64 75
33 76 37 76
17 81 18 81
87 84 92 84
27 90 30 90
44 91 51 91
77 92 78 92
86 92 86 93
70 97 78 97
78 97 78 98
30 90 30 100
17 13 17 16
7 16 17 16
7 16 7 21
26 7 30 7
30 7 32 7
32 7 37 7
31 24 37 24
31 24 31 30
20 24 31 24
4 16 7 16
44 24 46 24
46 24 46 25
37 24 44 24
20 47 20 51
40 37 44 37
39 37 40 37
39 37 39 46
32 46 39 46
20 47 24 47
20 51 20 58
20 58 22 58
15 58 20 58
2 58 15 58
22 58 22 60
21 77 21 78
22 60 22 69
47 57 49 57
25 58 38 58
38 58 38 65
38 65 38 67
38 67 38 69
38 69 38 71
37 89 43 89
37 86 37 89
37 76 37 86
44 91 44 94
22 58 25 58
65 12 65 14
65 14 65 19
95 8 95 16
95 7 95 8
94 30 94 34
89 34 94 34
82 31 82 34
60 56 65 56
52 56 60 56
66 64 73 64
57 70 64 70
56 70 57 70
64 70 64 72
66 62 66 63
82 34 89 34
75 62 75 64
66 63 66 64
77 69 81 69
73 64 75 64
94 61 94 64
94 64 94 68
81 69 89 69
81 69 81 78
88 89 93 89
87 89 88 89
87 84 87 87
87 87 87 89
78 92 86 92
78 92 78 97
0 1 0 5
0 5 1 5
91 2 91 7
91 7 95 7
40 4 40 7
37 7 40 7
51 18 51 24
46 24 51 24
8 21 8 30
7 21 8 21
97 34 97 39
94 34 97 34
11 40 11 44
11 44 19 44
0 57 0 58
0 58 2 58
54 70 54 76
54 70 56 70
46 94 46 95
44 94 46 94
95 89 95 100
93 89 95 89
1 5 1 16
1 16 4 16
26 7 26 10
20 10 26 10
20 10 20 13
17 13 20 13
31 30 31 32
31 32 32 32
17 16 17 24
17 24 20 24
19 44 19 47
19 47 20 47
38 36 38 37
38 37 39 37
32 46 32 47
24 47 32 47
32 32 32 36
32 36 38 36
21 69 21 77
21 69 22 69
18 78 18 81
18 78 21 78
49 56 49 57
49 56 52 56
37 71 37 76
37 71 38 71
38 57 38 58
38 57 47 57
30 89 30 90
30 89 37 89
44 89 44 91
43 89 44 89
65 19 65 21
65 21 70 21
75 29 75 30
75 30 80 30
80 30 80 31
80 31 82 31
95 16 95 30
94 30 95 30
70 21 70 29
70 29 75 29
66 56 66 62
65 56 66 56
77 64 77 69
75 64 77 64
81 38 81 53
78 53 81 53
76 54 76 62
75 62 76 62
94 68 94 69
89 69 94 69
78 53 78 54
76 54 78 54
64 64 64 70
64 64 66 64
86 89 86 92
86 89 87 89
87 78 87 84
81 78 87 78
82 34 82 38
81 38 82 38