377
108 1 108 7
58 2 58 21
155 4 155 5
146 5 152 5
186 6 180 6
105 7 108 7
178 7 178 6
113 10 108 10
182 10 180 10
71 13 71 24
87 15 90 15
50 17 50 21
50 21 51 21
9 18 9 30
9 30 19 30
130 18 121 18
107 19 107 18
107 18 108 18
42 24 51 24
152 25 152 13
51 26 51 24
173 26 173 28
198 27 198 28
198 28 187 28
170 28 173 28
65 29 66 29
92 29 90 29
186 31 186 28
78 32 79 32
136 33 133 33
79 35 79 32
135 41 133 41
71 47 69 47
133 47 133 46
90 49 90 35
41 50 41 48
41 48 39 48
29 53 23 53
105 53 110 53
150 54 150 58
150 58 163 58
0 56 8 56
108 62 110 62
5 63 8 63
41 72 44 72
50 73 50 72
50 72 44 72
14 76 8 76
7 77 7 76
7 76 8 76
122 77 122 72
122 72 123 72
91 82 84 82
62 84 62 92
134 85 134 93
134 93 132 93
149 85 153 85
24 90 24 92
198 90 198 97
198 97 187 97
26 91 26 92
145 93 145 95
145 95 143 95
66 97 66 95
155 97 153 97
172 97 177 97
187 98 187 97
19 100 24 100
143 100 143 97
113 102 112 102
105 104 105 102
80 107 81 107
172 107 172 113
8 109 24 109
194 113 191 113
44 114 42 114
84 115 82 115
105 116 110 116
88 118 82 118
42 121 42 114
99 126 104 126
104 127 104 126
159 127 159 129
159 129 160 129
67 129 68 129
140 130 124 130
124 131 124 130
154 132 154 130
68 135 68 129
178 141 178 144
7 143 7 158
91 145 88 145
195 145 195 152
195 152 193 152
57 146 57 162
57 162 56 162
131 148 131 155
131 155 129 155
83 151 83 154
153 153 159 153
78 154 83 154
138 157 129 157
5 158 7 158
196 158 196 154
196 154 193 154
127 160 127 157
184 161 184 154
50 162 52 162
54 169 56 169
53 172 56 172
88 173 88 168
110 178 112 178
62 184 60 184
147 184 159 184
9 185 7 185
1 186 1 188
76 186 76 192
125 188 122 188
12 191 12 189
21 191 21 189
47 192 47 189
69 194 69 193
74 194 74 193
0 195 0 188
0 188 1 188
189 195 173 195
109 196 122 196
173 196 173 195
98 198 98 189
98 189 95 189
137 200 137 196
137 196 123 196
19 30 27 30
27 30 27 37
32 37 32 44
32 44 39 44
23 41 23 37
23 37 27 37
23 48 23 41
20 54 20 53
20 53 23 53
8 56 8 54
8 54 20 54
8 62 8 56
8 63 8 62
8 76 8 63
23 53 23 48
51 21 58 21
58 21 63 21
63 21 63 24
63 24 66 24
71 24 66 24
76 24 71 24
51 24 51 21
66 24 66 29
66 39 66 44
56 44 66 44
27 37 32 37
66 44 66 47
66 47 69 47
39 44 56 44
69 47 69 55
79 28 79 24
79 24 76 24
80 31 79 31
90 31 80 31
90 15 90 29
90 29 90 31
79 31 79 28
90 35 90 31
79 32 79 31
66 29 66 39
44 64 44 60
44 60 56 60
69 55 69 60
69 60 69 65
69 65 79 65
44 65 44 64
79 65 79 74
79 74 84 74
44 72 44 65
84 74 84 82
56 60 69 60
39 48 39 44
108 7 108 10
108 10 108 13
108 13 95 13
108 18 108 13
121 18 108 18
110 53 110 47
124 33 124 30
124 30 121 30
133 33 124 33
133 41 133 33
133 46 133 41
128 46 133 46
110 47 110 46
110 46 128 46
123 72 123 62
123 62 110 62
110 62 110 53
121 30 121 18
95 13 95 15
95 15 90 15
26 92 54 92
54 92 62 92
66 95 70 95
24 100 24 92
35 113 35 109
35 109 24 109
42 114 42 113
42 113 35 113
70 95 70 92
70 92 72 92
72 92 80 92
84 82 84 92
84 92 80 92
62 92 62 95
62 95 66 95
24 92 26 92
80 106 80 102
81 106 80 106
80 92 80 102
81 107 81 106
82 115 82 107
82 107 81 107
82 121 82 118
82 127 82 121
76 127 82 127
75 128 75 127
75 127 76 127
68 129 68 128
68 128 75 128
82 118 82 115
24 109 24 100
132 93 132 95
143 95 132 95
111 95 132 95
143 97 143 95
105 102 111 102
111 102 111 95
122 116 112 116
112 116 112 104
110 116 112 116
110 121 110 116
106 125 106 121
106 121 110 121
104 126 104 125
104 125 106 125
124 130 124 116
124 116 122 116
112 104 112 102
95 102 105 102
80 102 95 102
7 158 7 185
7 185 7 188
7 188 7 189
7 189 12 189
4 188 7 188
1 188 4 188
21 189 38 189
12 189 21 189
56 162 56 167
52 162 56 162
56 167 56 168
56 168 71 168
56 169 56 168
56 172 56 169
88 143 88 137
88 137 84 137
88 145 88 143
88 154 88 145
83 154 88 154
88 156 88 154
88 168 88 156
71 168 88 168
60 188 60 186
58 183 58 172
58 172 56 172
60 186 60 184
61 188 60 188
69 193 65 193
90 192 76 192
65 193 65 188
65 188 61 188
47 189 47 188
47 188 60 188
95 189 95 192
95 192 90 192
76 192 76 193
76 193 74 193
74 193 69 193
60 184 60 183
60 183 58 183
38 189 47 189
129 155 129 157
112 157 112 156
112 156 99 156
127 157 112 157
129 157 127 157
112 166 112 157
122 188 122 185
112 178 112 166
122 185 122 178
122 178 112 178
123 196 122 196
122 196 122 188
99 156 88 156
84 137 84 127
84 127 82 127
168 5 168 6
168 6 178 6
155 5 168 5
152 13 152 5
152 5 155 5
180 6 180 10
178 6 180 6
173 28 180 28
186 28 180 28
187 28 186 28
180 20 180 28
180 10 180 20
176 58 176 69
163 58 176 58
180 57 180 58
180 58 176 58
155 83 155 85
155 85 153 85
153 85 153 90
153 90 153 97
147 97 143 97
153 97 147 97
176 69 176 79
177 80 177 79
177 79 176 79
187 97 182 97
182 97 177 97
177 97 177 80
160 79 160 83
160 83 155 83
176 79 160 79
181 106 181 104
181 104 182 104
172 113 179 113
179 113 181 113
181 113 181 106
191 113 181 113
182 104 182 97
180 28 180 57
163 128 163 117
163 117 167 117
160 129 161 129
161 129 161 128
161 128 163 128
154 130 160 130
160 130 160 129
160 141 160 130
160 144 160 141
178 144 169 144
169 144 160 144
193 152 193 154
178 153 178 144
193 154 184 154
184 154 180 154
180 154 180 153
180 153 178 153
159 153 159 144
159 144 160 144
159 175 159 153
168 193 168 184
168 184 159 184
173 195 173 193
173 193 168 193
159 184 159 175
167 117 167 113
167 113 172 113
112 102 111 102