949
373 0 373 36
373 36 374 36
61 3 61 13
61 13 66 13
101 3 101 13
460 4 460 12
228 6 228 11
228 11 211 11
75 11 75 13
449 11 449 12
449 12 450 12
112 13 101 13
328 14 328 34
328 34 330 34
195 17 195 21
418 17 418 35
475 17 473 17
181 20 181 21
472 23 473 23
208 28 208 21
89 29 89 13
165 29 165 30
391 29 391 36
22 30 22 21
22 21 38 21
156 30 162 30
345 31 345 34
452 31 452 25
452 25 450 25
441 34 441 25
441 25 444 25
299 36 299 49
497 37 491 37
62 41 66 41
189 42 189 41
189 41 181 41
160 43 162 43
409 44 409 36
265 48 265 49
265 49 267 49
483 50 483 56
115 51 115 52
115 52 113 52
267 52 267 49
472 56 473 56
490 57 490 56
389 58 398 58
10 59 10 83
10 83 12 83
239 59 239 68
222 61 222 68
460 62 460 74
352 63 350 63
173 73 173 68
387 77 387 82
44 78 44 83
295 78 300 78
497 81 496 81
275 82 275 100
380 82 387 82
351 84 350 84
496 85 496 81
133 90 134 90
12 91 12 83
420 91 420 88
101 92 101 86
304 93 300 93
91 95 91 86
139 98 136 98
468 100 478 100
300 105 300 100
478 105 478 100
64 108 59 108
345 109 345 111
183 110 183 116
12 116 12 126
12 126 6 126
175 116 183 116
92 122 59 122
348 124 345 124
370 126 370 140
337 127 337 124
337 124 344 124
5 129 6 129
402 129 394 129
136 132 136 98
35 136 35 138
35 138 27 138
438 138 438 159
5 142 6 142
232 143 232 142
416 144 416 145
281 146 281 150
281 150 278 150
395 147 395 145
261 150 269 150
269 152 269 150
202 156 202 142
290 157 278 157
342 158 342 168
342 168 339 168
272 163 278 163
306 165 306 173
368 165 370 165
419 169 425 169
20 172 21 172
113 173 113 187
113 187 110 187
134 175 134 180
134 180 138 180
360 180 360 175
32 183 32 172
32 172 21 172
259 184 266 184
284 186 284 184
284 184 278 184
396 190 396 188
396 188 384 188
153 192 153 199
493 193 483 193
97 194 97 187
126 194 138 194
304 196 317 196
257 198 266 198
266 200 266 198
442 200 442 191
442 191 429 191
71 203 71 187
71 187 86 187
149 204 149 199
321 205 321 196
321 196 317 196
266 213 266 235
266 235 255 235
360 215 341 215
158 216 158 218
438 218 473 218
200 219 200 225
200 225 197 225
393 219 393 230
393 230 386 230
162 221 162 218
162 218 158 218
100 223 100 254
192 225 197 225
29 226 30 226
43 226 30 226
385 230 386 230
495 250 491 250
131 253 136 253
57 255 57 254
103 257 103 254
103 254 100 254
235 260 235 259
282 260 282 261
282 261 280 261
341 260 341 274
299 262 299 265
299 265 300 265
463 262 463 274
69 264 69 254
189 268 194 268
260 268 264 268
356 269 356 274
410 271 410 274
410 274 402 274
450 272 450 281
125 273 125 263
125 263 136 263
264 274 264 268
402 275 402 274
445 279 445 281
227 280 227 259
326 280 326 274
168 281 168 254
168 254 165 254
3 284 19 284
305 284 300 284
462 284 462 281
498 284 498 274
498 274 483 274
295 287 300 287
434 288 435 288
195 289 193 289
347 289 347 274
392 289 392 274
303 290 300 290
445 295 445 301
494 295 494 301
462 298 462 301
253 303 253 307
59 305 59 313
59 313 58 313
134 305 134 307
456 305 456 301
161 306 161 307
245 307 253 307
435 307 435 305
170 308 170 307
96 311 96 321
362 311 362 319
362 319 369 319
219 313 219 321
219 321 208 321
495 313 494 313
269 314 272 314
60 317 58 317
316 317 316 325
316 325 315 325
417 317 429 317
334 320 334 324
334 324 332 324
91 321 96 321
444 329 433 329
498 331 494 331
148 334 148 342
326 334 326 329
119 338 120 338
224 344 224 333
224 333 208 333
0 346 0 318
0 318 4 318
179 346 179 333
304 346 303 346
266 350 278 350
467 350 489 350
302 353 303 353
314 355 314 353
314 353 303 353
489 357 489 350
433 359 433 329
87 360 97 360
407 361 407 345
204 362 204 366
133 363 142 363
286 366 286 362
286 362 283 362
268 367 268 366
268 366 269 366
348 369 360 369
135 372 142 372
243 375 243 390
243 390 249 390
291 378 291 394
291 394 289 394
173 380 180 380
302 380 302 381
302 381 310 381
457 380 457 381
457 381 445 381
68 381 68 385
444 381 445 381
208 383 208 366
208 366 204 366
72 385 68 385
147 385 144 385
310 385 310 381
132 386 132 385
132 385 142 385
498 388 498 401
498 401 479 401
18 393 18 397
395 396 395 398
16 397 18 397
248 399 249 399
228 401 228 411
32 403 32 406
415 403 403 403
444 405 444 402
444 402 446 402
7 406 18 406
44 406 37 406
188 408 184 408
229 411 228 411
339 411 335 411
124 413 124 417
124 417 132 417
99 418 99 423
99 423 96 423
395 419 403 419
307 423 307 421
180 424 184 424
108 429 96 429
471 434 472 434
423 436 423 443
472 437 472 434
231 438 231 429
231 429 228 429
50 439 50 441
404 439 404 443
500 439 491 439
346 441 346 440
401 443 404 443
96 447 96 441
365 450 365 445
257 451 280 451
0 454 0 453
0 453 17 453
280 454 280 451
309 455 314 455
224 464 224 465
168 465 168 464
384 473 384 472
228 474 228 465
228 465 224 465
271 475 271 479
63 476 63 477
463 477 463 489
294 478 294 479
260 479 271 479
410 479 410 473
9 480 9 477
9 477 40 477
273 481 273 479
354 481 359 481
54 483 54 477
359 484 359 481
124 485 124 476
124 476 126 476
105 487 105 479
105 479 102 479
297 487 296 487
179 489 179 483
179 483 180 483
288 490 296 490
311 491 311 490
311 490 296 490
445 493 445 489
379 494 379 481
450 499 450 489
488 500 488 489
66 13 66 21
66 21 66 32
66 32 66 41
101 13 89 13
89 13 75 13
38 21 66 21
75 13 66 13
12 83 30 83
30 83 44 83
44 83 44 86
44 86 59 86
74 52 74 78
74 78 79 78
78 86 79 86
79 78 79 86
80 86 87 86
87 86 91 86
103 83 103 72
103 72 113 72
101 86 101 83
101 83 103 83
59 86 78 86
79 86 80 86
113 52 113 72
121 72 129 72
91 86 101 86
59 94 59 86
66 41 66 52
66 52 74 52
6 126 6 129
6 129 6 134
6 134 6 138
6 138 6 142
27 138 6 138
6 142 6 150
15 157 15 161
15 161 21 161
29 161 29 160
29 160 49 160
21 161 29 161
21 165 21 161
21 172 21 165
6 150 6 157
6 157 15 157
59 108 59 94
59 133 59 122
77 162 77 160
77 160 59 160
86 174 86 162
86 162 77 162
110 187 97 187
97 187 86 187
86 187 86 174
49 160 59 160
59 160 59 133
59 122 59 108
211 11 211 13
211 13 208 13
165 30 162 30
181 30 165 30
208 13 208 21
181 21 181 30
192 21 181 21
195 21 192 21
208 21 195 21
162 30 162 39
181 41 181 30
162 39 162 43
129 72 142 72
162 43 162 68
142 83 142 72
134 92 134 90
136 98 136 92
136 92 134 92
162 68 173 68
173 68 190 68
190 68 222 68
222 68 239 68
239 68 239 81
239 81 243 81
243 81 243 100
243 100 246 100
246 100 246 112
183 116 183 128
183 128 187 128
246 120 246 112
187 128 187 142
232 142 232 120
232 120 246 120
205 142 232 142
187 142 202 142
275 100 275 112
275 112 271 112
134 90 134 83
134 83 142 83
180 179 180 142
180 142 187 142
138 180 138 194
138 194 138 199
138 199 149 199
149 199 153 199
153 199 169 199
169 199 169 179
169 179 180 179
202 142 205 142
142 72 142 68
142 68 162 68
113 72 121 72
267 49 299 49
299 49 300 49
300 49 300 61
300 61 300 78
300 78 300 93
271 112 271 124
283 100 275 100
300 93 300 100
251 112 271 112
271 124 271 140
300 100 283 100
347 34 345 34
345 34 330 34
330 34 330 37
330 37 330 49
330 49 314 49
348 54 348 34
348 34 347 34
350 63 350 54
350 54 348 54
345 111 350 111
350 111 350 84
344 124 345 124
345 124 345 111
350 84 350 63
314 49 300 49
271 150 278 150
278 150 278 157
271 140 271 150
269 150 271 150
278 170 278 173
278 173 290 173
278 184 278 173
266 184 278 184
266 198 266 184
278 157 278 163
339 168 339 175
306 173 306 175
306 175 317 175
317 175 339 175
339 175 343 175
343 175 360 175
317 180 317 175
317 196 317 180
290 173 306 173
278 163 278 170
418 35 418 36
418 36 409 36
374 36 386 36
409 36 398 36
398 36 398 58
391 36 398 36
386 36 391 36
398 58 398 61
398 82 398 88
387 82 398 82
425 77 425 88
425 88 420 88
401 88 398 88
398 88 398 103
398 103 394 103
394 103 394 129
398 61 398 82
467 12 467 14
467 14 473 14
460 12 467 12
450 24 450 12
450 25 450 24
444 25 450 25
473 14 473 17
473 17 473 23
473 23 473 37
473 37 491 37
450 12 460 12
491 50 491 56
491 56 490 56
473 56 473 61
483 56 473 56
490 56 483 56
437 74 437 77
437 77 425 77
460 74 437 74
473 74 460 74
478 81 478 74
478 74 473 74
496 81 478 81
478 100 478 81
473 61 473 74
491 37 491 50
420 88 401 88
394 129 394 140
414 145 416 145
416 145 416 154
416 154 418 154
394 140 394 145
394 145 395 145
370 140 386 140
370 174 370 165
384 188 384 175
384 175 370 175
370 175 370 174
386 140 394 140
418 154 418 157
418 157 423 157
423 157 423 159
423 159 425 159
425 159 428 159
428 159 438 159
438 159 438 165
438 165 457 165
425 169 425 159
429 191 429 183
429 183 425 183
425 183 425 169
483 174 483 193
483 193 483 209
483 209 473 209
457 165 457 174
457 174 483 174
395 145 414 145
370 165 370 140
360 175 370 175
246 112 251 112
30 226 30 244
30 244 30 248
42 248 30 248
30 248 30 276
30 276 21 276
56 252 56 248
56 248 42 248
61 254 57 254
57 254 57 252
57 252 56 252
100 254 69 254
69 254 61 254
21 276 21 284
21 284 19 284
19 284 19 289
19 289 19 313
19 313 29 313
29 313 58 313
58 313 58 317
4 318 4 313
4 313 19 313
58 327 58 345
58 345 64 345
87 345 97 345
64 345 87 345
96 321 96 328
96 328 97 328
97 328 106 328
106 328 120 328
97 341 97 328
97 345 97 341
97 360 97 345
64 351 64 345
58 317 58 327
23 406 32 406
32 406 37 406
18 406 23 406
18 397 18 406
37 371 37 351
37 351 64 351
23 423 23 406
30 450 23 450
50 441 50 450
50 450 46 450
22 452 22 450
22 450 23 450
17 453 17 452
17 452 22 452
23 450 23 423
68 385 68 403
80 421 80 423
80 423 93 423
96 423 96 429
93 423 96 423
96 429 96 441
96 441 80 441
80 441 50 441
68 403 68 421
68 421 80 421
46 450 30 450
40 477 46 477
46 461 46 450
54 477 46 477
63 477 54 477
102 479 102 477
102 477 63 477
46 477 46 461
37 406 37 371
158 218 149 218
149 218 149 237
149 237 147 237
165 248 165 246
165 246 171 246
147 237 147 253
136 253 147 253
154 254 165 254
165 254 165 248
136 263 136 253
147 253 147 254
147 254 154 254
197 225 197 235
197 235 197 236
182 236 197 236
197 236 197 238
197 238 199 238
199 238 199 241
199 241 203 241
203 241 203 243
203 243 212 243
212 243 212 259
227 259 235 259
202 259 212 259
235 259 235 246
235 246 243 246
194 271 194 268
193 277 193 271
193 271 194 271
193 289 193 277
194 268 194 259
194 259 202 259
171 246 171 236
171 236 182 236
179 307 179 292
179 292 180 292
150 307 161 307
134 307 150 307
129 309 129 307
129 307 134 307
125 318 125 309
125 309 129 309
120 328 120 318
120 318 125 318
120 329 120 328
148 342 140 342
140 342 140 338
140 338 120 338
180 292 180 289
180 289 193 289
208 321 208 333
208 333 195 333
195 333 179 333
170 307 179 307
161 307 170 307
179 333 179 307
146 362 146 356
146 356 148 356
142 363 142 362
142 362 146 362
142 372 142 363
142 378 142 372
142 385 142 378
144 385 142 385
162 356 148 356
184 366 180 366
204 366 184 366
180 374 180 366
180 380 180 374
148 356 148 342
132 417 132 423
132 423 132 460
132 460 140 460
150 460 150 464
150 464 168 464
140 460 150 460
140 475 140 460
126 476 126 475
126 475 140 475
180 386 180 380
184 415 184 408
184 424 184 415
213 440 213 429
228 411 228 414
228 414 228 429
213 429 213 425
213 425 194 425
219 429 213 429
228 429 219 429
194 425 194 424
194 424 184 424
213 464 213 440
189 464 213 464
215 465 215 464
215 464 213 464
224 465 215 465
180 483 180 464
180 464 189 464
168 464 180 464
184 408 184 386
184 386 180 386
180 366 180 356
180 356 162 356
120 338 120 329
255 235 255 246
243 246 255 246
255 246 255 254
255 254 264 254
264 254 264 261
264 261 274 261
280 261 280 279
274 261 280 261
264 268 264 261
300 265 300 279
314 265 300 265
316 265 314 265
300 279 300 284
300 284 300 287
284 279 300 279
280 279 284 279
341 215 341 227
341 227 333 227
333 227 333 249
333 249 322 249
322 249 322 256
322 256 314 256
356 274 347 274
347 274 341 274
341 274 326 274
326 274 324 274
324 274 324 265
324 265 316 265
314 256 314 265
386 230 386 262
386 262 386 274
402 274 392 274
392 274 386 274
386 274 383 274
383 274 356 274
300 287 300 290
253 307 253 310
253 310 272 310
272 310 272 314
272 314 272 324
272 324 288 324
300 313 300 324
300 324 299 324
288 324 299 324
315 325 315 329
313 325 315 325
299 324 299 325
315 329 326 329
299 325 313 325
278 346 299 346
278 350 278 346
278 362 278 350
283 362 278 362
269 366 269 362
269 362 278 362
299 344 299 325
303 349 303 346
303 351 303 349
303 353 303 351
299 346 299 344
303 346 299 346
332 324 332 329
326 329 332 329
336 341 336 343
336 343 350 343
350 343 360 343
360 343 360 341
369 319 369 332
369 332 371 332
374 332 407 332
424 332 424 329
424 329 429 329
371 339 371 332
360 341 360 339
360 339 371 339
371 332 374 332
407 345 407 332
360 351 360 343
360 369 360 351
332 329 332 341
332 341 336 341
300 290 300 313
473 209 473 218
476 228 476 218
476 218 473 218
471 274 483 274
483 274 483 261
450 281 462 281
445 281 450 281
489 234 489 228
489 228 476 228
491 258 491 250
483 261 483 258
483 258 491 258
463 274 471 274
462 281 462 274
462 274 463 274
491 250 491 234
491 234 489 234
429 305 435 305
462 301 456 301
456 301 445 301
445 301 435 301
429 317 429 305
429 329 429 317
433 329 429 329
435 301 435 288
480 301 462 301
494 301 480 301
494 313 494 301
494 331 494 313
489 350 489 331
489 331 494 331
435 305 435 301
435 288 435 281
435 281 445 281
407 332 424 332
249 390 249 399
289 394 289 400
289 400 289 412
289 412 293 412
267 400 289 400
249 399 249 400
249 400 267 400
293 421 307 421
293 412 293 421
284 451 284 421
284 421 293 421
330 381 330 408
330 408 335 408
310 381 330 381
335 408 335 411
335 412 335 421
307 421 315 421
315 421 335 421
335 421 335 426
335 426 339 426
339 426 339 440
339 440 340 440
346 440 363 440
318 452 318 447
318 447 340 447
314 455 314 452
314 452 318 452
340 440 346 440
335 411 335 412
280 451 284 451
294 479 284 479
284 479 284 466
273 479 284 479
271 479 273 479
296 487 296 479
296 479 294 479
296 488 296 487
296 490 296 488
284 466 284 451
395 398 384 398
384 398 366 398
362 373 362 369
362 369 360 369
403 403 403 398
403 398 395 398
403 410 403 403
366 414 366 398
403 419 403 410
363 421 363 414
363 414 366 414
365 440 363 440
365 445 365 440
374 459 374 445
374 445 371 445
381 461 381 459
381 459 374 459
390 472 384 472
384 472 381 472
381 472 381 461
379 481 379 472
379 472 381 472
359 481 379 481
371 445 365 445
404 443 423 443
423 443 423 462
423 462 423 473
423 473 410 473
426 473 423 473
391 472 390 472
363 440 363 421
340 447 340 440
445 381 445 382
445 382 445 391
445 391 446 391
446 391 446 402
472 402 472 427
479 401 479 402
479 402 472 402
464 402 472 402
446 402 464 402
482 427 491 427
491 427 491 439
472 427 482 427
472 434 472 427
443 473 426 473
491 439 491 489
491 489 488 489
466 489 463 489
463 489 450 489
450 489 445 489
445 489 445 473
445 473 443 473
488 489 466 489
410 473 410 472
410 472 391 472
366 398 366 373
366 373 362 373
212 259 227 259