1937
541 3 541 35
472 4 472 41
572 5 572 28
860 6 860 15
860 15 846 15
224 9 224 19
642 9 642 30
181 10 181 19
842 11 842 15
66 13 66 33
66 33 75 33
678 14 678 25
678 25 677 25
802 17 802 22
756 21 756 30
756 30 780 30
173 22 181 22
317 24 317 38
317 38 306 38
390 24 390 29
236 26 236 19
236 19 224 19
448 28 448 41
613 28 572 28
370 29 390 29
638 30 642 30
15 33 15 43
950 34 950 84
0 36 0 44
0 44 3 44
290 38 306 38
147 39 147 43
17 43 15 43
155 47 155 43
984 51 984 67
496 54 496 41
121 56 121 68
121 68 90 68
365 56 365 60
365 60 376 60
136 57 136 43
136 43 147 43
255 57 255 62
255 62 253 62
784 58 780 58
246 62 253 62
385 64 385 60
189 65 183 65
994 67 984 67
376 70 376 60
5 71 5 70
5 70 15 70
850 71 846 71
692 79 692 76
578 87 569 87
253 89 253 86
177 95 183 95
505 95 505 109
983 95 983 87
35 96 35 70
546 96 546 109
546 109 524 109
312 97 306 97
651 99 657 99
969 103 969 99
969 99 968 99
801 106 801 108
205 107 205 95
566 107 568 107
932 107 935 107
339 108 323 108
784 108 801 108
384 110 384 114
384 114 391 114
431 114 427 114
326 116 323 116
427 116 427 114
610 118 610 135
610 135 604 135
277 124 277 103
277 103 287 103
468 126 499 126
36 130 28 130
494 133 499 133
728 134 728 152
594 135 604 135
710 138 710 152
829 138 840 138
175 144 175 139
22 147 28 147
27 150 28 150
431 152 431 155
887 152 889 152
661 153 661 152
31 154 28 154
730 159 730 152
730 152 728 152
243 161 211 161
943 161 943 107
943 107 935 107
323 165 323 116
530 165 530 160
438 166 438 155
438 155 431 155
894 167 894 152
894 152 889 152
96 169 96 166
96 166 100 166
611 171 606 171
634 172 634 167
634 167 657 167
470 176 502 176
20 180 20 181
120 180 120 166
120 166 105 166
398 181 398 155
606 182 606 171
252 185 252 197
654 187 662 187
673 187 662 187
327 190 327 191
327 191 317 191
209 192 211 192
165 194 165 198
214 196 211 196
241 196 241 197
241 197 243 197
159 198 165 198
272 200 272 209
375 201 375 218
776 202 776 211
7 203 20 203
505 203 508 203
796 204 796 211
796 211 789 211
263 205 263 209
933 206 933 217
95 207 89 207
67 208 67 207
67 207 72 207
622 208 622 209
851 209 840 209
696 215 696 217
737 215 737 217
763 216 763 217
363 218 375 218
464 219 464 262
995 219 985 219
39 221 20 221
411 222 400 222
752 222 752 217
150 224 150 214
150 214 165 214
284 224 284 209
824 225 831 225
318 226 319 226
248 227 248 218
327 227 327 226
327 226 319 226
831 232 831 225
16 233 16 221
16 221 20 221
709 238 696 238
992 243 985 243
528 244 527 244
611 247 599 247
525 248 527 248
980 249 985 249
551 251 527 251
354 252 354 264
987 252 987 249
987 249 985 249
230 256 230 260
230 260 231 260
659 259 659 262
256 260 231 260
486 261 486 262
486 262 468 262
450 262 464 262
160 264 160 293
160 293 157 293
297 264 317 264
388 264 400 264
209 265 231 265
509 269 509 275
424 270 424 289
743 270 743 272
743 272 744 272
748 272 744 272
36 275 36 284
575 275 599 275
877 280 881 280
645 281 661 281
882 282 881 282
433 286 433 289
4 287 19 287
542 288 542 291
700 288 700 278
700 278 691 278
283 289 306 289
829 289 829 287
829 287 825 287
154 293 157 293
241 294 231 294
741 295 744 295
306 298 306 289
380 298 380 300
162 299 157 299
527 299 527 291
800 302 800 300
800 300 796 300
388 304 388 300
600 305 600 275
600 275 599 275
880 305 881 305
131 308 131 304
765 308 765 305
956 308 956 323
221 309 231 309
983 310 983 323
438 312 438 305
438 305 445 305
373 313 373 307
471 315 471 305
471 305 468 305
784 315 784 305
930 317 930 323
930 323 938 323
661 318 661 281
970 325 970 323
35 334 30 334
414 337 416 337
28 339 30 339
118 339 118 352
787 339 787 342
228 341 228 346
570 341 570 363
923 341 928 341
996 341 996 323
996 323 983 323
810 342 787 342
86 346 86 352
717 346 717 364
933 349 928 349
124 350 124 352
124 352 122 352
670 351 670 364
345 352 323 352
122 357 122 352
426 360 426 363
324 361 324 360
324 360 323 360
453 363 426 363
902 363 902 365
645 365 645 369
645 369 653 369
806 365 787 365
697 368 697 364
769 371 769 365
545 373 545 363
994 376 994 378
994 378 989 378
169 377 169 354
234 377 228 377
909 378 909 365
26 380 30 380
30 383 30 380
69 388 69 374
69 374 66 374
97 389 106 389
832 389 832 392
805 390 805 392
189 391 189 400
313 392 313 394
313 394 309 394
854 392 832 392
304 394 306 394
371 394 371 406
371 406 394 406
788 394 788 392
874 397 874 365
874 365 882 365
109 402 108 402
953 402 953 403
24 403 45 403
99 404 99 402
99 402 106 402
761 404 761 400
761 400 782 400
48 406 46 406
46 408 46 406
394 408 394 406
337 410 309 410
610 411 592 411
921 412 921 403
921 403 928 403
177 413 177 400
177 400 185 400
419 413 419 406
419 406 416 406
945 415 945 403
561 416 561 411
561 411 589 411
654 417 666 417
828 418 832 418
120 421 108 421
283 422 283 419
283 419 296 419
687 425 687 417
687 417 666 417
104 427 104 421
104 421 108 421
197 427 206 427
228 428 208 428
208 430 208 428
850 431 850 426
850 426 847 426
360 439 327 439
660 441 660 478
702 444 702 470
702 470 712 470
41 446 41 455
489 446 489 462
775 449 775 467
819 449 819 466
819 466 826 466
519 451 519 460
519 460 512 460
22 452 22 457
22 457 24 457
869 456 869 463
422 457 422 462
422 462 424 462
231 459 231 477
231 477 247 477
585 459 585 478
585 478 597 478
986 461 986 469
986 469 948 469
751 463 751 467
870 463 869 463
149 465 149 475
296 465 296 477
464 467 464 462
744 473 744 472
831 474 829 474
78 476 78 475
176 479 159 479
247 480 247 477
374 480 374 489
823 482 829 482
786 485 786 467
786 467 775 467
375 489 374 489
759 494 747 494
730 496 712 496
158 497 159 497
597 497 597 478
573 499 536 499
140 500 159 500
188 501 184 501
747 501 747 494
481 505 491 505
81 507 81 520
662 507 662 501
303 508 303 503
806 509 806 537
806 537 807 537
908 510 908 502
180 512 184 512
417 512 417 510
417 510 421 510
943 515 947 515
92 518 92 520
187 519 184 519
1 521 1 531
1 531 2 531
536 524 536 499
645 526 645 532
645 532 644 532
636 528 636 532
760 529 760 547
239 530 239 537
239 537 248 537
260 533 260 537
14 536 14 531
126 536 168 536
844 537 842 537
2 538 2 531
781 541 781 547
781 547 776 547
807 541 807 537
899 542 878 542
487 547 491 547
952 548 947 548
287 550 287 558
960 557 947 557
391 559 391 565
391 565 389 565
59 561 59 566
59 566 78 566
424 561 424 572
424 572 456 572
885 562 885 549
885 549 878 549
272 563 272 558
509 565 509 570
599 565 599 568
599 568 612 568
81 566 78 566
932 569 944 569
523 570 515 570
660 574 660 577
19 575 19 591
19 591 11 591
320 579 312 579
724 582 724 577
310 584 312 584
836 585 836 537
70 586 78 586
937 586 944 586
463 588 458 588
515 588 515 570
260 589 260 588
214 590 214 588
214 588 242 588
3 591 11 591
481 591 494 591
307 594 307 590
307 590 312 590
625 594 625 577
124 597 114 597
794 601 794 556
794 556 788 556
178 603 168 603
423 603 423 605
686 604 672 604
422 605 423 605
7 607 11 607
115 607 115 606
115 606 114 606
572 609 572 632
974 613 958 613
769 616 769 630
769 630 746 630
417 618 423 618
89 622 91 622
151 622 158 622
40 625 40 638
649 626 658 626
731 626 731 630
731 630 735 630
903 630 903 635
903 635 906 635
176 633 176 636
517 633 517 632
909 635 906 635
185 636 176 636
382 636 382 647
832 637 832 639
832 639 825 639
233 638 233 648
809 639 825 639
355 646 355 647
597 646 597 651
654 647 658 647
11 648 11 638
183 648 176 648
226 648 233 648
296 650 296 635
296 635 311 635
333 650 333 647
93 651 93 650
93 650 91 650
171 651 171 648
398 659 398 651
156 663 156 657
156 657 161 657
247 663 233 663
998 666 998 653
998 653 981 653
686 667 685 667
599 669 601 669
62 670 66 670
466 673 454 673
901 674 906 674
454 675 454 673
559 678 573 678
338 679 350 679
780 679 780 684
913 681 906 681
125 687 125 705
125 705 140 705
717 688 724 688
176 690 176 716
418 692 418 688
418 688 426 688
97 697 66 697
832 699 832 688
744 701 744 688
335 705 335 733
335 733 337 733
574 705 573 705
200 707 200 709
673 707 672 707
251 709 233 709
70 715 66 715
190 717 190 716
389 718 380 718
996 721 996 719
996 719 988 719
724 722 724 688
210 725 216 725
375 726 380 726
46 727 48 727
760 735 769 735
498 737 503 737
392 738 380 738
901 739 906 739
572 740 572 746
572 746 562 746
29 741 37 741
188 744 175 744
825 744 825 763
825 763 835 763
522 745 522 746
791 745 791 735
791 735 788 735
123 746 123 725
123 725 140 725
224 746 216 746
251 746 251 755
251 755 254 755
449 748 449 759
431 751 431 759
930 751 906 751
277 752 277 755
313 753 313 755
421 759 431 759
451 762 449 762
211 763 216 763
309 765 309 755
565 766 565 762
565 762 562 762
994 767 994 777
592 768 592 766
592 766 623 766
54 770 42 770
11 771 11 770
11 770 37 770
851 777 851 782
997 777 994 777
391 784 379 784
834 784 835 784
735 785 735 787
918 785 918 788
525 786 525 787
635 786 635 780
635 780 629 780
837 786 835 786
545 787 543 787
823 787 830 787
418 793 425 793
425 794 425 793
830 795 830 787
264 798 254 798
925 798 925 788
185 800 175 800
897 802 911 802
316 803 316 797
316 797 320 797
500 804 500 799
462 805 462 799
241 807 249 807
554 811 543 811
372 812 372 784
372 784 379 784
625 812 625 824
916 814 914 814
225 819 249 819
105 820 105 821
249 820 249 819
787 823 787 835
787 835 784 835
91 824 91 821
608 824 625 824
965 825 954 825
126 826 126 823
18 828 18 827
18 827 27 827
49 830 49 827
527 832 527 817
527 817 543 817
760 835 763 835
767 840 767 835
456 846 456 867
567 846 567 847
567 847 556 847
891 846 891 842
784 848 784 835
142 849 140 849
193 849 193 858
283 849 283 855
283 855 275 855
326 850 326 860
342 854 342 858
869 854 869 842
869 842 882 842
270 855 275 855
52 857 52 863
52 863 39 863
195 857 195 858
192 858 193 858
602 859 626 859
367 860 359 860
533 861 533 868
216 862 195 862
21 863 39 863
315 864 315 860
315 860 326 860
443 867 456 867
88 872 90 872
472 872 472 884
569 874 569 868
569 868 556 868
374 875 359 875
351 876 359 876
276 877 275 877
51 878 39 878
512 879 512 884
537 884 533 884
497 885 497 884
464 886 464 884
184 887 195 887
968 887 958 887
951 888 952 888
722 889 700 889
838 890 838 900
838 900 870 900
928 896 928 895
928 895 952 895
527 898 533 898
700 898 700 889
562 900 533 900
870 901 870 900
26 902 36 902
274 902 274 896
644 905 652 905
976 908 958 908
262 913 262 896
370 915 370 916
146 916 146 901
146 901 142 901
537 919 533 919
71 920 71 925
207 920 206 920
405 923 405 916
662 924 652 924
318 927 318 947
234 931 234 972
873 931 872 931
279 932 279 947
817 933 817 944
817 944 835 944
185 936 206 936
32 942 32 925
32 925 36 925
362 942 359 942
505 949 517 949
529 959 517 959
346 963 346 947
249 965 249 974
216 969 216 972
729 969 729 971
744 970 744 971
918 971 918 969
545 975 545 993
190 977 206 977
838 977 838 976
838 976 859 976
235 978 235 974
679 978 679 971
679 971 686 971
993 981 993 961
993 961 989 961
147 986 147 988
470 986 470 989
470 989 492 989
122 992 122 988
267 992 267 974
765 992 765 971
765 971 744 971
569 993 545 993
877 994 877 976
208 996 208 995
208 995 206 995
517 997 517 993
711 997 711 971
529 999 529 993
380 1000 380 990
380 990 384 990
617 1000 617 951
617 951 626 951
15 43 15 44
15 44 15 70
3 44 15 44
80 69 80 94
18 70 35 70
15 70 18 70
75 33 75 69
90 68 90 69
90 69 80 69
75 69 80 69
51 69 75 69
80 94 80 119
80 119 103 119
35 70 35 69
35 69 51 69
28 130 28 147
28 147 28 150
28 150 28 154
45 172 54 172
28 154 28 172
28 181 28 172
20 181 28 181
20 203 20 181
20 221 20 203
28 172 45 172
82 149 82 172
82 172 72 172
103 119 103 133
103 133 107 133
107 133 107 136
130 136 107 136
105 153 105 149
105 166 105 153
100 166 105 166
72 172 72 196
89 207 89 234
72 196 72 207
72 207 89 207
54 172 72 172
107 136 107 149
107 149 105 149
147 43 155 43
155 43 164 43
164 43 181 43
181 19 181 22
197 19 181 19
224 19 197 19
181 22 181 43
182 59 182 65
182 65 183 65
183 77 183 95
183 95 186 95
186 95 186 130
219 86 219 95
219 95 205 95
183 65 183 77
253 62 253 71
253 71 253 86
253 86 219 86
181 43 181 59
181 59 182 59
186 130 186 139
186 139 182 139
137 139 137 136
137 136 130 136
175 139 137 139
182 139 175 139
182 160 182 139
211 161 211 160
211 160 182 160
205 95 186 95
306 38 306 49
306 49 306 71
306 71 264 71
287 103 306 103
306 103 306 97
306 97 306 71
323 108 323 103
323 103 306 103
323 116 323 108
264 71 253 71
211 173 211 161
211 192 211 173
165 198 165 214
165 214 193 214
193 214 211 214
211 196 211 192
252 197 252 209
243 197 252 197
284 209 272 209
267 209 263 209
263 209 252 209
252 209 252 218
252 218 248 218
248 218 230 218
230 218 230 214
230 214 211 214
317 191 317 209
272 209 267 209
319 224 319 209
319 209 317 209
319 226 319 224
317 209 284 209
211 214 211 196
105 149 82 149
51 284 113 284
113 284 113 304
113 304 131 304
19 292 19 287
19 311 19 292
89 253 89 255
89 255 103 255
103 255 113 255
113 255 113 260
113 260 113 284
36 284 51 284
19 287 19 284
19 284 36 284
30 334 30 311
30 311 19 311
30 371 30 339
38 374 30 374
30 374 30 371
48 374 45 374
30 380 30 374
70 352 70 362
70 362 66 362
66 362 66 374
66 374 48 374
45 374 38 374
45 393 45 374
45 403 45 393
46 406 46 403
46 403 45 403
118 352 106 352
106 352 86 352
122 352 118 352
106 380 106 352
106 389 106 380
108 402 106 402
108 413 108 402
108 421 108 413
106 402 106 389
86 352 70 352
30 339 30 334
157 293 157 299
157 299 157 304
157 304 144 304
144 304 144 320
131 304 144 304
146 335 146 350
146 350 153 350
153 350 153 354
153 354 169 354
182 354 182 356
182 356 209 356
231 260 231 265
231 265 231 290
231 290 231 294
231 294 231 309
231 309 231 312
231 312 249 312
249 312 249 328
249 328 251 328
228 346 229 346
229 346 251 346
251 328 251 346
209 356 228 356
228 356 228 346
228 377 228 356
251 346 251 360
251 360 282 360
169 354 182 354
209 392 209 380
209 380 220 380
185 400 189 400
189 400 206 400
206 400 206 392
206 392 209 392
206 406 206 400
206 427 206 406
208 428 208 427
208 427 206 427
220 380 220 377
220 377 228 377
354 264 317 264
317 277 317 289
306 289 317 289
317 289 317 301
317 301 321 301
321 301 321 335
321 335 323 335
323 335 323 352
323 352 323 360
323 360 306 360
306 394 309 394
309 394 309 410
309 410 309 419
296 419 309 419
309 419 309 432
309 432 327 432
306 377 306 394
306 360 306 377
282 360 306 360
144 320 144 335
144 335 146 335
89 234 89 253
390 29 390 33
390 33 394 33
394 33 394 53
394 53 394 60
385 60 394 60
395 60 424 60
394 60 395 60
376 60 385 60
448 41 472 41
391 114 398 114
399 106 424 106
424 78 424 60
424 106 424 78
398 114 398 106
398 106 399 106
431 155 412 155
412 155 398 155
398 124 398 114
398 155 398 124
427 114 427 106
427 106 424 106
535 41 535 35
535 35 540 35
541 35 569 35
569 35 569 80
572 28 572 35
572 35 569 35
540 35 541 35
496 41 535 41
472 41 496 41
505 109 505 122
505 122 499 122
524 109 505 109
499 122 499 126
499 126 499 133
499 133 499 142
499 142 507 142
536 155 536 160
536 160 530 160
507 142 507 160
511 160 507 160
530 160 511 160
502 176 507 176
507 160 507 176
507 176 507 187
507 187 508 187
569 80 569 87
604 135 604 145
604 145 604 151
568 147 568 151
604 151 592 151
592 151 568 151
568 151 557 151
606 171 606 151
606 151 604 151
569 87 569 107
569 107 568 107
557 151 557 155
557 155 536 155
568 107 568 147
424 60 424 41
424 41 448 41
375 218 375 222
375 222 400 222
400 222 400 241
373 300 364 300
364 300 364 264
364 264 354 264
373 307 373 300
400 241 400 264
400 264 400 289
421 289 400 289
424 289 421 289
395 289 395 300
395 300 388 300
380 300 373 300
388 300 380 300
433 289 424 289
464 262 468 262
468 262 468 279
484 283 468 283
468 279 468 283
445 294 445 289
445 289 433 289
468 283 468 305
454 305 445 305
445 305 445 294
468 305 454 305
400 289 395 289
416 337 416 334
416 334 421 334
426 363 416 363
416 363 416 337
416 377 416 363
416 406 416 377
411 406 416 406
394 406 411 406
421 334 421 289
508 203 508 217
508 217 527 217
537 217 527 217
527 217 527 244
513 275 509 275
527 244 527 248
527 248 527 251
527 251 527 275
542 291 533 291
533 291 527 291
509 275 509 283
509 283 497 283
527 275 513 275
527 291 527 275
609 209 609 215
609 215 595 215
595 215 595 218
595 218 591 218
580 218 565 218
591 218 580 218
591 238 591 218
599 247 599 238
599 238 591 238
599 250 599 247
599 275 599 250
565 218 565 217
565 217 537 217
544 346 544 322
544 322 543 322
573 363 570 363
570 363 545 363
545 363 545 346
545 346 544 346
589 398 589 386
589 386 577 386
592 411 589 411
589 411 589 398
577 386 577 363
577 363 573 363
543 322 543 291
543 291 542 291
497 283 484 283
508 187 508 203
317 264 317 277
677 25 677 30
677 30 677 76
642 30 677 30
745 76 745 58
745 58 780 58
692 76 745 76
677 76 692 76
657 149 657 99
657 152 657 149
661 152 657 152
678 152 661 152
710 152 678 152
728 152 710 152
657 167 657 152
657 99 657 76
657 76 677 76
797 30 797 22
797 22 802 22
802 22 841 22
841 22 841 15
841 15 842 15
842 15 846 15
846 15 846 71
780 30 797 30
780 51 780 30
843 78 843 85
843 85 840 85
840 85 840 114
801 108 801 114
801 114 816 114
816 114 840 114
840 114 840 124
840 124 840 138
889 124 858 124
906 99 906 124
906 124 889 124
858 124 840 124
889 125 889 124
889 152 889 125
840 138 840 184
846 71 846 78
846 78 843 78
968 84 950 84
950 84 935 84
935 86 935 84
935 107 935 86
984 67 984 87
984 87 983 87
935 84 907 84
978 87 968 87
983 87 978 87
968 87 968 84
968 99 968 87
907 84 907 99
907 99 906 99
780 58 780 51
662 187 662 211
638 211 638 209
638 209 622 209
662 211 638 211
662 217 662 211
696 217 662 217
696 238 696 217
659 262 659 274
659 274 661 274
691 267 691 246
691 246 695 246
691 274 691 267
687 274 691 274
661 274 687 274
691 278 691 274
661 281 661 274
695 246 695 238
695 238 696 238
776 211 776 217
789 211 776 211
737 217 725 217
752 217 737 217
763 217 752 217
776 217 763 217
777 226 777 217
777 217 776 217
744 272 744 295
744 295 744 305
744 305 765 305
765 305 766 305
783 236 783 226
783 226 777 226
799 249 799 236
799 236 783 236
796 287 825 287
796 300 796 287
786 300 796 300
766 305 784 305
784 305 784 300
784 300 786 300
825 255 825 254
825 254 812 254
840 184 840 209
840 209 840 225
840 225 840 235
840 235 853 235
853 252 853 255
853 255 825 255
812 254 812 249
812 249 799 249
825 281 825 255
853 235 853 252
825 287 825 281
725 217 696 217
670 364 680 364
680 364 697 364
717 364 744 364
653 369 666 369
666 369 666 364
666 364 670 364
666 413 666 369
666 417 666 413
787 342 787 365
697 364 717 364
752 364 744 364
787 365 783 365
783 365 769 365
769 365 769 364
769 364 752 364
805 392 788 392
822 392 805 392
832 392 822 392
782 400 782 392
782 392 783 392
783 381 783 365
788 392 783 392
783 392 783 381
837 426 837 418
837 418 832 418
847 426 837 426
832 418 832 392
744 364 744 331
744 331 744 305
901 217 901 267
901 267 896 267
865 252 853 252
896 267 881 267
881 274 881 267
881 280 881 274
933 217 901 217
985 228 985 219
985 230 985 228
985 243 985 230
985 249 985 243
985 219 985 217
985 217 933 217
881 282 881 280
882 354 882 305
882 305 881 305
909 365 902 365
886 365 882 365
882 365 882 354
938 323 938 328
956 323 938 323
961 323 956 323
970 323 961 323
983 323 970 323
938 328 938 341
938 341 928 341
928 341 928 349
928 349 928 365
928 395 928 365
953 403 945 403
976 403 953 403
989 378 989 382
989 382 980 382
980 382 980 395
980 395 979 395
979 395 979 403
979 403 976 403
945 403 928 403
928 403 928 395
902 365 886 365
928 365 909 365
881 305 881 282
881 267 881 252
881 252 865 252
831 225 840 225
622 209 609 209
41 455 41 457
41 457 41 458
41 458 55 458
37 457 41 457
24 457 37 457
55 458 55 475
55 475 78 475
78 475 106 475
92 520 81 520
81 520 81 525
81 525 73 525
73 525 73 531
73 531 66 531
66 531 24 531
14 531 24 531
2 531 14 531
24 494 24 457
24 531 24 494
106 475 149 475
149 475 149 479
149 479 159 479
159 497 159 500
159 500 159 501
159 501 184 501
184 501 184 512
184 512 184 519
184 519 184 525
184 525 184 536
184 536 168 536
168 536 168 554
159 486 159 497
159 479 159 486
11 591 11 607
11 607 11 638
40 638 40 640
40 640 46 640
17 638 40 638
78 566 78 577
78 577 78 586
78 586 78 587
78 587 114 587
114 587 114 597
114 597 114 606
107 606 107 618
107 618 99 618
114 606 107 606
46 640 46 650
46 650 66 650
83 650 66 650
99 618 99 622
99 622 91 622
91 637 91 641
104 641 91 641
91 641 91 650
66 650 66 670
91 650 83 650
91 622 91 637
11 638 17 638
168 554 168 603
158 622 158 641
158 641 136 641
176 636 176 648
136 641 104 641
176 648 171 648
171 648 161 648
161 657 161 648
158 618 158 622
161 648 161 641
161 641 158 641
168 603 168 618
168 618 158 618
66 689 66 697
66 697 66 715
66 715 66 727
66 727 48 727
48 727 48 730
48 730 42 730
42 730 37 730
37 730 37 741
42 770 42 786
37 741 37 770
42 786 42 791
42 791 51 791
51 820 51 821
105 821 105 822
105 822 123 822
76 821 91 821
51 821 76 821
49 827 49 821
49 821 51 821
27 827 49 827
51 791 51 820
37 770 42 770
140 705 140 725
151 725 151 735
151 735 162 735
140 725 151 725
176 716 190 716
174 716 176 716
175 752 175 744
190 716 190 709
190 709 200 709
162 735 174 735
174 735 174 716
175 744 175 735
175 735 174 735
123 822 123 823
123 823 126 823
145 822 145 800
145 800 175 800
140 823 140 822
140 822 145 822
136 823 140 823
126 823 136 823
175 800 175 752
91 821 105 821
66 670 66 689
296 477 296 478
296 478 301 478
265 477 296 477
322 478 322 475
322 475 325 475
301 491 301 478
327 432 327 439
325 456 325 439
325 439 327 439
325 475 325 456
247 477 265 477
367 499 367 503
367 503 324 503
301 478 322 478
374 489 374 499
374 499 367 499
312 503 303 503
303 503 303 491
303 491 301 491
260 537 260 558
248 537 260 537
287 558 301 558
260 558 272 558
242 588 260 588
312 540 312 503
272 558 287 558
301 558 312 558
312 558 312 540
312 577 312 558
312 579 312 577
364 590 329 590
312 584 312 579
329 590 312 590
389 565 389 583
389 583 387 583
387 583 387 590
387 590 364 590
312 590 312 584
260 588 260 558
324 503 312 503
233 648 233 663
233 663 233 709
233 709 216 709
216 709 216 725
216 725 216 728
216 728 216 746
313 755 320 755
216 746 216 763
254 765 254 755
254 779 254 765
228 779 254 779
225 779 228 779
254 798 254 779
249 807 249 798
249 798 254 798
249 819 249 807
216 763 216 779
216 779 225 779
311 635 329 635
329 635 329 606
384 647 382 647
382 647 355 647
355 647 354 647
354 647 333 647
354 656 354 647
350 668 350 656
350 656 354 656
350 679 350 668
333 647 333 635
333 635 329 635
337 733 337 735
337 735 338 735
355 735 355 743
355 743 360 743
277 755 309 755
309 755 313 755
320 755 327 755
338 752 338 735
320 797 320 774
320 774 327 774
327 774 327 755
356 702 356 685
380 711 380 702
380 702 356 702
380 718 380 711
380 726 380 718
380 738 380 726
360 743 379 743
338 735 355 735
379 743 379 738
379 738 380 738
379 783 379 775
379 784 379 783
379 775 379 743
327 755 327 752
327 752 338 752
356 685 356 679
356 679 350 679
254 755 277 755
329 606 329 590
200 709 216 709
432 462 464 462
424 462 432 462
424 480 424 462
421 510 421 480
421 480 424 480
464 462 489 462
489 462 509 462
512 460 512 462
512 462 509 462
523 495 509 495
509 470 509 495
509 495 509 505
509 505 491 505
536 499 536 495
536 495 523 495
491 525 491 547
491 505 491 525
509 462 509 470
456 572 456 588
456 588 458 588
458 588 458 601
458 601 458 624
458 624 445 624
423 618 423 624
423 624 445 624
445 624 445 636
423 605 423 618
434 651 431 651
431 651 398 651
431 663 431 651
431 673 431 663
454 673 431 673
426 688 426 673
426 673 431 673
445 636 445 651
445 651 434 651
509 570 494 570
491 547 491 570
491 570 494 570
515 570 509 570
494 577 494 591
494 591 494 601
494 601 496 601
494 624 467 624
516 623 496 623
496 601 496 623
496 623 496 624
496 624 494 624
538 632 517 632
572 632 538 632
573 646 573 632
573 632 572 632
597 651 579 651
573 651 573 646
529 710 529 705
529 705 573 705
573 678 573 651
517 632 517 623
517 623 516 623
467 624 458 624
494 570 494 577
431 759 449 759
449 759 449 762
449 762 449 780
443 780 449 780
449 780 459 780
459 780 459 799
459 799 462 799
425 793 425 780
425 780 443 780
500 799 501 799
503 746 503 737
507 746 503 746
522 746 507 746
562 746 522 746
562 762 562 746
543 787 525 787
525 787 507 787
507 787 507 780
501 799 501 787
501 787 507 787
495 799 500 799
543 811 543 787
543 817 543 811
507 780 507 746
462 799 495 799
503 737 503 710
503 710 529 710
398 651 398 647
398 647 384 647
39 863 39 878
39 878 39 900
39 900 39 901
39 901 36 901
36 901 36 902
71 925 78 925
78 925 90 925
140 840 140 823
124 876 124 869
140 849 140 840
114 869 124 869
90 898 90 872
142 901 142 876
142 876 124 876
36 902 36 925
36 925 71 925
124 869 124 849
124 849 140 849
99 941 99 925
99 925 90 925
124 988 122 988
147 988 124 988
122 988 122 941
122 941 99 941
90 925 90 898
193 858 195 858
195 858 195 862
195 862 195 887
195 887 195 896
195 896 206 896
206 896 206 905
206 905 206 920
275 855 275 862
275 862 275 877
275 877 275 896
275 896 274 896
274 896 262 896
262 896 231 896
231 896 206 896
206 920 206 936
206 936 206 972
206 972 206 977
216 972 206 972
206 977 206 995
290 947 279 947
275 967 275 974
275 974 267 974
234 972 219 972
267 974 252 974
252 974 249 974
249 974 235 974
235 974 235 972
235 972 234 972
219 972 216 972
206 995 154 995
342 858 342 860
342 860 359 860
336 860 342 860
326 860 336 860
359 860 359 875
359 875 359 876
359 876 359 901
318 947 290 947
370 916 359 916
359 916 359 942
359 942 359 947
359 947 346 947
407 914 407 916
407 916 405 916
386 916 370 916
386 927 386 916
384 990 384 927
384 927 386 927
346 947 318 947
359 901 359 916
279 947 279 967
279 967 275 967
154 995 154 988
154 988 147 988
472 884 464 884
456 867 456 884
464 884 456 884
442 891 442 914
442 914 407 914
533 884 512 884
512 884 497 884
495 884 472 884
556 847 556 868
533 868 533 871
548 868 533 868
556 868 548 868
533 871 533 884
497 884 495 884
533 898 533 884
533 900 533 898
533 919 533 900
456 884 456 891
456 891 442 891
517 959 517 949
517 989 517 959
492 989 517 989
545 993 529 993
529 993 517 993
517 993 517 989
517 949 517 919
517 919 533 919
405 916 386 916
90 872 90 869
90 869 114 869
597 478 632 478
632 478 660 478
712 472 712 496
660 478 660 501
660 501 662 501
712 470 712 472
707 501 707 512
732 472 712 472
712 496 712 501
712 501 707 501
751 467 751 472
751 472 747 472
770 467 751 467
775 467 770 467
744 472 732 472
747 472 744 472
747 494 747 472
688 501 707 501
662 501 688 501
636 532 636 535
636 535 619 535
644 532 636 532
619 535 619 568
660 577 672 577
619 568 619 577
619 577 625 577
612 568 619 568
672 577 672 601
707 530 707 540
707 540 696 540
725 553 724 553
696 540 696 553
690 553 690 572
690 572 684 572
684 572 684 577
684 577 672 577
637 577 660 577
724 577 724 553
625 577 637 577
724 553 696 553
672 601 672 604
760 547 760 553
760 553 725 553
775 547 760 547
776 547 775 547
776 555 776 547
788 556 788 555
788 555 776 555
696 553 690 553
707 512 707 530
579 651 573 651
601 659 601 651
601 651 597 651
601 669 601 659
672 604 672 626
672 626 658 626
658 636 658 647
658 647 658 648
658 648 659 648
659 648 659 667
659 667 672 667
672 667 672 692
685 667 672 667
637 707 637 696
637 696 617 696
672 692 672 707
672 707 637 707
617 696 617 669
617 669 601 669
637 711 637 707
635 733 637 733
634 734 634 733
634 733 635 733
629 766 629 734
629 734 634 734
623 766 629 766
629 780 629 766
667 743 667 733
667 733 646 733
671 749 671 743
671 743 667 743
682 757 682 749
682 749 671 749
646 733 637 733
637 733 637 711
746 630 746 663
735 630 746 630
746 684 778 684
832 688 825 688
778 684 780 684
746 663 746 684
825 688 796 688
789 688 789 691
788 712 788 735
788 735 769 735
744 688 744 684
744 684 746 684
724 688 744 688
715 787 710 787
704 776 704 757
704 757 682 757
769 779 769 787
769 787 749 787
769 735 769 779
710 787 710 776
710 776 704 776
658 626 658 636
625 824 625 843
625 843 626 843
626 843 626 859
657 864 668 864
668 864 684 864
684 864 684 838
652 889 652 876
652 876 657 876
652 905 652 889
749 812 749 787
710 828 710 787
684 838 684 828
684 828 710 828
626 859 626 864
626 864 657 864
691 881 691 864
691 864 684 864
700 889 700 881
700 881 691 881
657 876 657 864
763 813 763 812
763 812 749 812
784 835 767 835
767 835 763 835
763 835 763 813
735 787 715 787
664 958 664 951
664 951 652 951
652 951 652 924
652 924 652 905
686 960 686 958
686 958 664 958
744 971 729 971
711 971 703 971
729 971 711 971
703 971 686 971
686 971 686 960
626 951 652 951
749 787 735 787
826 466 826 471
826 471 826 474
826 474 829 474
829 474 829 479
829 479 829 482
869 484 869 486
869 463 869 484
860 484 869 484
829 482 829 484
829 484 860 484
842 516 842 515
842 515 858 515
842 537 842 516
836 537 842 537
807 537 836 537
869 486 886 486
858 515 868 515
886 486 886 502
886 502 908 502
868 536 868 515
878 542 878 536
878 536 868 536
878 549 878 542
908 502 923 502
948 469 948 502
948 502 947 502
923 502 947 502
947 502 947 515
947 515 947 548
947 551 947 557
947 557 947 569
947 569 944 569
944 569 944 574
944 574 944 586
944 586 944 613
944 613 958 613
947 548 947 551
868 515 868 486
868 486 869 486
825 639 825 653
825 653 825 688
796 688 789 688
780 684 780 688
780 688 789 688
906 635 906 643
906 643 906 674
906 674 906 681
906 681 906 683
906 683 867 683
906 691 906 683
958 613 958 625
958 625 958 643
958 643 927 643
981 653 960 653
960 653 960 643
960 643 958 643
985 715 985 697
985 697 968 697
988 719 988 715
988 715 985 715
968 697 968 683
968 683 960 683
927 643 906 643
867 683 867 688
867 688 832 688
835 763 835 782
851 782 856 782
835 782 851 782
835 784 835 782
835 786 835 784
830 787 830 786
830 786 835 786
906 730 906 691
906 739 906 730
900 782 900 760
925 788 918 788
918 788 911 788
911 788 911 782
911 782 900 782
961 788 950 788
911 810 911 802
914 811 914 810
914 810 911 810
882 842 891 842
914 814 914 811
891 842 891 814
891 814 914 814
900 760 900 751
900 751 906 751
994 777 994 780
994 780 965 780
965 780 965 788
965 788 961 788
950 788 925 788
961 796 961 788
954 812 954 796
954 796 961 796
954 825 954 812
911 802 911 788
856 782 900 782
906 751 906 739
872 900 872 931
870 900 872 900
872 931 872 944
872 944 859 944
835 944 859 944
859 949 859 976
879 969 887 969
865 976 877 976
859 976 865 976
887 969 918 969
877 976 877 969
877 969 879 969
859 944 859 949
958 887 952 887
952 876 952 825
952 825 954 825
952 887 952 876
956 895 952 895
952 888 952 887
958 908 958 895
958 895 956 895
958 942 958 917
980 951 958 951
958 951 958 942
946 958 946 951
946 951 958 951
989 961 989 951
989 951 980 951
958 917 958 908
918 969 918 958
918 958 946 958
952 895 952 888
960 683 960 653
789 691 789 712
789 712 788 712
573 705 573 678